Normalizing data...
Randomizing order of the data...
Creating Neural Network (9, 7, 2)
Current weights set to:
0.014011, 0.0591296, 0.0973266, -0.0907285, 0.052324, -0.0890316, 0.0981262, 0.06798, 0.00263985, 0.0514328, 0.0903989, 0.0865352, 0.0518967, -0.0840815, 0.079339, -0.0849422, -0.047496, -0.061333, -0.0122471, 0.00869472, -0.0314859, -0.0606433, 0.0211158, 0.0573351, 0.0111606, -0.058562, -0.062273, 0.000259407, -0.0798761, -0.0467269, 0.0301675, -0.0932981, -0.0532029, -0.0565294, -0.0756584, 0.003708, -0.00432447, -0.0584155, 0.00237739, 0.0325175, 0.0802667, 0.0954894, -0.044438, 0.0146764, -0.0503342, 0.0165624, 0.0736198, 0.00923185, -0.0578906, 0.0441389, -0.0234169, -0.0578967, 0.0216956, -0.039787, -0.00451369, 0.0890622, 0.0546007, -0.0140965, -0.0918882, 0.0933897, 0.0809626, -0.00928068, 0.0361187, 0.0996338, 0.0387494, -0.0539903, 0.00966521, 0.0845576, 0.0958129, -0.0461898, 0.00596026, -0.0333537, 0.0463729, 0.0823115, -0.0321879, -0.0246132, -0.0717399, -0.060802, 0.00854823, 0.0615345, -0.0829157, 0.0142125, -0.0905148, 0.0296243, 0.053563, -0.0780328, -0.0837214, -0.0259072, 0.0603748, -0.023423, -0.0597339, -0.099939, 0.00467238, 0.0289895, -0.0287759,


Starting training using PSO on Breast Cancer Set
Press enter to start the training.

0,197.655,0.953148,125424
1,55.4875,0.972182,124919
2,47.4608,0.967789,125423
3,43.2742,0.967789,125424
4,43.0124,0.967789,125424
5,40.8918,0.970717,125423
6,33.1142,0.972182,125423
7,33.1142,0.972182,126929
8,33.1142,0.972182,125423
9,33.1142,0.972182,125423
10,31.3465,0.97511,125424
11,31.2591,0.976574,127932
12,29.1104,0.976574,125421
13,29.1104,0.976574,125424
14,29.1104,0.976574,127430
15,29.1104,0.976574,125423
16,29.1104,0.976574,125423
17,25.6971,0.980966,125421
18,25.6971,0.980966,129939
19,25.6971,0.980966,125423
20,25.6971,0.980966,126428
21,25.6971,0.980966,124922
22,24.9712,0.980966,124922
23,24.9712,0.980966,124920
24,24.9712,0.980966,124921
25,24.4259,0.980966,125925
26,24.4259,0.980966,125926
27,24.4259,0.980966,126426
28,24.4259,0.980966,125926
29,24.4259,0.980966,125925
30,24.1618,0.980966,125925
31,24.1618,0.980966,126930
32,24.0865,0.980966,125446
33,22.5696,0.980966,128957
34,22.5653,0.98243,124922
35,22.5653,0.98243,127429
36,22.498,0.98243,127428
37,22.498,0.98243,129939
38,21.6301,0.983895,126425
39,21.6301,0.983895,127932
40,21.6301,0.983895,125424
41,20.7782,0.983895,126454
42,20.7782,0.983895,129435
43,20.7782,0.983895,132949
44,19.2886,0.985359,127932
45,19.023,0.985359,125925
46,19.023,0.985359,125925
47,19.023,0.985359,125925
48,18.6891,0.985359,131444
49,18.3536,0.988287,126426
50,17.97,0.986823,126426
51,17.6024,0.988287,131945
52,17.6024,0.988287,134454
53,17.1189,0.988287,134956
54,17.1189,0.988287,126927
55,17.1189,0.988287,127430
56,17.1189,0.988287,128935
57,17.1189,0.988287,126928
58,17.04,0.988287,129938
59,17.04,0.988287,139972
60,16.9736,0.986823,131944
61,16.8299,0.988287,131443
62,16.8299,0.988287,128933
63,16.8299,0.988287,126426
64,16.4795,0.989751,125925
65,16.4795,0.989751,132447
66,16.4795,0.989751,125421
67,16.4795,0.989751,125423
68,16.288,0.988287,125927
69,16.288,0.988287,126428
70,16.0164,0.988287,124922
71,15.9369,0.989751,126426
72,15.9369,0.989751,125927
73,15.9369,0.989751,136990
74,15.8063,0.989751,131440
75,15.7193,0.988287,135959
76,15.7193,0.988287,135457
77,15.6745,0.988287,130439
78,15.6242,0.989751,125425
79,15.5315,0.989751,129435
80,15.5315,0.989751,127931
81,15.4115,0.989751,128433
82,15.4115,0.989751,138468
83,15.365,0.989751,128936
84,15.365,0.989751,129437
85,15.3256,0.989751,127430
86,15.3256,0.989751,126427
87,15.1798,0.989751,130441
88,15.1798,0.989751,140473
89,15.1798,0.989751,138467
90,15.0512,0.989751,137464
91,15.0512,0.989751,129436
92,14.9665,0.989751,126928
93,14.9234,0.989751,127932
94,14.9234,0.989751,127433
95,14.9234,0.989751,131945
96,14.9004,0.989751,125924
97,14.9004,0.989751,125535
98,14.9004,0.989751,126427
99,14.9004,0.989751,127430
100,14.8452,0.989751,140473
101,14.8452,0.989751,129438
102,14.8452,0.989751,132446
103,14.7738,0.989751,127960
104,14.7187,0.989751,126427
105,14.7178,0.989751,127931
106,14.6863,0.989751,137965
107,14.6863,0.989751,132947
108,14.6809,0.989751,128936
109,14.6809,0.989751,129939
110,14.6809,0.989751,129437
111,14.6709,0.989751,131948
112,14.6709,0.989751,128433
113,14.6709,0.989751,126426
114,14.6657,0.989751,125923
115,14.5894,0.989751,127430
116,14.5894,0.989751,131946
117,14.5749,0.989751,127429
118,14.5749,0.989751,127431
119,14.5749,0.989751,125424
120,14.5749,0.989751,128431
121,14.5078,0.989751,126425
122,14.5078,0.989751,126427
123,14.5069,0.989751,125925
124,14.4891,0.989751,125423
125,14.4891,0.989751,125925
126,14.4891,0.989751,126426
127,14.4891,0.989751,127430
128,14.4666,0.989751,126427
129,14.4214,0.989751,128935
130,14.387,0.989751,127430
131,14.3579,0.989751,128936
132,14.3579,0.989751,127430
133,14.349,0.989751,128937
134,14.349,0.989751,128934
135,14.3486,0.989751,129437
136,14.3275,0.989751,127933
137,14.3221,0.989751,127931
138,14.3221,0.989751,125445
139,14.3196,0.989751,125927
140,14.2988,0.989751,128966
141,14.2634,0.989751,130440
142,14.2634,0.989751,126428
143,14.2587,0.989751,128933
144,14.2587,0.989751,129939
145,14.2419,0.989751,127430
146,14.2419,0.989751,125927
147,14.2346,0.989751,125925
148,14.23,0.989751,127430
149,14.23,0.989751,125423
150,14.23,0.989751,127430
151,14.23,0.989751,125924
152,14.23,0.989751,126428
153,14.23,0.989751,127427
154,14.21,0.989751,125424
155,14.1995,0.989751,125423
156,14.1995,0.989751,130440
157,14.1995,0.989751,126425
158,14.1956,0.989751,125923
159,14.1956,0.989751,125423
160,14.1956,0.989751,126929
161,14.1833,0.989751,126929
162,14.1445,0.989751,131444
163,14.1445,0.989751,128937
164,14.1445,0.989751,125926
165,14.1378,0.989751,125922
166,14.1237,0.989751,125423
167,14.0979,0.989751,132448
168,14.0786,0.989751,129462
169,14.0238,0.989751,125421
170,14.0193,0.989751,125423
171,14.0143,0.989751,126426
172,14.0143,0.989751,125425
173,13.9882,0.989751,125922
174,13.9882,0.989751,126426
175,13.9882,0.989751,125422
176,13.9882,0.989751,126929
177,13.9882,0.989751,125923
178,13.9882,0.989751,127431
179,13.9826,0.989751,128433
180,13.9826,0.989751,127429
181,13.9826,0.989751,133454
182,13.9826,0.989751,134955
183,13.9826,0.989751,128433
184,13.9826,0.989751,135959
185,13.9826,0.989751,136460
186,13.9682,0.989751,129940
187,13.9594,0.989751,126927
188,13.9594,0.989751,127931
189,13.9594,0.989751,127932
190,13.9594,0.989751,127430
191,13.9413,0.989751,126929
192,13.9413,0.989751,124922
193,13.9407,0.989751,126928
194,13.9356,0.989751,125926
195,13.9356,0.989751,140470
196,13.9356,0.989751,125924
197,13.9356,0.989751,127431
198,13.9316,0.989751,129436
199,13.9238,0.989751,126427
200,13.9238,0.989751,126931
201,13.9238,0.989751,125924
202,13.9238,0.989751,127431
203,13.9168,0.989751,130941
204,13.9114,0.989751,133450
205,13.9113,0.989751,128463
206,13.9113,0.989751,125925
207,13.9113,0.989751,126426
208,13.9113,0.989751,126928
209,13.8937,0.989751,127430
210,13.887,0.989751,127933
211,13.887,0.989751,125925
212,13.887,0.989751,129436
213,13.8706,0.989751,132951
214,13.8696,0.989751,133452
215,13.8621,0.989751,133449
216,13.8607,0.989751,124918
217,13.8602,0.989751,125925
218,13.8517,0.989751,125924
219,13.8516,0.989751,128434
220,13.8466,0.989751,124922
221,13.8466,0.989751,125924
222,13.8408,0.989751,126427
223,13.8408,0.989751,125423
224,13.8408,0.989751,125925
225,13.8383,0.989751,125924
226,13.8223,0.989751,125423
227,13.8075,0.989751,126425
228,13.8033,0.989751,125926
229,13.8033,0.989751,126428
230,13.791,0.989751,125423
231,13.791,0.989751,126428
232,13.791,0.989751,125462
233,13.7676,0.989751,129438
234,13.7676,0.989751,126425
235,13.7667,0.989751,131944
236,13.7667,0.989751,126931
237,13.7571,0.989751,127932
238,13.7535,0.989751,130441
239,13.7535,0.989751,125421
240,13.7535,0.989751,124919
241,13.7419,0.989751,125425
242,13.7419,0.989751,126927
243,13.7419,0.989751,125925
244,13.7419,0.989751,125424
245,13.7227,0.989751,128433
246,13.7227,0.989751,126928
247,13.7227,0.989751,127431
248,13.7227,0.989751,129439
249,13.7153,0.989751,124938
250,13.7074,0.989751,124921
251,13.7074,0.989751,125926
252,13.7074,0.989751,125923
253,13.7051,0.989751,130942
254,13.6966,0.989751,125423
255,13.696,0.989751,128935
256,13.696,0.989751,127431
257,13.693,0.989751,128934
258,13.6915,0.989751,128935
259,13.6877,0.989751,126929
260,13.6877,0.989751,125423
261,13.6877,0.989751,126926
262,13.6742,0.989751,126422
263,13.6742,0.989751,126426
264,13.6742,0.989751,125925
265,13.6742,0.989751,125425
266,13.674,0.989751,127428
267,13.6665,0.989751,124922
268,13.6582,0.989751,130440
269,13.6497,0.989751,125424
270,13.6466,0.989751,128935
271,13.6404,0.989751,125448
272,13.6404,0.989751,130962
273,13.6385,0.989751,126427
274,13.6335,0.989751,125926
275,13.6315,0.989751,129437
276,13.6281,0.989751,129437
277,13.628,0.989751,127931
278,13.6193,0.989751,125424
279,13.6163,0.989751,127934
280,13.6136,0.989751,125424
281,13.6136,0.989751,125423
282,13.6136,0.989751,127430
283,13.6136,0.989751,125422
284,13.6043,0.989751,125423
285,13.6043,0.989751,125425
286,13.6042,0.989751,125924
287,13.6033,0.989751,126427
288,13.5974,0.989751,126928
289,13.5918,0.989751,126427
290,13.5916,0.989751,126427
291,13.5916,0.989751,127430
292,13.5916,0.989751,125424
293,13.5846,0.989751,132448
294,13.5759,0.989751,125452
295,13.5754,0.989751,130441
296,13.5589,0.989751,125925
297,13.5502,0.989751,124921
298,13.5356,0.989751,125925
299,13.5266,0.989751,128433
300,13.5123,0.989751,125422
301,13.5099,0.989751,126426
302,13.4994,0.989751,131443
303,13.4994,0.989751,127932
304,13.4871,0.989751,125925
305,13.4824,0.989751,125424
306,13.4795,0.989751,125923
307,13.4795,0.989751,126928
308,13.4795,0.989751,131443
309,13.4618,0.989751,126928
310,13.4618,0.989751,125924
311,13.4618,0.989751,125425
312,13.4618,0.989751,126425
313,13.4539,0.989751,130442
314,13.4461,0.989751,126425
315,13.4455,0.989751,126430
316,13.441,0.989751,129437
317,13.4337,0.989751,125423
318,13.4337,0.989751,125423
319,13.4337,0.989751,125423
320,13.4337,0.989751,126929
321,13.4278,0.989751,125044
322,13.4278,0.989751,125423
323,13.4272,0.989751,127931
324,13.426,0.989751,125423
325,13.426,0.989751,125925
326,13.4227,0.989751,125925
327,13.4227,0.989751,126427
328,13.4227,0.989751,126426
329,13.4175,0.989751,125925
330,13.4175,0.989751,125925
331,13.4157,0.989751,129606
332,13.4157,0.989751,125423
333,13.4157,0.989751,128433
334,13.4065,0.989751,125422
335,13.4016,0.989751,125422
336,13.3972,0.989751,125925
337,13.3873,0.989751,125423
338,13.3789,0.989751,126428
339,13.3744,0.989751,125923
340,13.3687,0.989751,125925
341,13.3687,0.989751,125424
342,13.3665,0.989751,128934
343,13.3665,0.989751,127930
344,13.3665,0.989751,127430
345,13.3615,0.989751,125425
346,13.3555,0.989751,124921
347,13.3487,0.989751,124921
348,13.3435,0.989751,126928
349,13.3429,0.989751,125423
350,13.325,0.989751,125423
351,13.325,0.989751,127430
352,13.3182,0.989751,128435
353,13.3142,0.989751,126928
354,13.3139,0.989751,126930
355,13.3131,0.989751,125923
356,13.3108,0.989751,126930
357,13.2917,0.989751,126927
358,13.2917,0.989751,125924
359,13.2917,0.989751,134956
360,13.291,0.989751,127431
361,13.291,0.989751,126927
362,13.2859,0.989751,125927
363,13.2803,0.989751,126927
364,13.2773,0.989751,128936
365,13.2773,0.989751,125924
366,13.2744,0.989751,125925
367,13.2741,0.989751,126928
368,13.2741,0.989751,125925
369,13.2505,0.989751,130942
370,13.2505,0.989751,126426
371,13.2484,0.989751,125925
372,13.2407,0.989751,126426
373,13.2371,0.989751,126929
374,13.2303,0.989751,127929
375,13.2153,0.989751,125425
376,13.2153,0.989751,129435
377,13.2091,0.989751,125925
378,13.2091,0.989751,124920
379,13.2091,0.989751,125928
380,13.2037,0.989751,125423
381,13.1956,0.989751,126426
382,13.1944,0.989751,125424
383,13.1944,0.989751,126426
384,13.1944,0.989751,124923
385,13.1944,0.989751,127428
386,13.1944,0.989751,125424
387,13.1944,0.989751,128434
388,13.1944,0.989751,125925
389,13.188,0.989751,125423
390,13.188,0.989751,125423
391,13.1851,0.989751,124923
392,13.1617,0.989751,130439
393,13.1617,0.989751,125424
394,13.1564,0.989751,125424
395,13.152,0.989751,129437
396,13.1394,0.989751,125925
397,13.1366,0.989751,127933
398,13.1366,0.989751,125716
399,13.1358,0.989751,125925
400,13.1318,0.989751,126427
401,13.1242,0.989751,125924
402,13.1242,0.989751,126928
403,13.1194,0.989751,130441
404,13.1098,0.989751,125423
405,13.1098,0.989751,125420
406,13.1046,0.989751,124922
407,13.1046,0.989751,126428
408,13.1046,0.989751,126926
409,13.1017,0.989751,125424
410,13.1017,0.989751,125927
411,13.1017,0.989751,126082
412,13.1012,0.989751,126425
413,13.0999,0.989751,127931
414,13.0999,0.989751,132949
415,13.0998,0.989751,131945
416,13.0998,0.989751,126427
417,13.0947,0.989751,130943
418,13.0921,0.989751,125923
419,13.0921,0.989751,125923
420,13.0921,0.989751,126427
421,13.0921,0.989751,125925
422,13.0901,0.989751,125925
423,13.0901,0.989751,125924
424,13.0901,0.989751,126930
425,13.0752,0.989751,126425
426,13.0708,0.989751,125925
427,13.0556,0.989751,125425
428,13.0497,0.989751,127430
429,13.0497,0.989751,125925
430,13.0497,0.989751,125422
431,13.0497,0.989751,125925
432,13.0497,0.989751,125925
433,13.049,0.989751,124922
434,13.0446,0.989751,127931
435,13.0422,0.991215,127430
436,13.0422,0.991215,126460
437,13.0391,0.989751,127455
438,13.0391,0.989751,126427
439,13.0391,0.989751,126929
440,13.0377,0.989751,125423
441,13.0341,0.991215,125925
442,13.0238,0.991215,124922
443,13.0204,0.991215,124921
444,13.0194,0.991215,130439
445,13.0074,0.991215,128434
446,13.0073,0.991215,129937
447,13.0073,0.991215,125926
448,13.0073,0.991215,125423
449,13.0028,0.991215,125925
450,12.9692,0.991215,126929
451,12.9692,0.991215,125421
452,12.9255,0.991215,125924
453,12.9255,0.991215,125925
454,12.8671,0.991215,124946
455,12.8671,0.991215,124921
456,12.8024,0.991215,125423
457,12.8024,0.991215,125923
458,12.7645,0.991215,124921
459,12.7645,0.991215,125925
460,12.7611,0.991215,124922
461,12.7369,0.991215,125422
462,12.7369,0.991215,126928
463,12.7369,0.991215,127932
464,12.7284,0.991215,126426
465,12.7284,0.991215,129437
466,12.7284,0.991215,127430
467,12.7284,0.991215,128935
468,12.7232,0.991215,125421
469,12.7083,0.991215,126429
470,12.6562,0.991215,127428
471,12.6536,0.991215,125927
472,12.6536,0.991215,124918
473,12.6344,0.991215,127431
474,12.6344,0.991215,125923
475,12.6344,0.991215,125925
476,12.6272,0.991215,126424
477,12.6138,0.991215,131445
478,12.6084,0.991215,124919
479,12.6084,0.991215,125423
480,12.6084,0.991215,127429
481,12.6059,0.991215,126427
482,12.6059,0.991215,125923
483,12.604,0.991215,126427
484,12.5934,0.991215,125924
485,12.5934,0.991215,128433
486,12.5934,0.991215,128433
487,12.5934,0.991215,125425
488,12.5739,0.991215,127318
489,12.5739,0.991215,126426
490,12.5739,0.991215,125445
491,12.5723,0.991215,125925
492,12.5723,0.991215,127931
493,12.5723,0.991215,125927
494,12.561,0.991215,125421
495,12.5555,0.991215,125924
496,12.5434,0.991215,125424
497,12.5152,0.991215,127446
498,12.5152,0.991215,124922
499,12.498,0.991215,125421
500,12.498,0.991215,127934
501,12.4945,0.991215,125422
502,12.4945,0.991215,126426
503,12.4936,0.991215,126426
504,12.4846,0.991215,125425
505,12.4846,0.991215,126426
506,12.4789,0.991215,125928
507,12.4758,0.991215,126427
508,12.4758,0.991215,126427
509,12.4726,0.991215,124923
510,12.4663,0.991215,127430
511,12.4663,0.991215,125924
512,12.4663,0.991215,125925
513,12.4625,0.991215,127931
514,12.4625,0.991215,125927
515,12.4581,0.991215,125923
516,12.4529,0.991215,125423
517,12.4472,0.991215,125424
518,12.4472,0.991215,125423
519,12.4443,0.991215,126426
520,12.4437,0.991215,124420
521,12.4437,0.991215,127932
522,12.4437,0.991215,126929
523,12.4437,0.991215,126426
524,12.4408,0.991215,126929
525,12.4408,0.991215,124922
526,12.4397,0.991215,126929
527,12.4397,0.991215,126452
528,12.4388,0.991215,126427
529,12.4388,0.991215,125925
530,12.4388,0.991215,128933
531,12.4388,0.991215,124921
532,12.4388,0.991215,126427
533,12.4337,0.991215,125423
534,12.4333,0.991215,126427
535,12.4321,0.991215,125925
536,12.4224,0.991215,125449
537,12.4224,0.991215,125424
538,12.4176,0.991215,126590
539,12.4176,0.991215,125925
540,12.4138,0.991215,126427
541,12.4138,0.991215,125924
542,12.4138,0.991215,124921
543,12.4138,0.991215,125422
544,12.4122,0.991215,125423
545,12.4089,0.991215,124420
546,12.4085,0.991215,132446
547,12.405,0.991215,132447
548,12.4043,0.991215,127430
549,12.4012,0.991215,125423
550,12.4012,0.991215,130439
551,12.4009,0.991215,125923
552,12.4009,0.991215,127428
553,12.4009,0.991215,125424
554,12.4009,0.991215,126427
555,12.4009,0.991215,130466
556,12.397,0.991215,125424
557,12.397,0.991215,126427
558,12.3953,0.991215,136460
559,12.3949,0.991215,125925
560,12.3915,0.991215,125925
561,12.3884,0.991215,125950
562,12.3877,0.991215,125446
563,12.3845,0.991215,127429
564,12.3674,0.991215,124920
565,12.3628,0.991215,125425
566,12.3628,0.991215,125923
567,12.3628,0.991215,126426
568,12.3581,0.991215,125423
569,12.3581,0.991215,127430
570,12.3569,0.991215,125423
571,12.3512,0.991215,125925
572,12.3483,0.991215,125925
573,12.3468,0.991215,125925
574,12.3412,0.991215,126428
575,12.331,0.991215,130941
576,12.3294,0.991215,134956
577,12.3294,0.991215,126427
578,12.3271,0.991215,126426
579,12.3271,0.991215,128935
580,12.3271,0.991215,124922
581,12.3271,0.991215,125423
582,12.3234,0.991215,128934
583,12.3234,0.991215,125425
584,12.3182,0.991215,127428
585,12.3182,0.991215,126426
586,12.3084,0.991215,125925
587,12.3018,0.991215,125424
588,12.2974,0.991215,126955
589,12.2901,0.991215,125425
590,12.2827,0.991215,125922
591,12.2819,0.991215,125925
592,12.2819,0.991215,125924
593,12.272,0.991215,125925
594,12.272,0.991215,125424
595,12.272,0.991215,125924
596,12.2704,0.991215,125925
597,12.2704,0.991215,132446
598,12.2704,0.991215,128935
599,12.2704,0.991215,126427
600,12.2684,0.991215,125926
601,12.2684,0.991215,124944
602,12.2684,0.991215,125424
603,12.262,0.991215,125423
604,12.262,0.991215,127933
605,12.262,0.991215,126929
606,12.262,0.991215,126428
607,12.262,0.991215,125448
608,12.262,0.991215,131443
609,12.2582,0.991215,125423
610,12.2582,0.991215,125925
611,12.2582,0.991215,127430
612,12.2526,0.991215,126427
613,12.2526,0.991215,128433
614,12.2509,0.991215,126426
615,12.2509,0.991215,129938
616,12.2509,0.991215,125423
617,12.2509,0.991215,125926
618,12.2509,0.991215,124921
619,12.2465,0.991215,125424
620,12.2465,0.991215,125423
621,12.2465,0.991215,125925
622,12.2465,0.991215,125925
623,12.2463,0.991215,126427
624,12.2454,0.991215,125925
625,12.2453,0.991215,126428
626,12.2441,0.991215,126926
627,12.2441,0.991215,128936
628,12.2378,0.991215,125422
629,12.2378,0.991215,125423
630,12.2378,0.991215,127932
631,12.2371,0.991215,125925
632,12.2364,0.991215,126429
633,12.2364,0.991215,125423
634,12.228,0.991215,126428
635,12.228,0.991215,126427
636,12.2231,0.991215,126926
637,12.2231,0.991215,125923
638,12.2231,0.991215,125925
639,12.2231,0.991215,126425
640,12.2231,0.991215,125925
641,12.2231,0.991215,128935
642,12.2205,0.991215,124921
643,12.2193,0.991215,127934
644,12.2193,0.991215,126928
645,12.2188,0.991215,125925
646,12.2188,0.991215,126426
647,12.2186,0.991215,126426
648,12.2177,0.991215,125423
649,12.2177,0.991215,124421
650,12.2176,0.991215,125423
651,12.2163,0.991215,125421
652,12.2163,0.991215,125423
653,12.2131,0.991215,126426
654,12.2122,0.991215,124923
655,12.2098,0.991215,125364
656,12.2083,0.991215,125943
657,12.2083,0.991215,125423
658,12.2018,0.991215,125421
659,12.201,0.991215,128434
660,12.201,0.991215,126929
661,12.2007,0.991215,128935
662,12.1978,0.991215,125423
663,12.196,0.991215,124922
664,12.1872,0.991215,124921
665,12.1872,0.991215,124923
666,12.1865,0.991215,125923
667,12.1857,0.991215,125926
668,12.1857,0.991215,125423
669,12.1836,0.991215,126428
670,12.1836,0.991215,126424
671,12.1791,0.991215,126426
672,12.1762,0.991215,125423
673,12.1758,0.991215,124923
674,12.1692,0.991215,125924
675,12.1692,0.991215,126427
676,12.1692,0.991215,127428
677,12.1692,0.991215,125424
678,12.1692,0.991215,125447
679,12.1692,0.991215,124921
680,12.1692,0.991215,124921
681,12.1687,0.991215,124923
682,12.1687,0.991215,126927
683,12.1687,0.991215,124923
684,12.1687,0.991215,125421
685,12.1623,0.991215,124921
686,12.1596,0.991215,125423
687,12.1596,0.991215,125926
688,12.1556,0.991215,125925
689,12.1556,0.991215,127931
690,12.1535,0.991215,125425
691,12.1535,0.991215,124919
692,12.1518,0.991215,125423
693,12.1518,0.991215,124921
694,12.1515,0.991215,127931
695,12.1514,0.991215,124923
696,12.1514,0.991215,124921
697,12.1503,0.991215,127430
698,12.1476,0.991215,124919
699,12.1476,0.991215,128433
700,12.1462,0.991215,125423
701,12.1462,0.991215,125925
702,12.144,0.991215,125423
703,12.144,0.991215,132446
704,12.1437,0.991215,125925
705,12.1437,0.991215,126426
706,12.1437,0.991215,125925
707,12.1425,0.991215,125927
708,12.1422,0.991215,125925
709,12.1422,0.991215,128432
710,12.1422,0.991215,128937
711,12.1417,0.991215,127929
712,12.1403,0.991215,127430
713,12.1384,0.991215,125421
714,12.1373,0.991215,125423
715,12.1372,0.991215,126929
716,12.1372,0.991215,126928
717,12.1372,0.991215,127932
718,12.1354,0.991215,126929
719,12.1347,0.991215,132946
720,12.1347,0.991215,125424
721,12.1345,0.991215,125423
722,12.1339,0.991215,125423
723,12.1338,0.991215,125925
724,12.1338,0.991215,125423
725,12.1333,0.991215,125423
726,12.133,0.991215,124922
727,12.133,0.991215,127430
728,12.1327,0.991215,127430
729,12.1321,0.991215,125424
730,12.1317,0.991215,128934
731,12.125,0.991215,127453
732,12.1229,0.991215,124921
733,12.1229,0.991215,125924
734,12.1152,0.991215,125925
735,12.0972,0.991215,125425
736,12.0812,0.991215,126425
737,12.0749,0.991215,125422
738,12.0749,0.991215,125423
739,12.0508,0.991215,125423
740,12.0508,0.991215,127931
741,12.0508,0.991215,128433
742,12.0364,0.991215,125423
743,12.0364,0.991215,126426
744,12.0162,0.991215,126427
745,12.0122,0.991215,125925
746,12.0122,0.991215,127430
747,12.0096,0.991215,127430
748,12.0096,0.991215,126426
749,12.0077,0.991215,125425
750,12.0077,0.991215,125422
751,12.0077,0.991215,124940
752,12.0077,0.991215,126427
753,12.0077,0.991215,126426
754,12.0077,0.991215,126930
755,11.9979,0.991215,125923
756,11.9876,0.991215,125924
757,11.9876,0.991215,125423
758,11.9804,0.991215,125926
759,11.9804,0.991215,138466
760,11.9804,0.991215,125421
761,11.9703,0.991215,124921
762,11.9703,0.991215,125925
763,11.9703,0.991215,124921
764,11.9703,0.991215,125925
765,11.9681,0.991215,124922
766,11.9681,0.991215,125925
767,11.9681,0.991215,125420
768,11.9669,0.991215,126426
769,11.966,0.991215,134955
770,11.9657,0.991215,126928
771,11.9634,0.991215,128935
772,11.9634,0.991215,131570
773,11.9611,0.991215,125925
774,11.9597,0.991215,125425
775,11.9585,0.991215,125422
776,11.9533,0.991215,125423
777,11.9528,0.991215,125424
778,11.9521,0.991215,127932
779,11.9521,0.991215,127429
780,11.9514,0.991215,125925
781,11.9491,0.991215,125422
782,11.9478,0.991215,126427
783,11.9478,0.991215,129436
784,11.9472,0.991215,126426
785,11.9472,0.991215,125423
786,11.9472,0.991215,125423
787,11.9472,0.991215,125924
788,11.9472,0.991215,126928
789,11.9443,0.991215,125927
790,11.9443,0.991215,125923
791,11.9422,0.991215,124921
792,11.9422,0.991215,127932
793,11.9396,0.991215,124921
794,11.938,0.991215,125925
795,11.938,0.991215,128433
796,11.9372,0.991215,126425
797,11.9352,0.991215,125424
798,11.9339,0.991215,126427
799,11.9278,0.991215,127430
800,11.9269,0.991215,127431
801,11.9222,0.991215,126426
802,11.9222,0.991215,127430
803,11.9222,0.991215,124921
804,11.9212,0.991215,126428
805,11.9212,0.991215,128933
806,11.9212,0.991215,124944
807,11.918,0.991215,127430
808,11.918,0.991215,125926
809,11.918,0.991215,126427
810,11.9159,0.991215,125924
811,11.9159,0.991215,125447
812,11.9153,0.991215,128434
813,11.9096,0.991215,125422
814,11.9076,0.991215,126426
815,11.9075,0.991215,126426
816,11.9071,0.991215,126428
817,11.9055,0.991215,126929
818,11.9035,0.991215,126454
819,11.9035,0.991215,126928
820,11.9035,0.991215,130942
821,11.9034,0.991215,125925
822,11.9034,0.991215,124923
823,11.9034,0.991215,125921
824,11.9005,0.991215,125424
825,11.8995,0.991215,125421
826,11.8945,0.991215,127430
827,11.8945,0.991215,125423
828,11.8899,0.991215,126426
829,11.882,0.991215,125926
830,11.882,0.991215,125947
831,11.8816,0.991215,126929
832,11.8779,0.991215,124921
833,11.8774,0.991215,125422
834,11.8698,0.991215,125424
835,11.8654,0.991215,127431
836,11.8615,0.991215,125927
837,11.8369,0.991215,125924
838,11.8369,0.991215,126979
839,11.8114,0.991215,125422
840,11.8114,0.991215,125425
841,11.8015,0.991215,125421
842,11.7921,0.991215,124922
843,11.7877,0.991215,126427
844,11.7877,0.991215,125924
845,11.7793,0.991215,126426
846,11.7793,0.991215,124921
847,11.7793,0.991215,128936
848,11.7758,0.991215,125923
849,11.7758,0.991215,126427
850,11.7634,0.991215,129940
851,11.7634,0.991215,132949
852,11.7634,0.991215,125421
853,11.7634,0.991215,126929
854,11.7634,0.991215,127932
855,11.7634,0.991215,124922
856,11.7634,0.991215,125925
857,11.7634,0.991215,126929
858,11.7612,0.991215,126927
859,11.758,0.991215,125924
860,11.758,0.991215,125925
861,11.758,0.991215,125425
862,11.7516,0.991215,127428
863,11.7464,0.991215,124921
864,11.7464,0.991215,125425
865,11.7464,0.991215,125925
866,11.7464,0.991215,125924
867,11.7464,0.991215,126426
868,11.7464,0.991215,124921
869,11.7458,0.991215,125421
870,11.7458,0.991215,125925
871,11.7458,0.991215,127930
872,11.7434,0.991215,125425
873,11.7434,0.991215,125423
874,11.7434,0.991215,126426
875,11.7431,0.991215,128937
876,11.7431,0.991215,129457
877,11.7431,0.991215,126929
878,11.7423,0.991215,127428
879,11.7408,0.991215,124922
880,11.7375,0.991215,124920
881,11.7375,0.991215,125924
882,11.7375,0.991215,126424
883,11.7375,0.991215,124922
884,11.7375,0.991215,125924
885,11.7375,0.991215,126928
886,11.7375,0.991215,125946
887,11.7352,0.991215,125925
888,11.7352,0.991215,125924
889,11.7352,0.991215,125423
890,11.7326,0.991215,126425
891,11.7326,0.991215,129938
892,11.7288,0.991215,125925
893,11.7288,0.991215,133450
894,11.7274,0.991215,126426
895,11.7274,0.991215,125925
896,11.7273,0.991215,125423
897,11.7273,0.991215,128435
898,11.7258,0.991215,127955
899,11.724,0.991215,125425
900,11.7228,0.991215,132446
901,11.722,0.991215,125926
902,11.7193,0.991215,126926
903,11.7176,0.991215,125425
904,11.7176,0.991215,128934
905,11.7153,0.991215,124499
906,11.7118,0.991215,125422
907,11.7118,0.991215,125926
908,11.7102,0.991215,125924
909,11.7087,0.991215,125923
910,11.7087,0.991215,125425
911,11.7087,0.991215,125421
912,11.7074,0.991215,125423
913,11.7047,0.991215,125423
914,11.7047,0.991215,124922
915,11.7047,0.991215,124922
916,11.7047,0.991215,124920
917,11.7022,0.991215,124420
918,11.701,0.991215,124923
919,11.6985,0.991215,125423
920,11.6979,0.991215,125923
921,11.6979,0.991215,125925
922,11.6977,0.991215,126928
923,11.6957,0.991215,125925
924,11.6938,0.991215,125925
925,11.6938,0.991215,125924
926,11.6938,0.991215,125424
927,11.6937,0.991215,125425
928,11.6937,0.991215,125421
929,11.693,0.991215,124921
930,11.693,0.991215,125423
931,11.693,0.991215,125424
932,11.693,0.991215,125423
933,11.693,0.991215,124921
934,11.693,0.991215,125423
935,11.6924,0.991215,124420
936,11.6911,0.991215,125423
937,11.6911,0.991215,125925
938,11.6908,0.991215,124923
939,11.6908,0.991215,125422
940,11.6907,0.991215,125422
941,11.6905,0.991215,125424
942,11.6905,0.991215,125423
943,11.69,0.991215,125925
944,11.6895,0.991215,125420
945,11.6893,0.991215,125424
946,11.6893,0.991215,124422
947,11.6892,0.991215,125423
948,11.6892,0.991215,125424
949,11.6892,0.991215,124957
950,11.6892,0.991215,126928
951,11.6892,0.991215,125421
952,11.6892,0.991215,124923
953,11.6891,0.991215,125923
954,11.6891,0.991215,125925
955,11.6891,0.991215,125925
956,11.6891,0.991215,125925
957,11.6891,0.991215,125925
958,11.6879,0.991215,125925
959,11.6879,0.991215,125423
960,11.6879,0.991215,124922
961,11.6864,0.991215,126257
962,11.6864,0.991215,125422
963,11.6864,0.991215,125424
964,11.685,0.991215,125423
965,11.6839,0.991215,125924
966,11.6834,0.991215,124923
967,11.6812,0.991215,125421
968,11.6812,0.991215,125924
969,11.6791,0.991215,125926
970,11.679,0.991215,125421
971,11.6768,0.991215,125925
972,11.6768,0.991215,124922
973,11.6765,0.991215,125423
974,11.6751,0.991215,125424
975,11.674,0.991215,124920
976,11.6731,0.991215,125924
977,11.6731,0.991215,126427
978,11.6722,0.991215,133953
979,11.6722,0.991215,125954
980,11.6673,0.991215,125923
981,11.6673,0.991215,125423
982,11.6671,0.991215,125955
983,11.6669,0.991215,125423
984,11.6658,0.991215,125447
985,11.6656,0.991215,124921
986,11.6656,0.991215,125425
987,11.6643,0.991215,125423
988,11.6641,0.991215,124923
989,11.6641,0.991215,124922
990,11.663,0.991215,124923
991,11.663,0.991215,125422
992,11.6628,0.991215,125425
993,11.6617,0.991215,124922
994,11.6615,0.991215,125423
995,11.6615,0.991215,125924
996,11.6615,0.991215,125423
997,11.6607,0.991215,124921
998,11.6603,0.991215,124922
999,11.6603,0.991215,124922
Done! Press enter to close the program.
