Normalizing data...
Randomizing order of the data...
Creating Neural Network (13, 7, 3)
Current weights set to:
-0.0868099, 0.0999939, 0.0517502, -0.0615711, -0.0827754, -0.0299478, 0.0266701, -0.0365581, 0.0776971, -0.0721122, -0.00167547, 0.0242775, 0.0337626, 0.0459395, 0.0795892, 0.0918455, 0.0442854, -0.0671377, -0.011301, 0.0786615, 0.0698904, -0.0876278, 0.0378338, 0.0983276, -0.0805475, 0.00871303, -0.0983703, -0.0151891, 0.0173315, 0.0700064, -0.0278665, 0.052739, 0.0475143, 0.0607837, 0.00625324, -0.0200964, 0.0309977, 0.0548509, 0.0720878, -0.00665609, 0.0926206, -0.040141, -0.0996826, 0.0401776, 0.0735588, -0.0952879, 0.0469344, -0.0755791, 0.0458174, -0.0788812, -0.0264931, 0.0911252, 0.0849361, 0.0505844, 0.0513596, 0.0389569, -0.0429365, -0.0920286, -0.00429395, 0.0426374, 0.0768609, 0.0330485, -0.063744, -0.0337077, -0.00775475, 0.061034, 0.0302713, 0.0491684, -0.0475997, 0.0436934, 0.0245277, 0.0447737, 0.0152318, -0.0480392, 0.0723258, -0.00513627, 0.0504929, 0.0915159, 0.0118381, 0.0194006, 0.0949034, 0.0624317, 0.0120396, 0.00376904, 0.0154454, -0.00567949, -0.00757164, -0.0354778, -0.0628468, 0.0880001, -0.0770989, -0.0250832, -0.00847499, -0.0048677, 0.00987274, 0.0314371, 0.0419721, 0.0670034, 0.0750237, -0.057445, -0.0575732, 0.00361644, -0.0671438, 0.0210913, -0.0145726, -0.0654897, 0.0733757, 0.0612476, 0.0958678, 0.0624439, 0.0559923, -0.0182775, 0.0267312, -0.0988159, -0.0788751, 0.0160558, -0.0869564, 0.0387494, 0.0255593, 0.0315043, 0.0402448, 0.0572192, 0.00787683, 0.0576891, -0.0167516, -0.0595019, 0.0903012, 0.00622883, -0.0274758, 0.00120548, 0.0229713, 0.0626698, 0.043321, 0.0579089, 0.0772149,


Starting training using GA on Wine Data Set
Press enter to start the training.

0,126.975,0.398876,40136
1,121.207,0.398876,38631
2,121.207,0.398876,38129
3,117.906,0.410112,38631
4,117.107,0.398876,38130
5,115.861,0.522472,38629
6,115.861,0.522472,39132
7,114.842,0.494382,38631
8,112.254,0.47191,40637
9,112.254,0.47191,38632
10,111.642,0.438202,37626
11,110.306,0.61236,39634
12,108.155,0.398876,37626
13,108.138,0.398876,38128
14,106.19,0.719101,38129
15,103.189,0.606742,38130
16,100.383,0.595506,38127
17,100.383,0.595506,38630
18,97.606,0.792135,37627
19,94.3921,0.88764,38128
20,91.6141,0.904494,38129
21,91.6141,0.904494,38130
22,90.9938,0.775281,38629
23,88.9192,0.662921,38127
24,88.9192,0.662921,38630
25,83.2237,0.97191,38630
26,83.2237,0.97191,38631
27,81.2956,0.865169,44150
28,81.2956,0.865169,38631
29,79.393,0.910112,38631
30,78.5752,0.938202,39130
31,76.4066,0.94382,37626
32,73.7564,0.955056,38129
33,70.7175,0.955056,39132
34,67.657,0.949438,37627
35,65.4491,0.910112,37627
36,62.8632,0.926966,37627
37,62.7511,0.960674,38631
38,58.4587,0.938202,41138
39,57.933,0.949438,44149
40,55.7952,0.938202,38130
41,55.7952,0.938202,39129
42,53.9193,0.926966,38632
43,53.3176,0.876404,38127
44,52.5485,0.932584,38129
45,50.0049,0.955056,38631
46,48.3019,0.955056,38630
47,48.3019,0.955056,38128
48,45.5468,0.955056,38630
49,41.6175,0.960674,40137
50,41.3129,0.960674,38127
51,39.4927,0.966292,39133
52,38.1739,0.960674,38128
53,37.0162,0.955056,38630
54,36.2376,0.966292,38129
55,36.2376,0.966292,38629
56,32.9855,0.97191,38129
57,32.9855,0.97191,37627
58,30.1864,0.966292,38629
59,28.8288,0.966292,38628
60,28.8288,0.966292,40638
61,27.1831,0.988764,38131
62,26.5456,0.977528,39132
63,24.6917,0.988764,39132
64,24.6917,0.988764,39634
65,23.8924,0.988764,39130
66,22.1743,0.966292,38129
67,21.5941,0.988764,38631
68,20.1445,0.983146,38128
69,20.1445,0.983146,38128
70,18.551,0.977528,41139
71,18.551,0.977528,38630
72,16.7149,0.988764,39634
73,16.7149,0.988764,38631
74,16.7149,0.988764,41139
75,16.2461,0.97191,37627
76,15.3991,0.988764,40135
77,15.3774,0.977528,38129
78,14.8245,0.988764,38631
79,14.5928,0.983146,38630
80,14.2686,0.994382,39131
81,13.3374,0.988764,38128
82,13.3374,0.988764,39132
83,12.8429,0.977528,38129
84,12.8429,0.977528,44651
85,12.8275,0.97191,38128
86,12.0235,0.994382,38631
87,11.5859,0.988764,38129
88,10.4563,0.988764,38129
89,10.4563,0.988764,38128
90,9.75925,0.994382,38127
91,9.75925,0.994382,37625
92,9.61435,0.988764,38130
93,9.35433,0.988764,38128
94,9.01934,0.994382,38630
95,8.77441,1,38631
96,8.35702,0.988764,42142
97,8.35702,0.988764,52678
98,8.02221,1,50672
99,7.56466,0.994382,50671
100,7.5209,1,42142
101,6.95548,1,39133
102,6.73548,1,38629
103,6.73548,1,38630
104,5.82916,1,38126
105,5.82916,1,38631
106,5.82916,1,38632
107,5.82916,1,39132
108,5.54202,0.994382,38127
109,5.43455,0.994382,38129
110,5.43455,0.994382,37627
111,5.05441,1,39132
112,5.05441,1,41139
113,4.90298,1,38630
114,4.64733,1,40136
115,4.64733,1,42142
116,4.38631,1,44150
117,4.37706,1,38631
118,4.13478,0.994382,42644
119,4.05549,1,38631
120,3.89841,1,38630
121,3.63567,1,38631
122,3.63567,1,40136
123,3.63567,1,44146
124,3.42626,1,38129
125,3.42626,1,40134
126,3.42626,1,39132
127,3.20823,1,38130
128,2.92578,1,39131
129,2.92578,1,38630
130,2.92578,1,38631
131,2.76953,1,40133
132,2.76953,1,38128
133,2.76953,1,41640
134,2.7151,1,39132
135,2.4991,1,43145
136,2.37358,1,39634
137,2.3682,1,40135
138,2.3682,1,38130
139,2.3682,1,42141
140,2.31606,1,39131
141,2.29566,1,38629
142,2.29566,1,37627
143,2.25713,1,38129
144,2.13303,1,37627
145,2.13303,1,39634
146,2.11148,1,38128
147,2.11148,1,41139
148,2.11148,1,39132
149,1.98628,1,39633
150,1.98628,1,38630
151,1.8313,1,38630
152,1.8313,1,39132
153,1.81879,1,37626
154,1.8125,1,38129
155,1.77677,1,38129
156,1.59096,1,37627
157,1.59096,1,37629
158,1.37931,1,39130
159,1.37931,1,39132
160,1.37931,1,38129
161,1.37931,1,40637
162,1.37931,1,39132
163,1.37931,1,39131
164,1.33374,1,38129
165,1.33374,1,44149
166,1.29806,1,38630
167,1.29806,1,38128
168,1.2566,1,38630
169,1.2566,1,38128
170,1.11068,1,38632
171,1.11068,1,38630
172,1.06883,1,38127
173,1.06883,1,38630
174,1.06883,1,38130
175,0.954891,1,37627
176,0.938839,1,38630
177,0.937068,1,38126
178,0.869088,1,38630
179,0.869088,1,39132
180,0.869088,1,37625
181,0.869088,1,38632
182,0.868605,1,38629
183,0.868605,1,40134
184,0.868605,1,37627
185,0.777308,1,38128
186,0.777308,1,37625
187,0.777308,1,43144
188,0.777308,1,38628
189,0.747568,1,38127
190,0.747568,1,38129
191,0.702438,1,38128
192,0.669635,1,38128
193,0.669635,1,39132
194,0.669635,1,39633
195,0.653802,1,38129
196,0.563642,1,43145
197,0.563642,1,37627
198,0.546325,1,37627
199,0.546325,1,38130
200,0.512953,1,41139
201,0.454382,1,38628
202,0.454382,1,38629
203,0.454382,1,47159
204,0.454382,1,38129
205,0.454382,1,39131
206,0.394875,1,38630
207,0.394875,1,38631
208,0.394875,1,38630
209,0.394875,1,37628
210,0.37231,1,38127
211,0.361679,1,39134
212,0.321614,1,38130
213,0.281617,1,39134
214,0.281617,1,37627
215,0.281617,1,38630
216,0.281617,1,38129
217,0.251236,1,38129
218,0.251236,1,38630
219,0.241705,1,38129
220,0.241705,1,37629
221,0.241705,1,38630
222,0.22884,1,38629
223,0.223655,1,37626
224,0.223655,1,39134
225,0.205541,1,38129
226,0.205541,1,38629
227,0.198203,1,38127
228,0.198203,1,39132
229,0.192174,1,39132
230,0.192174,1,39131
231,0.18876,1,39131
232,0.183974,1,38130
233,0.179463,1,38130
234,0.179463,1,38129
235,0.179463,1,39132
236,0.165293,1,37626
237,0.165293,1,39633
238,0.165293,1,38128
239,0.165293,1,39132
240,0.136938,1,37626
241,0.136938,1,38129
242,0.135549,1,38630
243,0.135549,1,37627
244,0.125529,1,38630
245,0.125529,1,38630
246,0.125529,1,38128
247,0.11751,1,38631
248,0.105477,1,45152
249,0.105477,1,38128
250,0.105477,1,37626
251,0.105477,1,38631
252,0.105477,1,38630
253,0.102641,1,38630
254,0.102641,1,38128
255,0.0952985,1,38129
256,0.0952985,1,39133
257,0.0926596,1,39633
258,0.0888798,1,38630
259,0.0804432,1,38129
260,0.0804432,1,38630
261,0.0804432,1,38630
262,0.0804432,1,39634
263,0.0756742,1,38631
264,0.0756742,1,38129
265,0.0718447,1,38127
266,0.0718447,1,38632
267,0.0694555,1,38630
268,0.0694555,1,38630
269,0.0694555,1,38629
270,0.0694555,1,38129
271,0.0694555,1,43145
272,0.0694555,1,39131
273,0.0694555,1,38631
274,0.0694555,1,38130
275,0.0635514,1,37627
276,0.0566776,1,38129
277,0.0526398,1,37627
278,0.0526398,1,38630
279,0.0526398,1,38631
280,0.0520679,1,38128
281,0.0520679,1,37626
282,0.0520679,1,37627
283,0.0475905,1,40636
284,0.0475905,1,38127
285,0.0456448,1,38630
286,0.0434228,1,39132
287,0.0370062,1,41139
288,0.0370062,1,38629
289,0.0370062,1,38630
290,0.0370062,1,39131
291,0.0370062,1,39132
292,0.0370062,1,38130
293,0.0370062,1,37628
294,0.0370062,1,37627
295,0.0370062,1,38130
296,0.0370062,1,45652
297,0.0311069,1,38630
298,0.0269212,1,38130
299,0.0269212,1,37626
300,0.0269212,1,38628
301,0.0269212,1,37627
302,0.0269212,1,39133
303,0.0269212,1,38128
304,0.0269212,1,38128
305,0.0269212,1,39132
306,0.0269212,1,38630
307,0.0269212,1,38630
308,0.0269212,1,37627
309,0.0269212,1,37628
310,0.0269212,1,38630
311,0.0248478,1,38629
312,0.0248478,1,38129
313,0.0248478,1,38630
314,0.0248478,1,43145
315,0.0248478,1,38631
316,0.0248478,1,38128
317,0.0248478,1,37627
318,0.0200617,1,38629
319,0.0200617,1,38129
320,0.0200617,1,38630
321,0.0200617,1,37626
322,0.0200617,1,37627
323,0.0186674,1,38128
324,0.0186674,1,38129
325,0.0186674,1,39634
326,0.0175648,1,38128
327,0.0175648,1,37125
328,0.0175648,1,38129
329,0.0175648,1,38630
330,0.0175648,1,38629
331,0.0173509,1,39132
332,0.0173509,1,38129
333,0.0173509,1,38128
334,0.0173509,1,38129
335,0.0173509,1,38631
336,0.0171468,1,38631
337,0.0157169,1,39132
338,0.0157169,1,38128
339,0.0157169,1,38631
340,0.0157169,1,38629
341,0.0150628,1,38632
342,0.0150628,1,39131
343,0.0139737,1,37627
344,0.0139737,1,39634
345,0.0139737,1,39131
346,0.0134786,1,37627
347,0.0134786,1,38129
348,0.0134786,1,38129
349,0.0134786,1,38128
350,0.0134786,1,38630
351,0.0134786,1,37628
352,0.0134786,1,38129
353,0.0134786,1,44651
354,0.0134786,1,38129
355,0.0134786,1,38129
356,0.0124702,1,38630
357,0.0111884,1,37627
358,0.0111884,1,38630
359,0.00970501,1,38129
360,0.00970501,1,42141
361,0.00970501,1,37627
362,0.00970501,1,38630
363,0.00927463,1,38630
364,0.00927463,1,41139
365,0.00927463,1,40639
366,0.00834505,1,38631
367,0.00834505,1,37628
368,0.00834505,1,38630
369,0.00834505,1,37626
370,0.00834505,1,38129
371,0.00806195,1,39133
372,0.00806195,1,37629
373,0.00806195,1,37625
374,0.00767642,1,38129
375,0.00674317,1,37626
376,0.00674317,1,38631
377,0.00674317,1,37626
378,0.0056532,1,38128
379,0.0056532,1,38129
380,0.0056532,1,39132
381,0.0056532,1,41139
382,0.0056532,1,38631
383,0.0056532,1,38129
384,0.0056532,1,37627
385,0.0056532,1,39634
386,0.0056532,1,38128
387,0.00546818,1,39632
388,0.00508998,1,37627
389,0.00508998,1,38630
390,0.00508998,1,37627
391,0.00508998,1,39132
392,0.00502342,1,37626
393,0.00502342,1,38632
394,0.00443514,1,38126
395,0.00402684,1,40637
396,0.00402684,1,38129
397,0.00331111,1,39135
398,0.00331111,1,39634
399,0.00331111,1,39130
400,0.00331111,1,39634
401,0.00331111,1,39635
402,0.00331111,1,45651
403,0.00331111,1,39634
404,0.00331111,1,40135
405,0.00331111,1,46157
406,0.00331111,1,38130
407,0.00331111,1,40637
408,0.00331111,1,45150
409,0.00331111,1,41139
410,0.00323079,1,41642
411,0.00323079,1,43648
412,0.00323079,1,40635
413,0.00259479,1,41162
414,0.00259479,1,50167
415,0.00259479,1,40637
416,0.00259479,1,39632
417,0.00259479,1,44148
418,0.00259479,1,45154
419,0.00259479,1,38129
420,0.00259479,1,38630
421,0.00259479,1,41139
422,0.00259479,1,41138
423,0.00259479,1,43144
424,0.00259479,1,40135
425,0.00259479,1,39132
426,0.00259479,1,38629
427,0.00259479,1,41138
428,0.00259479,1,39132
429,0.00259479,1,39131
430,0.00259479,1,41139
431,0.00259479,1,43647
432,0.00259479,1,38127
433,0.00259479,1,38632
434,0.00259479,1,38128
435,0.00244893,1,37627
436,0.00220641,1,38631
437,0.00220641,1,38631
438,0.00220641,1,38631
439,0.00220641,1,38129
440,0.00220641,1,38128
441,0.00220641,1,38128
442,0.00219896,1,38630
443,0.00219896,1,39132
444,0.00214416,1,38631
445,0.00214416,1,39635
446,0.00214416,1,40637
447,0.00147,1,40136
448,0.00147,1,38631
449,0.00147,1,38631
450,0.00147,1,40637
451,0.00147,1,42645
452,0.00131286,1,37627
453,0.00131286,1,38631
454,0.00131122,1,38630
455,0.00131122,1,42644
456,0.00131122,1,44149
457,0.00131122,1,41641
458,0.00122175,1,40636
459,0.00122175,1,43647
460,0.00119614,1,43648
461,0.00119614,1,39132
462,0.00119614,1,39633
463,0.00119614,1,46657
464,0.00107228,1,38631
465,0.00107228,1,37627
466,0.00107228,1,45152
467,0.00107228,1,41139
468,0.00107228,1,41138
469,0.00107228,1,47160
470,0.000980609,1,38632
471,0.000980609,1,48163
472,0.000861651,1,38631
473,0.000803781,1,38129
474,0.000803781,1,38131
475,0.000803781,1,38630
476,0.000771423,1,38629
477,0.000771423,1,38630
478,0.000757658,1,43146
479,0.000757658,1,41139
480,0.000757658,1,39133
481,0.000757658,1,41138
482,0.000757658,1,40133
483,0.000746281,1,40637
484,0.000746281,1,55186
485,0.000746281,1,39133
486,0.000746281,1,39132
487,0.00067902,1,45152
488,0.000611974,1,43647
489,0.000611974,1,39132
490,0.000611974,1,39133
491,0.000611974,1,39131
492,0.000611974,1,38130
493,0.000611974,1,38631
494,0.000611974,1,42143
495,0.000611974,1,46155
496,0.000611974,1,39132
497,0.000530143,1,44651
498,0.000530143,1,39634
499,0.000530143,1,39131
500,0.000445795,1,42142
501,0.000445795,1,38128
502,0.000419863,1,39132
503,0.000415443,1,38630
504,0.000415443,1,47660
505,0.000415443,1,41638
506,0.000415443,1,39633
507,0.000374499,1,53179
508,0.000374499,1,45155
509,0.000374499,1,40636
510,0.000374499,1,38632
511,0.000374499,1,43647
512,0.000351384,1,39132
513,0.000351384,1,49166
514,0.000351384,1,49665
515,0.000351384,1,44651
516,0.000334878,1,44653
517,0.000334878,1,46658
518,0.000311211,1,39635
519,0.000311211,1,39131
520,0.000311211,1,42642
521,0.000283473,1,39132
522,0.000283473,1,42142
523,0.00025071,1,38129
524,0.00025071,1,38630
525,0.00025071,1,38129
526,0.00025071,1,41138
527,0.00025071,1,38631
528,0.000241318,1,38130
529,0.000241318,1,44650
530,0.000241318,1,38128
531,0.000216528,1,45152
532,0.000216528,1,38631
533,0.000216528,1,39635
534,0.000216528,1,39576
535,0.000177284,1,42642
536,0.000177284,1,48662
537,0.000169385,1,43644
538,0.000169385,1,50671
539,0.000169385,1,51674
540,0.000169385,1,51674
541,0.000161374,1,47159
542,0.000144385,1,44653
543,0.000144385,1,40135
544,0.000144385,1,38629
545,0.000144385,1,38129
546,0.000144385,1,38630
547,0.000139498,1,41139
548,0.000139498,1,38630
549,0.000139498,1,38628
550,0.000135795,1,39633
551,0.000135795,1,38630
552,0.000135795,1,39131
553,0.000135795,1,37627
554,0.000135795,1,39133
555,0.000135795,1,39132
556,0.00012665,1,38629
557,0.00012665,1,38128
558,0.000114268,1,41141
559,0.000114268,1,40136
560,0.000114268,1,44149
561,0.000101008,1,38631
562,9.21441e-005,1,38128
563,9.21441e-005,1,38630
564,9.21441e-005,1,39131
565,9.21441e-005,1,38630
566,9.21441e-005,1,38630
567,9.21441e-005,1,49167
568,8.84391e-005,1,43144
569,8.84391e-005,1,51674
570,8.84391e-005,1,53681
571,8.54696e-005,1,51172
572,8.16016e-005,1,44651
573,8.16016e-005,1,45653
574,8.16016e-005,1,41138
575,8.16016e-005,1,40135
576,8.02921e-005,1,39634
577,8.02921e-005,1,42143
578,7.70168e-005,1,38128
579,7.70168e-005,1,39132
580,7.70168e-005,1,39633
581,7.5386e-005,1,38629
582,6.83792e-005,1,44149
583,6.83792e-005,1,44651
584,6.83792e-005,1,38127
585,6.83792e-005,1,39132
586,6.83792e-005,1,39132
587,6.83792e-005,1,50167
588,6.83792e-005,1,39135
589,6.83792e-005,1,40638
590,6.81062e-005,1,41739
591,6.81062e-005,1,38127
592,6.81062e-005,1,37627
593,5.63822e-005,1,38630
594,5.63822e-005,1,37627
595,5.63822e-005,1,44651
596,5.63822e-005,1,38128
597,5.63822e-005,1,38630
598,5.63822e-005,1,41639
599,5.63822e-005,1,40638
600,5.63822e-005,1,47660
601,5.2609e-005,1,38630
602,4.50525e-005,1,48164
603,4.50525e-005,1,41638
604,4.50525e-005,1,39635
605,4.38326e-005,1,38629
606,4.03707e-005,1,42643
607,4.03707e-005,1,42142
608,4.03707e-005,1,40136
609,3.67776e-005,1,38128
610,3.67776e-005,1,42644
611,3.67776e-005,1,40637
612,3.61616e-005,1,40135
613,3.61616e-005,1,38631
614,2.5903e-005,1,38129
615,2.5903e-005,1,38630
616,2.51033e-005,1,41639
617,2.51033e-005,1,38129
618,2.51033e-005,1,38631
619,2.51033e-005,1,38128
620,2.07763e-005,1,38128
621,2.07763e-005,1,38130
622,2.05482e-005,1,38666
623,2.05482e-005,1,38128
624,2.05482e-005,1,38628
625,1.91557e-005,1,37626
626,1.91557e-005,1,38129
627,1.91557e-005,1,38631
628,1.72746e-005,1,39634
629,1.65635e-005,1,43648
630,1.46823e-005,1,43645
631,1.46823e-005,1,41640
632,1.42087e-005,1,38128
633,1.29558e-005,1,38631
634,1.25984e-005,1,38631
635,1.22394e-005,1,38632
636,1.22394e-005,1,38628
637,1.22394e-005,1,41139
638,1.06268e-005,1,39131
639,1.06268e-005,1,39134
640,1.06268e-005,1,39132
641,1.05435e-005,1,38128
642,1.05015e-005,1,40133
643,1.03111e-005,1,37625
644,9.28745e-006,1,38631
645,8.04216e-006,1,40638
646,8.04216e-006,1,45654
647,8.04216e-006,1,38129
648,7.96652e-006,1,39132
649,7.96652e-006,1,38631
650,7.96652e-006,1,38129
651,7.96652e-006,1,39634
652,7.96652e-006,1,45152
653,6.64601e-006,1,38631
654,6.64601e-006,1,43145
655,6.64601e-006,1,43146
656,6.64601e-006,1,49165
657,6.64075e-006,1,41640
658,6.64075e-006,1,43145
659,6.64075e-006,1,46657
660,6.64075e-006,1,38630
661,5.42189e-006,1,38631
662,5.42189e-006,1,52677
663,5.42189e-006,1,48664
664,5.32735e-006,1,56191
665,5.32735e-006,1,39634
666,5.32735e-006,1,38128
667,5.28993e-006,1,50168
668,5.28993e-006,1,38630
669,5.02984e-006,1,41139
670,4.87613e-006,1,39633
671,4.8443e-006,1,38629
672,4.8443e-006,1,44149
673,4.8443e-006,1,45153
674,4.8443e-006,1,39635
675,4.8443e-006,1,39631
676,3.71794e-006,1,38153
677,3.71794e-006,1,37645
678,3.71794e-006,1,38129
679,3.55083e-006,1,39633
680,3.55083e-006,1,38129
681,3.55083e-006,1,38630
682,3.33457e-006,1,38128
683,3.19818e-006,1,37627
684,3.05046e-006,1,38630
685,3.02611e-006,1,39132
686,3.02611e-006,1,41139
687,3.02611e-006,1,38629
688,3.02611e-006,1,38129
689,2.67895e-006,1,37627
690,2.67895e-006,1,38631
691,2.67895e-006,1,38630
692,2.67895e-006,1,38630
693,2.67895e-006,1,38629
694,2.67895e-006,1,38630
695,2.67895e-006,1,38129
696,2.67895e-006,1,45153
697,2.6505e-006,1,39132
698,2.6505e-006,1,38148
699,2.6505e-006,1,38630
700,2.6505e-006,1,37626
701,2.57205e-006,1,41641
702,2.57205e-006,1,41642
703,2.57205e-006,1,38629
704,2.42959e-006,1,38129
705,2.42959e-006,1,39133
706,2.42959e-006,1,38129
707,2.42959e-006,1,42643
708,2.42959e-006,1,40135
709,2.42959e-006,1,38630
710,2.42959e-006,1,42143
711,2.42959e-006,1,39130
712,2.42959e-006,1,39634
713,2.42959e-006,1,39130
714,2.42959e-006,1,42644
715,2.42959e-006,1,45152
716,1.88599e-006,1,37627
717,1.88599e-006,1,38128
718,1.88599e-006,1,38128
719,1.68824e-006,1,38129
720,1.68824e-006,1,39633
721,1.68824e-006,1,38129
722,1.68824e-006,1,37627
723,1.68824e-006,1,38630
724,1.68824e-006,1,37627
725,1.68824e-006,1,38630
726,1.54426e-006,1,40637
727,1.54426e-006,1,38632
728,1.50551e-006,1,38631
729,1.50551e-006,1,37649
730,1.50551e-006,1,40135
731,1.50551e-006,1,40134
732,1.50551e-006,1,39132
733,1.50551e-006,1,38128
734,1.28895e-006,1,39132
735,1.28895e-006,1,39634
736,1.28895e-006,1,39130
737,1.28895e-006,1,38630
738,1.28895e-006,1,40638
739,1.13931e-006,1,37627
740,1.13931e-006,1,38631
741,1.13931e-006,1,38128
742,1.13931e-006,1,38129
743,1.13931e-006,1,43145
744,1.13931e-006,1,41640
745,1.13931e-006,1,37627
746,1.13931e-006,1,38630
747,1.13931e-006,1,39132
748,1.13931e-006,1,39132
749,1.13931e-006,1,38630
750,9.98678e-007,1,38632
751,9.98678e-007,1,39131
752,9.98678e-007,1,38630
753,9.98678e-007,1,38129
754,9.98678e-007,1,38629
755,9.98678e-007,1,38630
756,9.98678e-007,1,38154
757,9.98678e-007,1,37628
758,9.98678e-007,1,38630
759,9.98678e-007,1,38129
760,9.78906e-007,1,38631
761,9.42039e-007,1,39132
762,9.42039e-007,1,38127
763,9.42039e-007,1,38129
764,9.42039e-007,1,45654
765,9.42039e-007,1,40136
766,9.42039e-007,1,37627
767,8.95604e-007,1,38129
768,8.95604e-007,1,39132
769,7.89334e-007,1,42140
770,7.89334e-007,1,45202
771,7.73193e-007,1,40135
772,7.73193e-007,1,38128
773,7.73193e-007,1,38130
774,7.73193e-007,1,38630
775,7.73193e-007,1,38630
776,7.73193e-007,1,37626
777,7.63101e-007,1,38128
778,7.12105e-007,1,38161
779,6.47775e-007,1,38631
780,6.28183e-007,1,43147
781,6.28183e-007,1,43146
782,6.28183e-007,1,38629
783,6.28183e-007,1,43645
784,5.98131e-007,1,39131
785,5.81418e-007,1,38631
786,5.62162e-007,1,39634
787,4.0286e-007,1,44651
788,4.0286e-007,1,38129
789,4.0286e-007,1,38128
790,4.0286e-007,1,38129
791,4.0286e-007,1,38129
792,4.0286e-007,1,38631
793,4.0286e-007,1,39130
794,4.0286e-007,1,45152
795,4.0286e-007,1,49167
796,4.0286e-007,1,45152
797,4.0286e-007,1,48162
798,4.0286e-007,1,38630
799,4.0286e-007,1,38130
800,3.85115e-007,1,38127
801,3.85115e-007,1,41138
802,3.85115e-007,1,38630
803,3.77745e-007,1,40135
804,3.77745e-007,1,37627
805,3.56609e-007,1,41638
806,3.56609e-007,1,38630
807,3.56609e-007,1,38128
808,3.56609e-007,1,41138
809,2.81672e-007,1,38128
810,2.81672e-007,1,38630
811,2.80525e-007,1,38130
812,2.55346e-007,1,38630
813,2.53916e-007,1,38178
814,2.19123e-007,1,39132
815,2.19123e-007,1,42643
816,2.19123e-007,1,38127
817,2.19123e-007,1,38630
818,2.19123e-007,1,37627
819,2.19123e-007,1,38127
820,2.19123e-007,1,38128
821,1.99341e-007,1,38631
822,1.99341e-007,1,38631
823,1.69527e-007,1,38630
824,1.5305e-007,1,41138
825,1.5305e-007,1,38129
826,1.5305e-007,1,39130
827,1.45407e-007,1,39633
828,1.45407e-007,1,37626
829,1.22618e-007,1,38630
830,1.22618e-007,1,38630
831,1.22618e-007,1,41139
832,1.22618e-007,1,48162
833,1.22618e-007,1,39131
834,1.22618e-007,1,39132
835,1.22618e-007,1,38128
836,1.10331e-007,1,43648
837,1.10331e-007,1,39633
838,1.10331e-007,1,38129
839,1.10331e-007,1,40135
840,1.10331e-007,1,39132
841,1.10331e-007,1,38129
842,1.10331e-007,1,38630
843,1.10331e-007,1,38129
844,1.10331e-007,1,39131
845,1.02127e-007,1,39132
846,1.02127e-007,1,39633
847,1.02127e-007,1,39133
848,9.45909e-008,1,38128
849,8.70756e-008,1,38130
850,8.70756e-008,1,39132
851,8.70756e-008,1,39132
852,8.70756e-008,1,38129
853,8.70756e-008,1,40135
854,8.41574e-008,1,39635
855,6.88729e-008,1,38631
856,6.88729e-008,1,40135
857,6.88729e-008,1,39634
858,6.88729e-008,1,38630
859,6.88729e-008,1,37627
860,6.88729e-008,1,38630
861,6.88729e-008,1,38128
862,6.65251e-008,1,37627
863,6.65251e-008,1,38129
864,6.65251e-008,1,38129
865,6.65251e-008,1,38130
866,6.65251e-008,1,40637
867,6.42991e-008,1,39634
868,6.06254e-008,1,40634
869,6.06254e-008,1,38631
870,6.06254e-008,1,39634
871,6.06254e-008,1,41640
872,6.06254e-008,1,41138
873,6.06254e-008,1,41139
874,6.06254e-008,1,45152
875,5.25211e-008,1,39132
876,5.25211e-008,1,38631
877,5.25211e-008,1,38630
878,5.25211e-008,1,38128
879,5.17315e-008,1,37627
880,4.52975e-008,1,38630
881,4.52975e-008,1,48665
882,4.40768e-008,1,38631
883,4.40768e-008,1,37629
884,4.32904e-008,1,38629
885,4.32904e-008,1,38129
886,4.32904e-008,1,39633
887,4.32904e-008,1,37628
888,3.51126e-008,1,38127
889,3.4292e-008,1,38128
890,3.4292e-008,1,45654
891,3.19832e-008,1,39132
892,2.88231e-008,1,38629
893,2.88231e-008,1,37627
894,2.88231e-008,1,38128
895,2.88231e-008,1,38630
896,2.46198e-008,1,40637
897,2.46198e-008,1,38129
898,2.46198e-008,1,38154
899,2.46198e-008,1,38126
900,2.46198e-008,1,38630
901,2.43776e-008,1,41139
902,2.43776e-008,1,38128
903,2.34983e-008,1,38630
904,2.34983e-008,1,38128
905,2.34983e-008,1,39634
906,2.34983e-008,1,38664
907,1.99296e-008,1,38630
908,1.99296e-008,1,38630
909,1.99296e-008,1,38129
910,1.99296e-008,1,37627
911,1.99296e-008,1,38129
912,1.79934e-008,1,38129
913,1.79934e-008,1,38693
914,1.79934e-008,1,38154
915,1.79934e-008,1,39133
916,1.79934e-008,1,38130
917,1.73194e-008,1,38631
918,1.6553e-008,1,38146
919,1.6553e-008,1,37627
920,1.6553e-008,1,37629
921,1.24519e-008,1,40637
922,1.24519e-008,1,39132
923,1.24519e-008,1,39633
924,1.24519e-008,1,38128
925,1.24519e-008,1,38128
926,1.24519e-008,1,38129
927,1.24519e-008,1,37627
928,1.11909e-008,1,38128
929,1.11909e-008,1,38630
930,1.11909e-008,1,38630
931,1.11909e-008,1,38630
932,1.01182e-008,1,38629
933,1.01182e-008,1,45153
934,1.01182e-008,1,37627
935,1.01182e-008,1,37628
936,1.01182e-008,1,38130
937,9.22998e-009,1,38128
938,9.22998e-009,1,37627
939,9.22998e-009,1,38131
940,9.22998e-009,1,39131
941,9.22998e-009,1,38630
942,9.22998e-009,1,38131
943,7.4694e-009,1,39632
944,7.4694e-009,1,38629
945,7.4694e-009,1,38631
946,7.4694e-009,1,38629
947,7.4694e-009,1,37628
948,7.2448e-009,1,38631
949,7.2448e-009,1,38631
950,7.2448e-009,1,38629
951,7.2448e-009,1,38129
952,7.2448e-009,1,39634
953,7.10421e-009,1,37627
954,5.52123e-009,1,38630
955,5.52123e-009,1,38128
956,5.52123e-009,1,38631
957,5.52123e-009,1,38631
958,5.39958e-009,1,38129
959,5.39958e-009,1,38631
960,5.39958e-009,1,37626
961,5.39958e-009,1,38129
962,5.39958e-009,1,38129
963,5.39958e-009,1,38629
964,5.39958e-009,1,37626
965,5.28702e-009,1,38630
966,5.28702e-009,1,38129
967,4.73202e-009,1,38131
968,4.73202e-009,1,38127
969,4.62418e-009,1,37627
970,4.14912e-009,1,38130
971,4.14503e-009,1,38130
972,4.14503e-009,1,38628
973,4.14503e-009,1,38129
974,4.14503e-009,1,38631
975,4.14503e-009,1,38129
976,4.14503e-009,1,37625
977,4.14503e-009,1,38128
978,3.96907e-009,1,37652
979,3.96907e-009,1,38652
980,3.96907e-009,1,38651
981,3.87473e-009,1,38631
982,3.87473e-009,1,38128
983,3.45615e-009,1,38129
984,3.45615e-009,1,38630
985,3.32594e-009,1,38129
986,3.05313e-009,1,38629
987,3.05313e-009,1,38129
988,2.26151e-009,1,38129
989,2.2491e-009,1,38630
990,2.19045e-009,1,38129
991,2.19045e-009,1,38127
992,2.07651e-009,1,38630
993,2.07651e-009,1,38128
994,1.96256e-009,1,38162
995,1.80955e-009,1,38630
996,1.80955e-009,1,37627
997,1.62022e-009,1,38128
998,1.62022e-009,1,38630
999,1.62022e-009,1,37626
Done! Press enter to close the program.
