Normalizing data...
Randomizing order of the data...
Creating Neural Network (13, 7, 3)
Current weights set to:
-0.0867306, -0.0376019, 0.0878903, -0.0740837, -0.0309488, 0.065923, -0.097351, 0.0919736, 0.0808161, -0.0222144, -0.00528275, 0.0253517, -0.0257363, 0.0499069, 0.0213843, -0.0848628, 0.0990234, -0.0173009, 0.0333964, 0.0529954, -0.0514145, 0.0903317, 0.00440382, 0.0695791, 0.0759758, 0.0787042, 0.0218604, -0.012949, 0.0613025, -0.0323099, 0.0454024, -0.0312296, -0.0123753, 0.0886898, 0.0391156, -0.0524339, 0.0811884, -0.0111362, -0.0161229, 0.0137303, 0.0723746, -0.0267434, -0.0240028, -0.0559496, -0.0663808, -0.0839656, -0.0815485, -0.0468734, -0.0494369, 0.0721488, 0.0109653, 0.0481552, -0.0174291, -0.0794122, -0.0548692, 0.0685049, 0.069042, -0.0293863, 0.0108921, -0.00868862, 0.0376263, -0.0379803, 0.0205786, -0.0156468, 0.0706656, -0.00913419, 0.0568163, -0.0126011, 0.086053, -0.0081637, -0.0495773, -0.0966491, 0.0888424, -0.0915525, 0.0947569, -0.0195898, -0.0502182, -0.0175268, -0.0974853, 0.0664785, -0.0329325, 0.0936644, -0.088525, -0.0829157, 0.06751, -0.0188086, 0.0452254, 0.0381451, 0.00345164, 0.0779595, 0.0352702, 0.0445967, 0.00164495, -0.0110019, -0.0892941, 0.016422, 0.020249, -0.0546495, -0.0382733, 0.0331584, 0.0704093, 0.0645253, 0.0832026, -0.0318766, -0.0416059, -0.0511582, -0.0954527, -0.0762749, -0.0951781, 0.0529649, 0.0122959, -0.0109958, -0.00298166, -0.0482162, 0.0713004, -0.0993408, -0.0692129, -0.0600452, -0.0487838, 0.0889218, -0.00199896, 0.0943358, 0.0641896, 0.0893368, -0.023954, 0.0305094, 0.020127, 0.00193793, 0.0754997, 0.084814, 0.00586261, -0.0211707, 0.00227363, -0.0471175, -0.00564287,


Starting training using GA on Wine Data Set
Press enter to start the training.

0,125.419,0.269663,38128
1,125.419,0.269663,39132
2,123.973,0.269663,39131
3,120.532,0.331461,38630
4,118.363,0.398876,38630
5,117.017,0.398876,39132
6,114.564,0.679775,38630
7,114.564,0.679775,38630
8,114.161,0.466292,38129
9,112.709,0.5,38630
10,112.51,0.651685,39132
11,111.377,0.539326,38129
12,110.833,0.679775,38129
13,109.828,0.589888,39131
14,106.928,0.601124,39132
15,106.928,0.601124,38630
16,106.928,0.601124,37627
17,105.478,0.438202,38630
18,105.478,0.438202,38128
19,105.119,0.342697,39132
20,103.222,0.651685,37626
21,99.7406,0.910112,39634
22,98.1851,0.595506,38129
23,97.1984,0.938202,38630
24,96.4299,0.691011,39132
25,94.4958,0.747191,38128
26,93.7326,0.573034,39131
27,87.9619,0.870787,38630
28,87.9619,0.870787,39131
29,84.0039,0.764045,39133
30,82.7749,0.882022,37627
31,81.7074,0.797753,41138
32,80.0595,0.797753,40135
33,77.6428,0.921348,38631
34,76.4536,0.837079,38129
35,73.4041,0.955056,42142
36,72.3675,0.949438,38129
37,72.3675,0.949438,38631
38,71.3096,0.921348,39131
39,65.6258,0.960674,38129
40,65.3953,0.938202,38631
41,64.0052,0.921348,40636
42,63.0735,0.960674,38129
43,60.0847,0.88764,38129
44,58.1872,0.842697,38129
45,55.3864,0.898876,37627
46,53.457,0.960674,38127
47,53.457,0.960674,38129
48,50.4133,0.94382,38130
49,47.9526,0.926966,38629
50,47.7328,0.949438,38129
51,44.1779,0.977528,38632
52,42.5964,0.977528,38130
53,42.5964,0.977528,38628
54,42.0117,0.94382,38131
55,40.3472,0.960674,37627
56,39.7465,0.977528,39132
57,37.5414,0.983146,38630
58,37.0123,0.97191,42644
59,37.0123,0.97191,38128
60,34.6187,0.983146,38631
61,33.9932,0.97191,39133
62,33.3778,0.955056,44650
63,31.6488,0.966292,39132
64,31.6488,0.966292,38631
65,30.9135,0.97191,39130
66,30.7504,0.966292,38132
67,29.677,0.977528,39632
68,27.277,0.983146,38128
69,27.277,0.983146,38130
70,26.4416,0.983146,39131
71,26.4416,0.983146,40637
72,26.1295,0.977528,38632
73,24.9764,0.983146,38128
74,24.9764,0.983146,38128
75,23.2157,0.966292,38129
76,23.2157,0.966292,38128
77,23.2046,0.977528,38631
78,22.3516,0.966292,38129
79,22.303,0.983146,38130
80,22.2299,0.983146,37626
81,21.4622,0.977528,38631
82,20.4877,0.966292,38633
83,20.3549,0.977528,38630
84,19.6991,0.977528,41139
85,19.6711,0.994382,37627
86,19.1357,0.977528,37627
87,16.4507,0.977528,45153
88,16.4507,0.977528,38630
89,15.7604,0.988764,38630
90,15.4991,0.983146,39132
91,14.204,0.960674,39633
92,14.204,0.960674,38630
93,13.7746,0.977528,39132
94,13.4226,0.988764,39132
95,12.8798,0.988764,38130
96,12.6021,0.983146,38631
97,11.796,0.983146,38129
98,11.796,0.983146,38631
99,10.8444,0.988764,39133
100,10.8444,0.988764,38126
101,10.4372,0.988764,39634
102,10.1008,0.994382,37627
103,9.83545,0.994382,38129
104,9.73156,0.994382,43648
105,8.98282,1,38129
106,8.98282,1,38129
107,8.025,0.988764,44651
108,7.98392,0.994382,40136
109,7.95333,0.988764,37628
110,7.58038,1,39132
111,7.55199,0.994382,38630
112,7.24457,0.994382,38130
113,7.22531,0.994382,38128
114,6.37326,1,37627
115,6.37326,1,37628
116,6.22002,0.994382,37627
117,6.03985,1,38630
118,5.47862,0.994382,40133
119,5.47862,0.994382,54684
120,5.47862,0.994382,46657
121,5.47862,0.994382,52677
122,5.43814,0.994382,48162
123,5.31127,0.994382,45154
124,5.22514,0.994382,42143
125,4.844,1,37628
126,4.844,1,38631
127,4.844,1,38629
128,4.77958,1,37627
129,4.65262,1,37629
130,4.40559,0.994382,38128
131,4.40559,0.994382,38129
132,4.40559,0.994382,38129
133,4.40559,0.994382,38630
134,4.27121,1,39633
135,3.70478,1,38631
136,3.70478,1,48163
137,3.69579,1,43647
138,3.69579,1,40136
139,3.59115,1,41139
140,3.53166,1,38129
141,3.44772,1,42644
142,3.255,1,38129
143,3.255,1,38631
144,2.7168,1,38130
145,2.7168,1,38632
146,2.59236,1,44649
147,2.59236,1,38630
148,2.57973,1,38129
149,2.57973,1,38129
150,2.54183,0.994382,38632
151,2.08615,1,38127
152,2.08615,1,39634
153,2.08615,1,38130
154,2.08615,1,38129
155,2.08615,1,39131
156,2.08615,1,40637
157,1.94638,1,39132
158,1.94638,1,40638
159,1.94514,1,39634
160,1.81267,1,38632
161,1.81267,1,39130
162,1.77849,1,39633
163,1.75888,1,39634
164,1.75888,1,41139
165,1.75888,1,37627
166,1.69484,1,39132
167,1.69484,1,38129
168,1.57854,1,39132
169,1.57854,1,38630
170,1.48308,1,38129
171,1.48308,1,38630
172,1.40659,1,39132
173,1.33344,1,38630
174,1.24221,1,39132
175,1.21723,1,40637
176,1.21317,1,45152
177,1.21317,1,39633
178,1.13012,1,37627
179,1.13012,1,38129
180,1.12337,1,40637
181,1.10121,1,39131
182,1.10121,1,38630
183,1.08542,1,43145
184,1.02879,1,38129
185,1.02879,1,41640
186,1.02879,1,38129
187,1.02879,1,37627
188,1.02879,1,38128
189,0.981971,1,38630
190,0.981971,1,38129
191,0.981971,1,39132
192,0.973575,1,38129
193,0.92381,1,37628
194,0.831762,1,38129
195,0.820695,1,38630
196,0.820695,1,38129
197,0.820695,1,37629
198,0.72113,1,39132
199,0.72113,1,38630
200,0.646606,1,38128
201,0.646606,1,40135
202,0.646606,1,38632
203,0.646606,1,38630
204,0.646606,1,38630
205,0.646606,1,37626
206,0.646606,1,37627
207,0.646606,1,39633
208,0.646606,1,38632
209,0.646606,1,38130
210,0.61014,1,43648
211,0.54786,1,38629
212,0.532217,1,39634
213,0.493447,1,39131
214,0.493447,1,39634
215,0.493447,1,38129
216,0.491351,1,37628
217,0.491351,1,40635
218,0.490718,1,38631
219,0.474473,1,37626
220,0.454486,1,38630
221,0.44734,1,39634
222,0.438619,1,37628
223,0.438619,1,37628
224,0.419884,1,37626
225,0.414076,1,37627
226,0.407269,1,38129
227,0.390894,1,38129
228,0.390894,1,38630
229,0.365025,1,39634
230,0.365025,1,39132
231,0.365025,1,39633
232,0.34731,1,38130
233,0.340047,1,39132
234,0.32731,1,37629
235,0.32731,1,37629
236,0.301082,1,38631
237,0.294162,1,38129
238,0.294162,1,38630
239,0.281417,1,39132
240,0.275265,1,41139
241,0.257031,1,38631
242,0.251369,1,37627
243,0.233276,1,39134
244,0.233276,1,38130
245,0.233276,1,37627
246,0.218172,1,38128
247,0.196613,1,41141
248,0.196613,1,37627
249,0.176862,1,38631
250,0.176862,1,39132
251,0.176862,1,38129
252,0.174981,1,38630
253,0.174981,1,38631
254,0.173209,1,38631
255,0.171903,1,38129
256,0.171125,1,37627
257,0.171125,1,37630
258,0.146997,1,38627
259,0.146997,1,37627
260,0.146997,1,37627
261,0.146997,1,38128
262,0.146997,1,38631
263,0.146997,1,38128
264,0.146997,1,38129
265,0.146997,1,38128
266,0.12358,1,38630
267,0.12358,1,38631
268,0.12358,1,38628
269,0.112179,1,38629
270,0.112179,1,38630
271,0.112179,1,38128
272,0.110472,1,38631
273,0.108964,1,38128
274,0.108964,1,39633
275,0.107812,1,38631
276,0.107812,1,39132
277,0.106612,1,39132
278,0.106612,1,37627
279,0.106612,1,39134
280,0.106612,1,37627
281,0.106612,1,38129
282,0.102306,1,39133
283,0.0958131,1,38129
284,0.0856927,1,37627
285,0.0820577,1,39133
286,0.0820577,1,38130
287,0.0820577,1,37626
288,0.0820577,1,38631
289,0.0748491,1,38128
290,0.0748491,1,38127
291,0.0738077,1,37627
292,0.0634758,1,42141
293,0.0596602,1,38630
294,0.059311,1,38631
295,0.059311,1,42142
296,0.0580628,1,38630
297,0.0580628,1,38130
298,0.0580628,1,38127
299,0.0580628,1,38129
300,0.0580628,1,38129
301,0.0580628,1,39132
302,0.0580628,1,41140
303,0.0580628,1,38130
304,0.0580628,1,37627
305,0.0580628,1,37626
306,0.0580628,1,39132
307,0.0580628,1,37627
308,0.0518999,1,38128
309,0.0479149,1,39132
310,0.0479149,1,38630
311,0.046867,1,38128
312,0.0455648,1,48163
313,0.0455648,1,39634
314,0.0428313,1,38128
315,0.0428313,1,38630
316,0.0428313,1,39132
317,0.0417743,1,38129
318,0.0417743,1,38631
319,0.0334688,1,38128
320,0.0334688,1,37627
321,0.0334688,1,43147
322,0.0334688,1,38632
323,0.0334688,1,38127
324,0.0334688,1,38631
325,0.0334688,1,39132
326,0.0327268,1,37627
327,0.0296013,1,37627
328,0.0287571,1,38630
329,0.0270646,1,38128
330,0.0253775,1,38129
331,0.0236668,1,37627
332,0.023476,1,38129
333,0.023476,1,38129
334,0.0205069,1,37627
335,0.0181841,1,47160
336,0.0181841,1,38630
337,0.0181841,1,38128
338,0.0181841,1,38631
339,0.0181841,1,38127
340,0.0181841,1,37627
341,0.0159644,1,37627
342,0.0159644,1,38129
343,0.0159644,1,37627
344,0.0159644,1,38128
345,0.0141357,1,38630
346,0.0141357,1,37628
347,0.0141357,1,38129
348,0.0136211,1,38630
349,0.0136211,1,38630
350,0.0136211,1,37628
351,0.0131672,1,37627
352,0.0125217,1,38129
353,0.0125217,1,38129
354,0.0125217,1,38631
355,0.0125217,1,39132
356,0.0110518,1,37627
357,0.0108962,1,38128
358,0.0108962,1,40639
359,0.0107564,1,38631
360,0.0088114,1,45653
361,0.00834733,1,39132
362,0.00834733,1,38129
363,0.00834733,1,38630
364,0.00801872,1,37627
365,0.00801872,1,37627
366,0.00801872,1,38128
367,0.0074921,1,37626
368,0.0074921,1,38630
369,0.0074921,1,38128
370,0.00688934,1,38631
371,0.00688934,1,42142
372,0.00688934,1,38631
373,0.00666856,1,41139
374,0.00666856,1,38631
375,0.00666856,1,38128
376,0.00666856,1,37627
377,0.00666856,1,37627
378,0.00659714,1,39131
379,0.00659714,1,38630
380,0.00632104,1,38128
381,0.00538374,1,37627
382,0.00538374,1,37627
383,0.00538374,1,39131
384,0.00478934,1,39131
385,0.00478934,1,39132
386,0.00478934,1,38630
387,0.00478934,1,38629
388,0.00478934,1,37627
389,0.00478934,1,38630
390,0.00478934,1,38630
391,0.0043671,1,38630
392,0.0043671,1,39132
393,0.0043671,1,38631
394,0.0043671,1,38631
395,0.0043671,1,37625
396,0.0043671,1,37625
397,0.00416732,1,38629
398,0.00416732,1,38631
399,0.00416732,1,38630
400,0.00416732,1,37627
401,0.00416732,1,38129
402,0.00416732,1,38128
403,0.00407052,1,39132
404,0.00407052,1,37626
405,0.00361553,1,37627
406,0.00361553,1,37626
407,0.00340858,1,38630
408,0.0029119,1,39132
409,0.0029119,1,37626
410,0.0029119,1,38631
411,0.0029119,1,38129
412,0.0029119,1,39132
413,0.0029119,1,38632
414,0.00255171,1,37627
415,0.00255171,1,38128
416,0.00240238,1,37629
417,0.00233302,1,39634
418,0.00206598,1,38130
419,0.00206598,1,39130
420,0.00206598,1,39132
421,0.00206598,1,39134
422,0.00206598,1,39130
423,0.00190449,1,39132
424,0.00188566,1,39632
425,0.00188566,1,38630
426,0.00175752,1,39634
427,0.00175752,1,38128
428,0.00175752,1,39132
429,0.00159925,1,39133
430,0.00159925,1,38127
431,0.00159925,1,45152
432,0.00159925,1,41139
433,0.00151907,1,42643
434,0.00151907,1,42644
435,0.00151907,1,38630
436,0.00151907,1,40636
437,0.00151907,1,51194
438,0.00150202,1,42141
439,0.00144047,1,38630
440,0.00125726,1,39132
441,0.00125726,1,45654
442,0.00125726,1,38128
443,0.00125726,1,42142
444,0.00114549,1,40637
445,0.00114549,1,39131
446,0.00114549,1,38632
447,0.00114549,1,39129
448,0.000992975,1,42142
449,0.000992975,1,38129
450,0.000906742,1,38631
451,0.000906742,1,38630
452,0.000840884,1,40636
453,0.000840884,1,40135
454,0.000840884,1,42142
455,0.000840884,1,38630
456,0.000797681,1,50169
457,0.000797681,1,38631
458,0.000797681,1,39130
459,0.000787076,1,38126
460,0.000787076,1,38128
461,0.000777516,1,38630
462,0.000729786,1,38129
463,0.000724579,1,37627
464,0.000724579,1,39132
465,0.000708861,1,40135
466,0.000708861,1,44651
467,0.00068734,1,38629
468,0.000512849,1,38129
469,0.000512849,1,39130
470,0.000512849,1,38629
471,0.000512849,1,40135
472,0.000512849,1,38128
473,0.00047611,1,42143
474,0.00047611,1,39636
475,0.00047611,1,38128
476,0.000467606,1,39633
477,0.000460431,1,40637
478,0.000460431,1,38129
479,0.000383057,1,42646
480,0.000383057,1,39633
481,0.000378403,1,42142
482,0.000378403,1,39133
483,0.000378403,1,38129
484,0.000378403,1,49668
485,0.000378403,1,38630
486,0.000378403,1,38129
487,0.000366975,1,44650
488,0.000359349,1,42645
489,0.000359349,1,39134
490,0.000358522,1,42141
491,0.000331599,1,39634
492,0.000331599,1,43648
493,0.000313231,1,38631
494,0.000313231,1,39635
495,0.000313231,1,42143
496,0.000313231,1,39131
497,0.000313231,1,39133
498,0.000313231,1,39133
499,0.00030024,1,38629
500,0.00030024,1,39131
501,0.00026619,1,43145
502,0.00026619,1,39132
503,0.00026619,1,38631
504,0.000236548,1,46658
505,0.000236548,1,39133
506,0.000236548,1,45654
507,0.000236548,1,46657
508,0.000236548,1,51675
509,0.000236548,1,39633
510,0.000236548,1,39131
511,0.000236548,1,48663
512,0.000236548,1,38629
513,0.000236548,1,38632
514,0.000236548,1,39130
515,0.000236548,1,38128
516,0.000236548,1,41139
517,0.000232893,1,44650
518,0.000212423,1,40636
519,0.000212423,1,43648
520,0.000208513,1,48165
521,0.000164867,1,44149
522,0.000164867,1,38631
523,0.000164867,1,39634
524,0.000164867,1,48664
525,0.000150857,1,39131
526,0.000144035,1,39133
527,0.000144035,1,38632
528,0.000144035,1,39132
529,0.000144035,1,45654
530,0.000144035,1,40135
531,0.000139575,1,43648
532,0.000139575,1,38129
533,0.000139575,1,39635
534,0.000139575,1,39129
535,0.000139575,1,43648
536,0.000139575,1,38630
537,0.000134618,1,39130
538,0.000134618,1,38128
539,0.000126794,1,39133
540,0.000126794,1,38632
541,9.66425e-005,1,38628
542,9.59128e-005,1,37629
543,9.59128e-005,1,39632
544,9.55874e-005,1,38632
545,9.22204e-005,1,39129
546,9.22204e-005,1,39133
547,9.22204e-005,1,38628
548,9.22204e-005,1,39133
549,9.22204e-005,1,39133
550,9.22204e-005,1,39130
551,9.22204e-005,1,38128
552,9.22204e-005,1,38130
553,9.22204e-005,1,45152
554,9.22204e-005,1,39633
555,9.22204e-005,1,38130
556,9.22204e-005,1,39134
557,9.22204e-005,1,39129
558,9.13719e-005,1,38631
559,9.13719e-005,1,42084
560,8.04438e-005,1,40136
561,8.04438e-005,1,45155
562,8.04438e-005,1,49667
563,8.04438e-005,1,42142
564,8.04438e-005,1,48164
565,7.46173e-005,1,52678
566,7.46173e-005,1,46156
567,7.19529e-005,1,39134
568,6.63598e-005,1,45654
569,6.63598e-005,1,38126
570,6.18924e-005,1,38631
571,5.95136e-005,1,44651
572,5.18631e-005,1,39633
573,5.18631e-005,1,47159
574,5.18631e-005,1,37626
575,5.18631e-005,1,38128
576,5.18631e-005,1,40136
577,5.18631e-005,1,39131
578,4.99408e-005,1,39634
579,4.99408e-005,1,37629
580,4.99408e-005,1,37626
581,4.99408e-005,1,38630
582,4.23777e-005,1,38129
583,4.23777e-005,1,38631
584,4.23777e-005,1,39134
585,4.23777e-005,1,39129
586,4.23777e-005,1,44651
587,3.86221e-005,1,38129
588,3.86221e-005,1,45152
589,3.86221e-005,1,46155
590,3.86221e-005,1,37627
591,3.86221e-005,1,39132
592,3.26112e-005,1,43648
593,3.26112e-005,1,43647
594,3.26112e-005,1,40638
595,3.26112e-005,1,49668
596,3.26112e-005,1,46155
597,3.26112e-005,1,46657
598,3.26112e-005,1,46657
599,3.26112e-005,1,44148
600,3.26112e-005,1,42142
601,2.87329e-005,1,38128
602,2.87329e-005,1,38630
603,2.87329e-005,1,39133
604,2.71745e-005,1,39130
605,2.71745e-005,1,41641
606,2.71745e-005,1,38129
607,2.71745e-005,1,40136
608,2.71745e-005,1,42143
609,2.71745e-005,1,38632
610,2.71745e-005,1,49166
611,2.37601e-005,1,49667
612,2.30216e-005,1,49166
613,2.30216e-005,1,38128
614,2.08074e-005,1,39634
615,2.08074e-005,1,41138
616,2.08074e-005,1,37724
617,1.95303e-005,1,38631
618,1.95303e-005,1,38129
619,1.35036e-005,1,38129
620,1.35036e-005,1,39130
621,1.35036e-005,1,39632
622,1.0784e-005,1,38630
623,1.0784e-005,1,38632
624,1.03708e-005,1,42141
625,1.03708e-005,1,46154
626,1.03708e-005,1,41138
627,1.02266e-005,1,38630
628,1.02266e-005,1,38632
629,1.02266e-005,1,39130
630,1.02266e-005,1,44652
631,9.86987e-006,1,41138
632,9.86987e-006,1,41139
633,8.65186e-006,1,40137
634,7.62185e-006,1,38628
635,7.62185e-006,1,38630
636,7.62185e-006,1,40636
637,7.62185e-006,1,38630
638,7.62185e-006,1,39634
639,7.62185e-006,1,38131
640,7.47914e-006,1,38128
641,7.47914e-006,1,38630
642,5.87903e-006,1,38628
643,5.87903e-006,1,37627
644,5.87903e-006,1,39131
645,5.87903e-006,1,38630
646,5.87903e-006,1,38630
647,5.87903e-006,1,38131
648,5.65647e-006,1,37663
649,4.99975e-006,1,37628
650,4.99975e-006,1,38630
651,4.87426e-006,1,38629
652,4.87426e-006,1,45151
653,4.8226e-006,1,38128
654,4.8226e-006,1,38631
655,4.8226e-006,1,39133
656,4.58703e-006,1,39633
657,4.52281e-006,1,39634
658,3.97923e-006,1,46658
659,3.97923e-006,1,37627
660,3.97923e-006,1,38130
661,3.97923e-006,1,38128
662,3.95965e-006,1,39133
663,3.69172e-006,1,39132
664,3.69172e-006,1,39633
665,3.69172e-006,1,42144
666,3.46841e-006,1,38128
667,3.19793e-006,1,37629
668,3.19793e-006,1,37627
669,3.19793e-006,1,37627
670,2.9796e-006,1,38631
671,2.93815e-006,1,38128
672,2.93815e-006,1,38631
673,2.60768e-006,1,38631
674,2.39768e-006,1,38128
675,2.29704e-006,1,42643
676,2.29704e-006,1,42643
677,2.18122e-006,1,41139
678,2.14213e-006,1,38128
679,1.79881e-006,1,40637
680,1.79881e-006,1,45151
681,1.79881e-006,1,46657
682,1.79881e-006,1,49162
683,1.67888e-006,1,41139
684,1.67888e-006,1,47159
685,1.66216e-006,1,47661
686,1.66216e-006,1,38129
687,1.66216e-006,1,44149
688,1.62343e-006,1,42142
689,1.58213e-006,1,51674
690,1.38736e-006,1,52678
691,1.38736e-006,1,40135
692,1.38736e-006,1,39633
693,1.37546e-006,1,48663
694,1.34982e-006,1,38128
695,1.29417e-006,1,38631
696,1.29417e-006,1,38128
697,1.21786e-006,1,39131
698,1.10989e-006,1,40637
699,1.10989e-006,1,40136
700,1.10989e-006,1,44150
701,1.07662e-006,1,40637
702,1.07631e-006,1,42165
703,1.07631e-006,1,38648
704,1.03804e-006,1,41138
705,9.47598e-007,1,40135
706,8.84326e-007,1,38630
707,8.02332e-007,1,38129
708,7.62896e-007,1,40135
709,7.62896e-007,1,38631
710,7.62896e-007,1,46156
711,7.62896e-007,1,45152
712,7.62896e-007,1,38129
713,5.53364e-007,1,38126
714,5.53364e-007,1,38129
715,4.08718e-007,1,38631
716,4.08718e-007,1,38129
717,4.08718e-007,1,40135
718,4.08718e-007,1,39132
719,3.81841e-007,1,38631
720,3.81749e-007,1,38631
721,3.41384e-007,1,37627
722,3.41384e-007,1,38129
723,3.41384e-007,1,39633
724,3.41384e-007,1,38650
725,3.23028e-007,1,38632
726,2.83709e-007,1,37627
727,2.83709e-007,1,42143
728,2.83709e-007,1,38632
729,2.70814e-007,1,42140
730,2.70814e-007,1,37626
731,2.5723e-007,1,46156
732,2.5723e-007,1,38128
733,2.5723e-007,1,38630
734,2.5723e-007,1,37627
735,2.24373e-007,1,41139
736,2.10556e-007,1,37627
737,2.10556e-007,1,38129
738,2.10556e-007,1,41640
739,2.10556e-007,1,38129
740,2.10556e-007,1,46156
741,2.10556e-007,1,39132
742,2.10556e-007,1,39131
743,2.08313e-007,1,38630
744,2.08313e-007,1,39132
745,1.94884e-007,1,37626
746,1.94884e-007,1,41639
747,1.67795e-007,1,38630
748,1.67795e-007,1,37627
749,1.67795e-007,1,38631
750,1.54089e-007,1,37626
751,1.54089e-007,1,38631
752,1.54089e-007,1,45655
753,1.54089e-007,1,38130
754,1.54089e-007,1,37649
755,1.54089e-007,1,39130
756,1.54089e-007,1,39133
757,1.20831e-007,1,39130
758,1.20831e-007,1,38631
759,1.20831e-007,1,38630
760,9.63514e-008,1,39634
761,9.63514e-008,1,38128
762,9.63514e-008,1,37627
763,9.16924e-008,1,38630
764,9.16924e-008,1,42644
765,8.56352e-008,1,38129
766,8.56352e-008,1,39634
767,6.43765e-008,1,39634
768,6.43765e-008,1,38128
769,5.88877e-008,1,39131
770,5.88877e-008,1,39132
771,5.88877e-008,1,37627
772,5.88877e-008,1,48163
773,5.88877e-008,1,37626
774,5.88877e-008,1,38631
775,5.12267e-008,1,38632
776,5.12267e-008,1,38127
777,5.12267e-008,1,38630
778,4.857e-008,1,38129
779,4.857e-008,1,38630
780,4.857e-008,1,37627
781,3.50341e-008,1,38629
782,3.50341e-008,1,38656
783,3.50341e-008,1,38631
784,3.14056e-008,1,38129
785,3.14056e-008,1,38632
786,2.84734e-008,1,38128
787,2.84734e-008,1,37627
788,2.84734e-008,1,39131
789,2.84734e-008,1,39634
790,2.84734e-008,1,39130
791,2.66481e-008,1,38128
792,2.34017e-008,1,38129
793,2.34017e-008,1,38132
794,2.34017e-008,1,37628
795,2.34017e-008,1,38628
796,2.14399e-008,1,37678
797,2.14399e-008,1,38631
798,1.91226e-008,1,39132
799,1.91226e-008,1,38631
800,1.80341e-008,1,40136
801,1.80341e-008,1,38129
802,1.80341e-008,1,38129
803,1.70572e-008,1,38130
804,1.70572e-008,1,37658
805,1.50115e-008,1,37628
806,1.50115e-008,1,44650
807,1.50115e-008,1,42645
808,1.50115e-008,1,39636
809,1.50115e-008,1,45152
810,1.38149e-008,1,38631
811,1.38149e-008,1,44651
812,1.38149e-008,1,38129
813,1.38149e-008,1,37627
814,1.19777e-008,1,40637
815,1.19777e-008,1,38632
816,1.0442e-008,1,39131
817,1.04379e-008,1,41139
818,9.26672e-009,1,38131
819,9.26672e-009,1,41639
820,9.26672e-009,1,42643
821,9.26672e-009,1,40638
822,8.90408e-009,1,40132
823,8.88777e-009,1,40135
824,8.88777e-009,1,38630
825,8.88777e-009,1,42143
826,8.88777e-009,1,37627
827,7.99968e-009,1,38128
828,7.99968e-009,1,38632
829,7.99968e-009,1,38632
830,7.99968e-009,1,39634
831,7.99968e-009,1,38629
832,7.99968e-009,1,39132
833,7.94011e-009,1,40135
834,7.8892e-009,1,38128
835,7.19143e-009,1,37628
836,7.02353e-009,1,39132
837,7.02353e-009,1,39132
838,7.02353e-009,1,38630
839,7.02353e-009,1,37677
840,7.02353e-009,1,38129
841,6.15935e-009,1,38630
842,6.15935e-009,1,38630
843,6.15935e-009,1,38629
844,5.45501e-009,1,37629
845,5.45501e-009,1,37627
846,5.45501e-009,1,37626
847,5.45501e-009,1,38128
848,5.45501e-009,1,38631
849,5.45501e-009,1,39132
850,5.45501e-009,1,38629
851,5.45501e-009,1,38127
852,5.45501e-009,1,38129
853,5.45501e-009,1,37626
854,5.45501e-009,1,38128
855,5.08473e-009,1,38631
856,5.08473e-009,1,38630
857,4.04179e-009,1,39132
858,4.04179e-009,1,41138
859,4.04179e-009,1,37627
860,3.92695e-009,1,37627
861,3.92695e-009,1,38129
862,3.40863e-009,1,44148
863,3.40863e-009,1,39131
864,3.17986e-009,1,56190
865,3.17986e-009,1,41139
866,2.68542e-009,1,39131
867,2.68542e-009,1,37627
868,2.68542e-009,1,37629
869,2.68542e-009,1,38628
870,2.68542e-009,1,38630
871,2.68542e-009,1,38128
872,2.68542e-009,1,40136
873,2.68542e-009,1,38129
874,2.68542e-009,1,38630
875,2.52744e-009,1,38630
876,2.36001e-009,1,38630
877,2.36001e-009,1,37627
878,2.29085e-009,1,38630
879,2.19622e-009,1,38631
880,2.13091e-009,1,41139
881,2.13091e-009,1,38128
882,2.13091e-009,1,38129
883,2.13091e-009,1,46156
884,2.13091e-009,1,38129
885,2.13091e-009,1,39132
886,2.11857e-009,1,38129
887,2.02685e-009,1,38128
888,1.81026e-009,1,39132
889,1.81026e-009,1,38630
890,1.71057e-009,1,46657
891,1.71057e-009,1,38128
892,1.64573e-009,1,38630
893,1.30018e-009,1,39634
894,1.30018e-009,1,40137
895,1.30018e-009,1,42641
896,1.30018e-009,1,40135
897,1.30018e-009,1,38630
898,1.30018e-009,1,38630
899,1.30018e-009,1,39635
900,1.30018e-009,1,38631
901,1.30018e-009,1,39131
902,1.06745e-009,1,40135
903,1.0515e-009,1,38129
904,1.0253e-009,1,38630
905,1.01498e-009,1,38630
906,1.01498e-009,1,39132
907,8.8057e-010,1,41641
908,8.8057e-010,1,37627
909,8.8057e-010,1,39633
910,8.8057e-010,1,37628
911,8.8057e-010,1,38630
912,8.8057e-010,1,45152
913,6.13928e-010,1,38129
914,6.13928e-010,1,38633
915,6.06711e-010,1,39128
916,6.06711e-010,1,38128
917,6.06711e-010,1,38630
918,5.56214e-010,1,38128
919,5.56214e-010,1,37628
920,5.56214e-010,1,37626
921,5.56214e-010,1,40638
922,5.56214e-010,1,39633
923,5.56214e-010,1,37626
924,5.56214e-010,1,40135
925,5.56214e-010,1,38655
926,5.56214e-010,1,38127
927,4.83215e-010,1,40637
928,4.83215e-010,1,38129
929,4.82504e-010,1,38630
930,4.82504e-010,1,39131
931,4.2538e-010,1,38630
932,3.70667e-010,1,38630
933,3.70667e-010,1,40668
934,3.70667e-010,1,39634
935,2.72199e-010,1,39132
936,2.72199e-010,1,38630
937,2.72199e-010,1,38129
938,2.72199e-010,1,38129
939,2.72199e-010,1,38129
940,2.72199e-010,1,37629
941,2.72199e-010,1,37653
942,2.72199e-010,1,38633
943,2.72199e-010,1,38130
944,2.72199e-010,1,38127
945,2.45639e-010,1,38650
946,2.26691e-010,1,38631
947,2.26691e-010,1,37627
948,2.26691e-010,1,38127
949,2.26691e-010,1,37627
950,2.26691e-010,1,40637
951,2.16708e-010,1,37628
952,2.16708e-010,1,37627
953,1.7819e-010,1,38126
954,1.7819e-010,1,38631
955,1.7819e-010,1,39634
956,1.7819e-010,1,38631
957,1.7819e-010,1,38630
958,1.7819e-010,1,38128
959,1.7819e-010,1,39132
960,1.7819e-010,1,38630
961,1.7819e-010,1,38129
962,1.56059e-010,1,38630
963,1.56059e-010,1,37627
964,1.56059e-010,1,38632
965,1.25698e-010,1,37627
966,1.25698e-010,1,38128
967,1.25698e-010,1,38128
968,1.25698e-010,1,39130
969,1.25698e-010,1,37629
970,1.25698e-010,1,39634
971,1.25698e-010,1,38130
972,1.25698e-010,1,38630
973,1.09086e-010,1,37627
974,1.09086e-010,1,39131
975,1.09086e-010,1,39133
976,1.09086e-010,1,38630
977,1.0615e-010,1,39132
978,1.0615e-010,1,38631
979,1.03947e-010,1,38630
980,1.03947e-010,1,37627
981,1.02544e-010,1,37627
982,9.80164e-011,1,37627
983,8.64407e-011,1,38128
984,7.96811e-011,1,37627
985,7.96811e-011,1,39131
986,7.82045e-011,1,37627
987,7.68953e-011,1,39132
988,5.82739e-011,1,38629
989,5.82739e-011,1,38129
990,5.82739e-011,1,38631
991,5.33442e-011,1,39131
992,5.33442e-011,1,39132
993,5.15856e-011,1,37627
994,5.15856e-011,1,37629
995,4.76743e-011,1,38630
996,4.55651e-011,1,39131
997,4.55651e-011,1,37627
998,3.67717e-011,1,38130
999,3.67717e-011,1,38630
Done! Press enter to close the program.
