Normalizing data...
Randomizing order of the data...
Creating Neural Network (13, 7, 3)
Current weights set to:
-0.0867122, 0.0280068, -0.00307932, 0.0727897, 0.0320048, 0.0898862, -0.0783502, 0.0741081, -0.0184118, -0.05974, -0.0061861, 0.0256203, -0.0906186, -0.0491073, -0.0431684, 0.0209632, 0.0627064, 0.0951598, 0.0445723, -0.00342723, 0.0182653, -0.015183, 0.0960509, -0.0876095, -0.0348979, -0.0538011, -0.0480819, 0.0876156, -0.0777093, 0.092114, 0.0637196, 0.0977844, 0.0726554, 0.0456648, -0.0526658, -0.0605152, 0.0937376, 0.0723685, 0.0118259, 0.0688284, 0.0673086, 0.0766106, -0.00508133, 0.0200232, 0.0486435, 0.0188696, -0.0636647, 0.0103061, 0.076751, 0.00990326, -0.0796686, 0.0374126, -0.0930235, 0.0380963, -0.0814264, 0.0758904, 0.0470382, -0.0137242, -0.035313, 0.0784783, -0.0221839, 0.0942625, -0.00834071, -0.0111301, -0.0597339, -0.0766778, -0.036552, 0.0719596, -0.0305399, -0.021128, 0.031901, -0.0319987, -0.0427595, 0.0475753, -0.0496384, -0.0232032, 0.0246071, 0.00520951, 0.0751885, -0.0217566, -0.01489, -0.0485336, -0.0136631, 0.0954222, -0.01948, 0.0279153, 0.0584277, -0.0934507, 0.0700308, -0.0245521, 0.013358, -0.0879879, 0.0541734, -0.0125401, -0.0140843, 0.0626698, -0.0851802, -0.0850642, -0.0665944, 0.0558031, -0.0475997, -0.020249, -0.0792169, 0.00487991, 0.00163274, 0.0524277, -0.0876583, -0.0106479, 0.00707114, 0.0505966, 0.00137028, 0.0908322, -0.0604114, -0.0855708, -0.0911618, 0.0218177, -0.0647816, -0.0847407, 0.082635, -0.046733, 0.0374432, -0.0463912, 0.0282632, 0.0472518, 0.024247, 0.00301218, 0.00257881, -0.0991333, -0.0987609, -0.0442854, -0.098413, 0.00787072, -0.0579882, 0.0266274, 0.0736442,


Starting training using GA on Wine Data Set
Press enter to start the training.

0,126.544,0.275281,40637
1,124.655,0.331461,38632
2,122.911,0.280899,38129
3,120.945,0.331461,37627
4,120.446,0.308989,38629
5,118.411,0.398876,37627
6,116.554,0.398876,38130
7,115.87,0.337079,38631
8,114.868,0.629213,38127
9,113.728,0.393258,37628
10,113.431,0.382022,37627
11,112.386,0.398876,38630
12,112.386,0.398876,37627
13,112.116,0.488764,38631
14,109.06,0.483146,37627
15,106.445,0.488764,37627
16,105.231,0.421348,38128
17,104.543,0.449438,40637
18,101.611,0.898876,38129
19,100.143,0.870787,38129
20,97.8121,0.853933,38128
21,94.7434,0.769663,38630
22,94.7434,0.769663,38631
23,91.6469,0.814607,38128
24,91.6469,0.814607,37627
25,91.6469,0.814607,38128
26,89.0696,0.88764,39634
27,87.7277,0.882022,37627
28,85.3793,0.882022,38630
29,84.5295,0.797753,38128
30,83.2938,0.876404,38128
31,82.8871,0.825843,37626
32,81.8184,0.674157,39634
33,77.7493,0.926966,38129
34,75.5459,0.865169,38631
35,73.8268,0.921348,38630
36,73.8268,0.921348,37626
37,70.7811,0.926966,37627
38,70.5532,0.859551,38630
39,68.4297,0.932584,38631
40,68.4297,0.932584,38129
41,66.8714,0.932584,38630
42,62.9113,0.949438,38129
43,62.9113,0.949438,38128
44,62.9113,0.949438,42646
45,62.1279,0.91573,38630
46,61.0768,0.932584,38128
47,58.4843,0.94382,39133
48,58.4843,0.94382,39132
49,58.1695,0.955056,40135
50,55.3069,0.94382,38128
51,54.7297,0.949438,38630
52,52.6005,0.94382,37627
53,49.0655,0.960674,38630
54,48.8523,0.955056,38630
55,47.4364,0.966292,38632
56,46.1287,0.966292,37628
57,44.6511,0.97191,38630
58,42.3104,0.97191,38630
59,42.011,0.960674,37627
60,38.6416,0.966292,40136
61,38.6416,0.966292,38130
62,38.2233,0.994382,38129
63,36.9374,0.966292,37626
64,35.8662,0.97191,38630
65,35.0549,0.977528,38630
66,33.9512,0.977528,38130
67,33.3766,0.977528,39132
68,30.348,0.97191,38631
69,27.7952,0.977528,38632
70,27.7952,0.977528,40637
71,25.1139,0.988764,37624
72,24.6755,0.988764,38632
73,24.1159,0.983146,39129
74,24.1159,0.983146,39133
75,23.8091,0.983146,38128
76,23.8091,0.983146,39635
77,23.1744,0.988764,38630
78,22.7129,0.983146,41641
79,22.2604,0.983146,47660
80,21.4521,0.994382,40135
81,20.5204,0.994382,38632
82,20.5204,0.994382,38127
83,19.987,0.988764,38130
84,19.4532,0.988764,38127
85,18.0102,0.988764,41641
86,18.0102,0.988764,38130
87,17.4832,1,38631
88,16.6221,1,39130
89,16.0073,0.994382,38129
90,16.0073,0.994382,37628
91,14.6605,0.994382,38628
92,14.6605,0.994382,38129
93,14.6605,0.994382,37627
94,13.4843,0.994382,38128
95,13.4843,0.994382,38129
96,13.4843,0.994382,39133
97,13.4843,0.994382,38129
98,13.4843,0.994382,42143
99,12.8389,0.988764,38631
100,12.6491,0.994382,38126
101,12.2595,1,38631
102,12.0652,0.994382,39634
103,11.644,0.994382,38632
104,11.227,1,38629
105,10.1634,0.994382,39635
106,9.32083,0.988764,39632
107,9.22559,0.994382,38129
108,8.91493,1,42645
109,8.12585,1,38128
110,7.58831,0.994382,38630
111,7.5394,0.994382,39634
112,7.5394,0.994382,41139
113,7.29937,0.988764,40136
114,7.03263,1,38129
115,6.90101,1,40135
116,6.81403,0.994382,38127
117,6.50218,1,38129
118,6.3885,1,38128
119,6.37431,0.994382,38129
120,5.80579,1,38630
121,5.80579,1,38631
122,5.56301,1,43647
123,5.56301,1,38129
124,4.99228,1,41138
125,4.83772,0.994382,38631
126,4.83772,0.994382,39134
127,4.83772,0.994382,38129
128,4.65426,0.994382,38128
129,4.48125,1,38631
130,4.43028,1,38128
131,4.37545,0.994382,41139
132,4.24533,0.994382,38630
133,3.8974,1,38129
134,3.74649,1,38129
135,3.74649,1,39131
136,3.62361,1,39632
137,3.47063,1,42142
138,3.14951,1,52678
139,3.14951,1,43648
140,3.14951,1,48664
141,3.06149,1,43147
142,3.03181,1,38130
143,2.70327,1,38630
144,2.63937,1,38629
145,2.63438,1,39634
146,2.61172,1,38129
147,2.58686,1,38130
148,2.58686,1,38128
149,2.52526,1,38128
150,2.39825,1,39132
151,2.34852,1,37627
152,2.34852,1,39634
153,2.25493,1,39133
154,2.07882,1,45653
155,2.05649,1,46657
156,2.05649,1,52176
157,1.94081,1,38631
158,1.88922,1,38630
159,1.71685,1,38129
160,1.65286,1,38631
161,1.58682,1,39132
162,1.58682,1,38129
163,1.58682,1,38631
164,1.44754,1,44649
165,1.44754,1,38129
166,1.44754,1,38128
167,1.23785,1,38129
168,1.23785,1,38632
169,1.23785,1,38630
170,1.23785,1,38129
171,1.23785,1,38129
172,1.16669,1,38629
173,1.12135,1,38129
174,1.03607,1,38630
175,1.03607,1,39131
176,0.937482,1,43646
177,0.834762,1,44650
178,0.834762,1,40135
179,0.834762,1,39634
180,0.745892,1,38630
181,0.745892,1,38128
182,0.742379,1,40637
183,0.742379,1,38629
184,0.742379,1,39634
185,0.675891,1,38129
186,0.675891,1,38630
187,0.636279,1,39133
188,0.636279,1,40636
189,0.620375,1,39633
190,0.605313,1,38130
191,0.555269,1,40135
192,0.555269,1,38128
193,0.50976,1,38129
194,0.437322,1,38631
195,0.437322,1,38630
196,0.437322,1,40637
197,0.39296,1,37627
198,0.39296,1,38128
199,0.39296,1,43144
200,0.39296,1,38129
201,0.39296,1,41641
202,0.388901,1,38129
203,0.379165,1,38127
204,0.367774,1,37627
205,0.367774,1,39634
206,0.367553,1,44150
207,0.347167,1,40637
208,0.323071,1,38128
209,0.323071,1,37627
210,0.323071,1,38130
211,0.313552,1,38129
212,0.313552,1,38628
213,0.286868,1,38631
214,0.286868,1,38631
215,0.279522,1,41138
216,0.279522,1,38632
217,0.279522,1,40637
218,0.279522,1,38130
219,0.279522,1,38129
220,0.269995,1,38631
221,0.269995,1,37627
222,0.269995,1,38630
223,0.269995,1,41138
224,0.269995,1,38628
225,0.250356,1,39634
226,0.250356,1,41140
227,0.222987,1,38126
228,0.222987,1,44150
229,0.222987,1,38629
230,0.222987,1,38129
231,0.222987,1,38631
232,0.222987,1,37627
233,0.222987,1,37628
234,0.208899,1,38128
235,0.208837,1,38630
236,0.208578,1,38128
237,0.205919,1,38128
238,0.183582,1,38129
239,0.183582,1,38130
240,0.154584,1,38129
241,0.154584,1,38128
242,0.154584,1,37627
243,0.154584,1,39133
244,0.154584,1,38630
245,0.131534,1,37626
246,0.131534,1,39634
247,0.131534,1,39132
248,0.131534,1,39633
249,0.131534,1,39635
250,0.131534,1,39130
251,0.125262,1,38130
252,0.125262,1,39131
253,0.125262,1,38630
254,0.125262,1,38129
255,0.114519,1,38131
256,0.114519,1,38127
257,0.113954,1,38128
258,0.113271,1,41139
259,0.0983788,1,38631
260,0.0983788,1,38129
261,0.0983788,1,38632
262,0.0983788,1,38128
263,0.0854199,1,38629
264,0.0854199,1,38631
265,0.0854199,1,37629
266,0.0821564,1,38128
267,0.0821564,1,38128
268,0.0821564,1,38631
269,0.0745382,1,38630
270,0.0745382,1,38128
271,0.0745382,1,37627
272,0.0729091,1,38630
273,0.0729091,1,38630
274,0.0687479,1,38631
275,0.0687479,1,38629
276,0.066061,1,39634
277,0.066061,1,38631
278,0.0658372,1,38129
279,0.0604806,1,37627
280,0.0604806,1,38128
281,0.0604806,1,38630
282,0.0604806,1,38129
283,0.0593852,1,39133
284,0.0580126,1,39131
285,0.0569713,1,39132
286,0.0569713,1,37626
287,0.0531873,1,38630
288,0.0531873,1,38128
289,0.051179,1,38630
290,0.0511597,1,38630
291,0.0511597,1,38630
292,0.0470695,1,38128
293,0.0470695,1,40637
294,0.0470695,1,37627
295,0.0457305,1,37627
296,0.0442817,1,38130
297,0.0389417,1,38127
298,0.0389417,1,39132
299,0.03837,1,38129
300,0.0351425,1,38630
301,0.0339024,1,38128
302,0.0307975,1,38129
303,0.0307975,1,38631
304,0.0307685,1,38130
305,0.0307685,1,38630
306,0.0284603,1,38129
307,0.0284603,1,38129
308,0.0284603,1,39132
309,0.0250911,1,38128
310,0.0250911,1,39633
311,0.0250911,1,37627
312,0.0250911,1,37626
313,0.0250911,1,38631
314,0.0220319,1,38129
315,0.0220319,1,39634
316,0.0220319,1,38128
317,0.0215158,1,37627
318,0.0212933,1,38630
319,0.0212933,1,41640
320,0.0212933,1,38131
321,0.0212933,1,38129
322,0.0176085,1,38129
323,0.0176085,1,39635
324,0.0176085,1,40635
325,0.0176085,1,39132
326,0.0176085,1,38628
327,0.014726,1,38129
328,0.014726,1,38128
329,0.014726,1,38631
330,0.014726,1,38128
331,0.014726,1,38129
332,0.014726,1,41640
333,0.014726,1,38129
334,0.014726,1,38129
335,0.014726,1,39635
336,0.014726,1,37630
337,0.014726,1,39632
338,0.0125265,1,40638
339,0.0125265,1,39635
340,0.0125265,1,38128
341,0.0125265,1,38126
342,0.0125265,1,38631
343,0.0125265,1,39132
344,0.0125265,1,39132
345,0.0125265,1,37626
346,0.0125265,1,38128
347,0.0125265,1,38129
348,0.0125265,1,38631
349,0.0125265,1,38630
350,0.0125265,1,37628
351,0.0111759,1,39134
352,0.0111759,1,38628
353,0.0111759,1,37627
354,0.0111759,1,42143
355,0.0101295,1,38630
356,0.00960202,1,37626
357,0.00960202,1,38632
358,0.00826569,1,38631
359,0.00826569,1,38629
360,0.00826569,1,38630
361,0.00712083,1,38128
362,0.00712083,1,39132
363,0.00712083,1,38630
364,0.00637921,1,38631
365,0.00637921,1,46156
366,0.00637921,1,38129
367,0.00581125,1,39132
368,0.00581125,1,38128
369,0.00581125,1,38128
370,0.00558635,1,38129
371,0.00558635,1,37627
372,0.00552461,1,38631
373,0.0050904,1,38631
374,0.0050904,1,38632
375,0.0050904,1,38632
376,0.00485964,1,38628
377,0.00460229,1,38630
378,0.00446761,1,38631
379,0.0041679,1,44651
380,0.0041679,1,39132
381,0.0041679,1,37627
382,0.00409442,1,38129
383,0.00340183,1,38630
384,0.00340183,1,38129
385,0.00340183,1,38129
386,0.00340183,1,37627
387,0.00340183,1,38631
388,0.00340183,1,38630
389,0.00321298,1,39133
390,0.00321298,1,40637
391,0.00321298,1,38630
392,0.00289065,1,38130
393,0.00289065,1,39634
394,0.00287977,1,38128
395,0.00269652,1,39634
396,0.00269652,1,39132
397,0.00268298,1,37627
398,0.00229278,1,38128
399,0.00220619,1,39132
400,0.00220619,1,38128
401,0.00219514,1,38630
402,0.00219514,1,38630
403,0.00215707,1,38631
404,0.00178237,1,40135
405,0.00178237,1,38128
406,0.00178237,1,41138
407,0.00178237,1,38128
408,0.00178237,1,38630
409,0.00178237,1,38128
410,0.00178237,1,38630
411,0.00178237,1,38128
412,0.001771,1,39634
413,0.001771,1,39129
414,0.00170955,1,39132
415,0.00170955,1,39633
416,0.00170955,1,38128
417,0.00170955,1,38129
418,0.00170955,1,38632
419,0.00170955,1,39633
420,0.00159352,1,40638
421,0.0015772,1,38128
422,0.00150241,1,38129
423,0.00150241,1,38128
424,0.00150241,1,38128
425,0.00128087,1,37627
426,0.00128087,1,37627
427,0.00128087,1,40135
428,0.00120528,1,37627
429,0.00120528,1,39634
430,0.00120528,1,38631
431,0.0011727,1,38629
432,0.00115917,1,38128
433,0.000941976,1,38631
434,0.000928175,1,38628
435,0.000870327,1,39134
436,0.000870327,1,39131
437,0.000870327,1,39634
438,0.000870327,1,38631
439,0.000870327,1,42644
440,0.00076148,1,38129
441,0.00076148,1,43145
442,0.00076148,1,38632
443,0.00076148,1,43647
444,0.000718904,1,38629
445,0.000715809,1,38631
446,0.000636925,1,45154
447,0.000636925,1,39130
448,0.000636925,1,39132
449,0.000636925,1,39132
450,0.000636925,1,40637
451,0.000636925,1,38631
452,0.000625271,1,39131
453,0.000625271,1,43146
454,0.000625271,1,45172
455,0.000533668,1,42645
456,0.000533668,1,39132
457,0.000533668,1,40135
458,0.000533668,1,42142
459,0.000533668,1,41139
460,0.000459318,1,41639
461,0.000459318,1,40135
462,0.00043397,1,39131
463,0.000420116,1,39134
464,0.000420116,1,38628
465,0.000420116,1,40136
466,0.00040746,1,40136
467,0.000362882,1,38630
468,0.000362882,1,38630
469,0.000362882,1,39133
470,0.000362882,1,43146
471,0.000318694,1,39133
472,0.000318694,1,43647
473,0.000318694,1,49667
474,0.000318694,1,38129
475,0.000287576,1,38129
476,0.00027357,1,37627
477,0.00027357,1,37626
478,0.00027357,1,38128
479,0.00027357,1,38129
480,0.000255125,1,38630
481,0.000255125,1,38129
482,0.000255125,1,37627
483,0.00024103,1,44650
484,0.000236579,1,38630
485,0.000233535,1,38129
486,0.000220943,1,39633
487,0.000220943,1,39133
488,0.000220943,1,38630
489,0.000220943,1,39132
490,0.000220725,1,38630
491,0.000200423,1,39636
492,0.000200064,1,39131
493,0.000197788,1,38630
494,0.000197788,1,38129
495,0.000194455,1,44149
496,0.000176642,1,45151
497,0.000176642,1,38127
498,0.000176642,1,43146
499,0.000176642,1,43647
500,0.000176642,1,38129
501,0.000176642,1,41138
502,0.000176642,1,40135
503,0.000159002,1,39133
504,0.000159002,1,41640
505,0.000159002,1,39635
506,0.000159002,1,40134
507,0.000159002,1,46153
508,0.000159002,1,42142
509,0.000153955,1,39634
510,0.000153955,1,41139
511,0.000153955,1,38130
512,0.000139549,1,39634
513,0.000123762,1,40637
514,8.48754e-005,1,38630
515,8.48754e-005,1,39635
516,8.48754e-005,1,38129
517,8.14738e-005,1,41137
518,8.14738e-005,1,44149
519,8.14738e-005,1,39132
520,8.14738e-005,1,38631
521,7.51966e-005,1,42644
522,7.51966e-005,1,38128
523,7.51966e-005,1,41640
524,7.51966e-005,1,43647
525,7.51966e-005,1,39633
526,6.91834e-005,1,42142
527,6.91834e-005,1,38128
528,6.81396e-005,1,40637
529,5.48963e-005,1,43647
530,5.48963e-005,1,39636
531,5.48963e-005,1,37628
532,5.48963e-005,1,39632
533,5.48963e-005,1,37627
534,5.48963e-005,1,38631
535,5.48963e-005,1,42143
536,5.48963e-005,1,42142
537,5.48963e-005,1,40136
538,5.48963e-005,1,47661
539,5.48963e-005,1,47159
540,4.60091e-005,1,41641
541,4.60091e-005,1,46658
542,4.60091e-005,1,38630
543,4.60091e-005,1,39132
544,4.60091e-005,1,42643
545,4.60091e-005,1,38128
546,4.60091e-005,1,41641
547,4.02213e-005,1,44150
548,3.73378e-005,1,49667
549,3.62751e-005,1,40637
550,3.5723e-005,1,40637
551,2.90905e-005,1,40638
552,2.90905e-005,1,39132
553,2.90905e-005,1,39131
554,2.90905e-005,1,38631
555,2.90905e-005,1,39636
556,2.90905e-005,1,43146
557,2.78152e-005,1,38127
558,2.78152e-005,1,38632
559,2.78152e-005,1,40136
560,2.78152e-005,1,39635
561,2.78152e-005,1,39131
562,2.78152e-005,1,40134
563,2.7537e-005,1,39633
564,2.7537e-005,1,38630
565,2.61721e-005,1,38128
566,2.49939e-005,1,39133
567,2.49939e-005,1,40635
568,2.17071e-005,1,38630
569,2.17071e-005,1,40638
570,2.06565e-005,1,41139
571,2.06565e-005,1,40136
572,2.06565e-005,1,38631
573,2.06565e-005,1,39134
574,2.06565e-005,1,38629
575,2.06565e-005,1,38129
576,1.67127e-005,1,39073
577,1.61393e-005,1,40637
578,1.39451e-005,1,44148
579,1.39451e-005,1,51172
580,1.39451e-005,1,51172
581,1.39451e-005,1,47160
582,1.39451e-005,1,53680
583,1.16251e-005,1,47158
584,1.16251e-005,1,38130
585,1.16251e-005,1,40639
586,8.97948e-006,1,40133
587,8.97948e-006,1,37627
588,8.97948e-006,1,38129
589,8.97948e-006,1,38630
590,8.97948e-006,1,42141
591,8.97948e-006,1,39635
592,8.97948e-006,1,38128
593,8.97948e-006,1,39634
594,8.97948e-006,1,39134
595,8.97948e-006,1,38128
596,8.52634e-006,1,39131
597,8.52634e-006,1,39133
598,8.52634e-006,1,42643
599,8.52634e-006,1,40637
600,7.37971e-006,1,39633
601,7.37971e-006,1,38632
602,6.34839e-006,1,39130
603,6.00503e-006,1,38129
604,5.11707e-006,1,44651
605,5.04584e-006,1,40136
606,5.04584e-006,1,46156
607,5.04584e-006,1,39132
608,5.04584e-006,1,37628
609,4.49904e-006,1,46156
610,4.44749e-006,1,50168
611,4.44749e-006,1,48665
612,4.44749e-006,1,45654
613,4.44749e-006,1,47661
614,3.94074e-006,1,52677
615,3.94074e-006,1,47661
616,3.94074e-006,1,40638
617,3.94074e-006,1,40638
618,3.94074e-006,1,39133
619,3.94074e-006,1,38630
620,3.94074e-006,1,38629
621,3.94074e-006,1,38631
622,3.81087e-006,1,38630
623,3.53116e-006,1,39132
624,3.53013e-006,1,39634
625,3.52019e-006,1,40639
626,2.83541e-006,1,47158
627,2.83541e-006,1,38129
628,2.83541e-006,1,48664
629,2.83541e-006,1,40135
630,2.83541e-006,1,38129
631,2.83541e-006,1,43145
632,2.83541e-006,1,42644
633,2.7009e-006,1,48761
634,2.7009e-006,1,39132
635,2.7009e-006,1,40135
636,2.7009e-006,1,38129
637,2.4506e-006,1,44148
638,2.40571e-006,1,39132
639,2.40571e-006,1,38630
640,2.40571e-006,1,38629
641,2.40571e-006,1,45152
642,2.40571e-006,1,48663
643,2.40571e-006,1,38129
644,2.40571e-006,1,40137
645,2.40571e-006,1,40137
646,2.40571e-006,1,39634
647,1.93879e-006,1,44650
648,1.93879e-006,1,40134
649,1.89723e-006,1,51173
650,1.89723e-006,1,38129
651,1.89723e-006,1,38128
652,1.72494e-006,1,38630
653,1.72494e-006,1,40638
654,1.72494e-006,1,46658
655,1.68074e-006,1,39134
656,1.68074e-006,1,37627
657,1.68074e-006,1,38630
658,1.61372e-006,1,38127
659,1.42368e-006,1,38630
660,1.42368e-006,1,38129
661,1.32744e-006,1,37627
662,1.30616e-006,1,39634
663,1.30616e-006,1,39636
664,1.30616e-006,1,38165
665,1.27498e-006,1,37628
666,1.12671e-006,1,39133
667,1.12671e-006,1,38631
668,1.12671e-006,1,45152
669,1.12671e-006,1,39132
670,9.76244e-007,1,42643
671,9.76244e-007,1,43647
672,9.76244e-007,1,38630
673,9.5955e-007,1,40638
674,9.5955e-007,1,39132
675,9.5955e-007,1,38128
676,8.52349e-007,1,39133
677,8.52349e-007,1,40136
678,8.52349e-007,1,38631
679,7.991e-007,1,38629
680,7.991e-007,1,38630
681,7.79158e-007,1,39133
682,6.75123e-007,1,38128
683,6.75123e-007,1,38129
684,6.75123e-007,1,38128
685,5.8883e-007,1,38628
686,5.8883e-007,1,38129
687,5.50276e-007,1,38631
688,5.50276e-007,1,38629
689,5.05662e-007,1,38129
690,5.05662e-007,1,37627
691,4.88448e-007,1,38630
692,4.88448e-007,1,38129
693,4.62555e-007,1,42644
694,3.76299e-007,1,45152
695,3.23637e-007,1,38129
696,3.23637e-007,1,40135
697,3.23637e-007,1,43146
698,3.01533e-007,1,45152
699,2.85683e-007,1,39132
700,2.85683e-007,1,39132
701,2.85683e-007,1,41138
702,2.85683e-007,1,45153
703,2.85683e-007,1,39131
704,2.4544e-007,1,41139
705,2.4544e-007,1,47661
706,2.4544e-007,1,52177
707,2.11143e-007,1,50671
708,2.11143e-007,1,39633
709,2.11143e-007,1,38630
710,2.11143e-007,1,38634
711,2.11143e-007,1,38630
712,2.11143e-007,1,38630
713,2.11143e-007,1,39132
714,2.11143e-007,1,48664
715,1.84801e-007,1,42143
716,1.84801e-007,1,42143
717,1.78322e-007,1,45656
718,1.78322e-007,1,40135
719,1.78322e-007,1,39157
720,1.68061e-007,1,41656
721,1.38632e-007,1,48162
722,1.38632e-007,1,38631
723,1.38632e-007,1,39132
724,1.38632e-007,1,41640
725,1.38632e-007,1,38630
726,1.38632e-007,1,41140
727,1.29604e-007,1,46658
728,1.27426e-007,1,39133
729,1.27426e-007,1,39131
730,1.27426e-007,1,39634
731,1.27426e-007,1,38630
732,1.27426e-007,1,39633
733,1.18552e-007,1,38630
734,1.18552e-007,1,41641
735,1.05964e-007,1,38128
736,1.05964e-007,1,38129
737,1.05964e-007,1,38129
738,1.05964e-007,1,44651
739,1.05964e-007,1,38129
740,1.05964e-007,1,38148
741,1.05964e-007,1,39133
742,1.04372e-007,1,39130
743,1.00735e-007,1,38630
744,9.65877e-008,1,42144
745,9.59219e-008,1,37626
746,8.7675e-008,1,39132
747,8.7675e-008,1,39633
748,8.7675e-008,1,38129
749,7.07758e-008,1,38128
750,7.07758e-008,1,38630
751,7.07758e-008,1,38631
752,7.07758e-008,1,38631
753,7.07758e-008,1,38124
754,7.07758e-008,1,39132
755,6.43634e-008,1,42643
756,4.87758e-008,1,45655
757,4.87758e-008,1,42644
758,4.55697e-008,1,37627
759,4.38765e-008,1,38129
760,4.38765e-008,1,38128
761,4.38765e-008,1,38630
762,4.34277e-008,1,39131
763,4.34277e-008,1,42142
764,3.53652e-008,1,37627
765,3.53652e-008,1,38631
766,3.53652e-008,1,37626
767,3.53652e-008,1,38129
768,3.53652e-008,1,38631
769,3.53652e-008,1,38632
770,3.53652e-008,1,38631
771,3.53652e-008,1,38635
772,3.53652e-008,1,38630
773,3.53652e-008,1,39131
774,3.53652e-008,1,38128
775,3.53652e-008,1,39132
776,3.25622e-008,1,40136
777,3.25622e-008,1,39133
778,3.25622e-008,1,41137
779,3.01153e-008,1,38126
780,3.01153e-008,1,39634
781,3.01153e-008,1,40136
782,3.01153e-008,1,37628
783,3.01153e-008,1,42142
784,3.01153e-008,1,38127
785,3.01153e-008,1,41641
786,3.01153e-008,1,39132
787,3.01153e-008,1,38631
788,3.01153e-008,1,38630
789,3.01153e-008,1,37626
790,3.01153e-008,1,38630
791,3.01153e-008,1,37626
792,2.94123e-008,1,38130
793,2.82174e-008,1,38630
794,2.82174e-008,1,37627
795,2.59076e-008,1,39133
796,2.59076e-008,1,38629
797,2.59076e-008,1,38128
798,2.59076e-008,1,39158
799,2.59076e-008,1,38128
800,2.59076e-008,1,38129
801,2.43737e-008,1,38128
802,2.43138e-008,1,41641
803,2.43138e-008,1,39133
804,2.43138e-008,1,41640
805,2.12755e-008,1,39634
806,1.8181e-008,1,39132
807,1.8181e-008,1,40136
808,1.8181e-008,1,38631
809,1.8181e-008,1,38631
810,1.8181e-008,1,39132
811,1.8181e-008,1,38630
812,1.8181e-008,1,45705
813,1.73866e-008,1,38630
814,1.73866e-008,1,38630
815,1.73866e-008,1,37627
816,1.73866e-008,1,38128
817,1.69673e-008,1,37627
818,1.69673e-008,1,38129
819,1.69673e-008,1,38632
820,1.66335e-008,1,40668
821,1.66335e-008,1,38128
822,1.66335e-008,1,45154
823,1.59301e-008,1,39134
824,1.58004e-008,1,39631
825,1.36681e-008,1,45150
826,1.02678e-008,1,48663
827,1.02678e-008,1,45654
828,1.02678e-008,1,38630
829,1.02678e-008,1,44148
830,1.02678e-008,1,39132
831,1.02678e-008,1,39131
832,1.02678e-008,1,38129
833,1.02678e-008,1,40135
834,9.80325e-009,1,38129
835,9.80325e-009,1,39132
836,9.80325e-009,1,41642
837,9.80325e-009,1,49668
838,9.80325e-009,1,38632
839,9.80325e-009,1,38630
840,9.75829e-009,1,38129
841,9.75829e-009,1,41640
842,9.75829e-009,1,44149
843,8.60192e-009,1,38129
844,8.60192e-009,1,38632
845,8.60192e-009,1,38129
846,8.43411e-009,1,39634
847,7.45864e-009,1,40635
848,6.72189e-009,1,38630
849,6.72189e-009,1,39634
850,6.72189e-009,1,38631
851,6.72189e-009,1,38629
852,6.05437e-009,1,39132
853,6.05437e-009,1,39132
854,5.84339e-009,1,38657
855,5.84339e-009,1,38152
856,5.71631e-009,1,39635
857,5.71631e-009,1,38129
858,5.22167e-009,1,39133
859,5.22167e-009,1,39133
860,4.8842e-009,1,39632
861,4.8842e-009,1,38629
862,4.8842e-009,1,38129
863,4.8842e-009,1,37627
864,4.8842e-009,1,38631
865,4.8842e-009,1,38630
866,4.30058e-009,1,38130
867,4.14889e-009,1,38632
868,3.63827e-009,1,38129
869,3.63827e-009,1,38630
870,3.63827e-009,1,44148
871,3.63827e-009,1,40135
872,3.62166e-009,1,43146
873,3.62166e-009,1,45655
874,3.2987e-009,1,38630
875,3.2987e-009,1,37628
876,3.11611e-009,1,38630
877,3.11611e-009,1,38129
878,3.03252e-009,1,38631
879,3.03252e-009,1,38631
880,2.56814e-009,1,40136
881,2.56814e-009,1,38630
882,2.39495e-009,1,39634
883,2.39495e-009,1,38128
884,2.14694e-009,1,38629
885,2.14694e-009,1,38129
886,1.83029e-009,1,41640
887,1.83029e-009,1,40134
888,1.83029e-009,1,38129
889,1.83029e-009,1,38129
890,1.83029e-009,1,38129
891,1.83029e-009,1,38630
892,1.64991e-009,1,38129
893,1.64991e-009,1,38129
894,1.64991e-009,1,40637
895,1.64991e-009,1,40136
896,1.64991e-009,1,38129
897,1.62244e-009,1,39132
898,1.62244e-009,1,38630
899,1.62244e-009,1,38630
900,1.62244e-009,1,38630
901,1.50405e-009,1,40135
902,1.28571e-009,1,39133
903,1.28571e-009,1,38129
904,1.28571e-009,1,38128
905,1.28571e-009,1,39132
906,1.28571e-009,1,38129
907,1.19643e-009,1,39132
908,1.17392e-009,1,45152
909,1.12172e-009,1,41138
910,1.07247e-009,1,38629
911,1.07239e-009,1,39633
912,1.01821e-009,1,40135
913,9.91558e-010,1,44150
914,9.16511e-010,1,38630
915,8.13102e-010,1,40637
916,7.64482e-010,1,38128
917,7.64482e-010,1,38630
918,7.64482e-010,1,38129
919,7.64482e-010,1,38128
920,7.64482e-010,1,38128
921,7.64482e-010,1,44650
922,7.64482e-010,1,40636
923,7.64482e-010,1,38128
924,7.64482e-010,1,38129
925,6.85302e-010,1,37626
926,6.85302e-010,1,38631
927,6.85302e-010,1,40135
928,6.85302e-010,1,44149
929,6.41556e-010,1,37627
930,6.02305e-010,1,43145
931,6.02305e-010,1,45153
932,5.13212e-010,1,40135
933,5.13212e-010,1,38629
934,5.13212e-010,1,38129
935,5.13212e-010,1,37627
936,4.96542e-010,1,38128
937,4.96542e-010,1,38129
938,4.34449e-010,1,38630
939,4.34449e-010,1,38630
940,4.34449e-010,1,43170
941,4.34449e-010,1,38129
942,4.34449e-010,1,38128
943,4.34449e-010,1,38129
944,4.09492e-010,1,38129
945,4.09492e-010,1,38630
946,4.09492e-010,1,38129
947,3.86655e-010,1,39132
948,3.86655e-010,1,51708
949,3.76922e-010,1,38630
950,3.7218e-010,1,41139
951,3.23547e-010,1,38631
952,3.16561e-010,1,38630
953,3.15042e-010,1,38631
954,3.03998e-010,1,39697
955,2.65304e-010,1,38155
956,2.65304e-010,1,39633
957,2.65304e-010,1,37629
958,2.60009e-010,1,40638
959,2.60009e-010,1,38147
960,2.60009e-010,1,38129
961,2.60009e-010,1,37629
962,2.60009e-010,1,38128
963,2.51807e-010,1,39634
964,2.48423e-010,1,38630
965,2.48423e-010,1,39132
966,2.44267e-010,1,40136
967,2.44267e-010,1,44148
968,2.13998e-010,1,38632
969,2.13998e-010,1,39633
970,2.13998e-010,1,38127
971,2.03582e-010,1,38630
972,1.95553e-010,1,38630
973,1.95553e-010,1,40637
974,1.95553e-010,1,45152
975,1.94245e-010,1,37627
976,1.94245e-010,1,37627
977,1.92441e-010,1,38630
978,1.7523e-010,1,37628
979,1.7523e-010,1,38129
980,1.7523e-010,1,38129
981,1.72247e-010,1,38129
982,1.58625e-010,1,37626
983,1.58625e-010,1,37629
984,1.58625e-010,1,38129
985,1.46491e-010,1,37628
986,1.46491e-010,1,37628
987,1.46491e-010,1,38629
988,1.46491e-010,1,38128
989,1.46491e-010,1,38129
990,1.46491e-010,1,37627
991,1.46491e-010,1,38630
992,1.36613e-010,1,38129
993,1.36613e-010,1,38129
994,1.27574e-010,1,38630
995,1.27574e-010,1,37627
996,1.13999e-010,1,38630
997,1.07871e-010,1,38630
998,1.07871e-010,1,37627
999,1.07871e-010,1,37627
Done! Press enter to close the program.
