Normalizing data...
Randomizing order of the data...
Creating Neural Network (13, 7, 3)
Current weights set to:
-0.0881039, -0.0133152, -0.0934996, -0.0602039, 0.0857784, -0.062096, -0.0716117, -0.0349223, -0.0156102, -0.0231178, 0.0324198, -0.0860714, -0.0164464, -0.0432966, 0.0176428, 0.0142796, 0.0241676, 0.080578, 0.0967833, 0.0609241, -0.0768731, -0.0060213, -0.0551622, 0.0945189, 0.0612903, -0.0541185, -0.0596118, -0.0971068, 0.0045381, -0.0495895, 0.00561846, -0.0741264, -0.0856014, -0.0198767, -0.0485519, 0.0448164, -0.0956969, -0.0778069, -0.0659658, 0.0382305, -0.00220038, -0.071276, -0.0711966, -0.0153722, 0.0449812, 0.0924741, 0.0283303, -0.00610065, 0.0534165, 0.0791498, 0.070275, -0.051561, 0.0896664, 0.0477218, 0.00169988, 0.035313, 0.00788903, 0.089758, 0.0859004, -0.0493454, -0.0384625, -0.0808161, -0.041905, -0.0423566, -0.0454207, 0.0437483, 0.0362285, 0.0791559, -0.0116062, -0.0507492, 0.0930052, 0.00649739, 0.0606128, -0.0719413, 0.0956114, 0.00541093, -0.0278237, 0.0828913, -0.0808039, 0.000540178, -0.00112613, -0.0627186, 0.0404706, -0.0803034, -0.0164953, -0.0159948, 0.0175695, 0.079162, -0.0949156, 0.00252388, 0.0625904, 0.0912046, 0.0812067, 0.0769158, -0.0871395, 0.0751518, 0.0598254, -0.0546251, -0.0926267, 0.053209, -0.0431623, 0.0126926, 0.0744804, -0.0876827, 0.0955321, 0.0567736, -0.0628285, 0.013242, -0.0957518, -0.039378, 0.042259, 0.0281899, -0.0714408, -0.0990783, -0.0804804, 0.0882199, -0.085931, -0.0754387, 0.0772637, 0.0216224, 0.0162206, -0.0557909, -0.0595752, -0.0353862, 0.0932737, 0.0843867, -0.0624683, -0.0744987, -0.0612232, 0.00908536, 0.0426801, -0.0163671, 0.00969573, -0.0376385, -0.0210974,


Starting training using PSO on Wine Data Set
Press enter to start the training.

0,92.8046,0.662921,37627
1,86.2055,0.634831,37125
2,51.8602,0.814607,37123
3,46.4754,0.825843,37627
4,43.122,0.904494,37125
5,40.5701,0.910112,38128
6,40.5701,0.910112,37626
7,40.487,0.926966,37125
8,40.487,0.926966,37627
9,30.3226,0.926966,37125
10,27.8639,0.960674,37627
11,26.0392,0.926966,38128
12,25.3871,0.921348,37627
13,25.3871,0.921348,37627
14,22.0999,0.966292,37627
15,17.6194,0.97191,37625
16,17.1391,0.97191,37628
17,17.1391,0.97191,37628
18,17.1391,0.97191,37124
19,16.8928,0.97191,37126
20,16.8928,0.97191,38130
21,16.8928,0.97191,37125
22,16.8928,0.97191,37626
23,16.8928,0.97191,37125
24,16.8544,0.97191,37125
25,16.7781,0.966292,37627
26,16.7781,0.966292,37626
27,16.7781,0.966292,37628
28,16.7781,0.966292,37126
29,15.5402,0.97191,37627
30,15.5402,0.97191,37626
31,15.5402,0.97191,37626
32,15.352,0.97191,37190
33,15.352,0.97191,37627
34,15.352,0.97191,37125
35,13.7272,0.977528,37627
36,13.7272,0.977528,37626
37,13.7272,0.977528,37126
38,13.7272,0.977528,37125
39,13.7272,0.977528,37126
40,13.7272,0.977528,37125
41,12.9939,0.977528,37626
42,12.9939,0.977528,37124
43,12.876,0.977528,37627
44,12.876,0.977528,37626
45,12.3344,0.983146,37124
46,12.3344,0.983146,37626
47,12.3344,0.983146,37126
48,12.3344,0.983146,37627
49,11.0129,0.983146,37627
50,11.0129,0.983146,37627
51,11.0129,0.983146,37627
52,10.6352,0.983146,37126
53,10.6352,0.983146,37626
54,10.5652,0.983146,37125
55,10.5652,0.983146,38129
56,10.5652,0.983146,37627
57,10.3867,0.983146,37124
58,10.3867,0.983146,38129
59,10.3867,0.983146,37125
60,10.3867,0.983146,37627
61,10.3867,0.983146,37124
62,10.3465,0.983146,37125
63,10.3465,0.983146,37124
64,10.2824,0.988764,37627
65,10.2824,0.988764,37125
66,10.2824,0.988764,37627
67,10.2595,0.983146,37124
68,9.54784,0.988764,37626
69,9.54784,0.988764,37124
70,9.54784,0.988764,37627
71,9.54784,0.988764,37126
72,7.52372,0.983146,37626
73,7.52372,0.983146,37126
74,7.46479,0.983146,37125
75,6.19843,0.988764,37626
76,6.19843,0.988764,37126
77,6.19843,0.988764,37628
78,6.19843,0.988764,37625
79,6.19843,0.988764,38630
80,6.19843,0.988764,37626
81,6.19843,0.988764,37627
82,5.87763,0.988764,38631
83,5.87763,0.988764,40135
84,5.14279,0.988764,43647
85,4.96465,0.988764,38628
86,4.96465,0.988764,37127
87,4.96465,0.988764,38128
88,4.96465,0.988764,38131
89,4.96465,0.988764,37125
90,4.96465,0.988764,37626
91,4.96465,0.988764,37627
92,4.96465,0.988764,37125
93,4.96465,0.988764,37628
94,4.96465,0.988764,38128
95,4.96465,0.988764,37627
96,4.96465,0.988764,37627
97,4.96465,0.988764,37628
98,4.85102,0.988764,37126
99,4.85102,0.988764,37126
100,4.85102,0.988764,37626
101,4.78173,0.988764,37626
102,4.78173,0.988764,37123
103,4.78173,0.988764,37627
104,4.78173,0.988764,37125
105,4.74537,0.988764,37628
106,4.74537,0.988764,37627
107,4.74537,0.988764,37626
108,4.73567,0.988764,38128
109,4.24539,0.988764,37125
110,4.24539,0.988764,37125
111,4.24539,0.988764,37627
112,4.24539,0.988764,37626
113,4.24539,0.988764,37126
114,4.23762,0.988764,37625
115,4.23762,0.988764,37627
116,4.23762,0.988764,37626
117,4.23762,0.988764,37627
118,4.15541,0.988764,37626
119,4.13748,0.988764,37126
120,4.13748,0.988764,37628
121,4.13748,0.988764,37626
122,4.13748,0.988764,37125
123,4.13748,0.988764,37628
124,4.13748,0.988764,37626
125,4.13748,0.988764,37627
126,4.10656,0.988764,37126
127,4.10656,0.988764,38128
128,4.10656,0.988764,37628
129,4.02642,0.988764,37126
130,4.02642,0.988764,37126
131,4.02642,0.988764,38129
132,4.02642,0.988764,37627
133,4.02642,0.988764,37125
134,4.02642,0.988764,37627
135,4.02642,0.988764,37125
136,4.02642,0.988764,37627
137,4.02642,0.988764,37627
138,3.88027,0.988764,37627
139,3.88027,0.988764,37125
140,3.88027,0.988764,37626
141,3.88027,0.988764,37124
142,3.88027,0.988764,37628
143,3.87934,0.988764,37627
144,3.87934,0.988764,37126
145,3.87934,0.988764,37626
146,3.87934,0.988764,37627
147,3.87934,0.988764,37126
148,3.87934,0.988764,37627
149,3.85659,0.988764,37125
150,3.84759,0.988764,37126
151,3.84759,0.988764,37627
152,3.84759,0.988764,38630
153,3.84759,0.988764,37125
154,3.78952,0.988764,37629
155,3.60709,0.988764,38128
156,3.60709,0.988764,37627
157,3.60709,0.988764,37627
158,3.60709,0.988764,37626
159,3.60709,0.988764,37626
160,3.60709,0.988764,38129
161,3.60709,0.988764,37627
162,3.55962,0.988764,37125
163,3.23124,0.988764,37627
164,2.8413,0.988764,37125
165,2.8413,0.988764,37627
166,2.8413,0.988764,37123
167,2.8413,0.988764,37627
168,2.8413,0.988764,37126
169,2.8413,0.988764,37627
170,2.8413,0.988764,37626
171,2.8413,0.988764,38129
172,2.7246,0.988764,37627
173,2.7246,0.988764,37626
174,2.7246,0.988764,37125
175,2.7246,0.988764,37126
176,2.58632,0.994382,38129
177,2.58632,0.994382,37627
178,2.56726,0.994382,37627
179,2.56726,0.994382,37627
180,2.51042,0.994382,37627
181,2.13431,0.994382,37126
182,2.13431,0.994382,37125
183,2.13431,0.994382,37627
184,2.13431,0.994382,37629
185,1.98953,0.994382,37627
186,1.98953,0.994382,37123
187,1.91934,0.994382,37627
188,1.91934,0.994382,37125
189,1.77027,0.994382,38128
190,1.77027,0.994382,38128
191,1.77027,0.994382,37123
192,1.77027,0.994382,37125
193,1.73529,0.994382,37628
194,1.73529,0.994382,38129
195,1.73529,0.994382,37124
196,1.73113,0.994382,37627
197,1.73113,0.994382,37627
198,1.61565,0.994382,37126
199,1.60338,0.994382,37627
200,1.60338,0.994382,37627
201,1.60338,0.994382,37125
202,1.60211,0.994382,37627
203,1.59681,0.994382,37627
204,1.59681,0.994382,37627
205,1.59681,0.994382,37124
206,1.59367,0.994382,37626
207,1.59367,0.994382,37126
208,1.59367,0.994382,37627
209,1.58301,0.994382,37125
210,1.58301,0.994382,37125
211,1.58301,0.994382,38130
212,1.58301,0.994382,37628
213,1.56879,0.994382,38129
214,1.56733,0.994382,37627
215,1.56733,0.994382,38129
216,1.55817,0.994382,37628
217,1.55586,0.994382,37627
218,1.55586,0.994382,37126
219,1.55586,0.994382,37627
220,1.55586,0.994382,37125
221,1.55501,0.994382,37626
222,1.55501,0.994382,37627
223,1.54841,0.994382,37126
224,1.54251,0.994382,37124
225,1.54251,0.994382,37626
226,1.54251,0.994382,37125
227,1.51388,0.994382,37627
228,1.51388,0.994382,37627
229,1.51388,0.994382,37626
230,1.5098,0.994382,37626
231,1.5098,0.994382,37627
232,1.50579,0.994382,37627
233,1.48137,0.994382,37627
234,1.48137,0.994382,37627
235,1.4697,0.994382,37628
236,1.46468,0.994382,37628
237,1.46468,0.994382,37627
238,1.46334,0.994382,37126
239,1.46334,0.994382,37627
240,1.46334,0.994382,37126
241,1.46258,0.994382,37628
242,1.46258,0.994382,37124
243,1.46149,0.994382,37626
244,1.45534,0.994382,37627
245,1.45402,0.994382,37628
246,1.45402,0.994382,37627
247,1.44753,0.994382,37626
248,1.44192,0.994382,37626
249,1.44158,0.994382,37626
250,1.43493,0.994382,38129
251,1.43493,0.994382,37627
252,1.43073,0.994382,37627
253,1.42964,0.994382,37627
254,1.42542,0.994382,37125
255,1.42493,0.994382,37627
256,1.42493,0.994382,38129
257,1.42,0.994382,37125
258,1.42,0.994382,37125
259,1.4181,0.994382,37624
260,1.4181,0.994382,37125
261,1.4181,0.994382,37627
262,1.4181,0.994382,37627
263,1.4181,0.994382,37627
264,1.4181,0.994382,37626
265,1.41449,0.994382,37627
266,1.41353,0.994382,38128
267,1.40933,0.994382,37629
268,1.40933,0.994382,37626
269,1.40925,0.994382,37627
270,1.40925,0.994382,37627
271,1.40748,0.994382,37627
272,1.39807,0.994382,37626
273,1.39807,0.994382,37125
274,1.39807,0.994382,37627
275,1.39807,0.994382,37627
276,1.39499,0.994382,37627
277,1.39499,0.994382,37124
278,1.39499,0.994382,37627
279,1.39499,0.994382,37125
280,1.39307,0.994382,37126
281,1.39228,0.994382,37627
282,1.39228,0.994382,37626
283,1.39192,0.994382,37627
284,1.39192,0.994382,37627
285,1.39074,0.994382,37125
286,1.38981,0.994382,37627
287,1.38872,0.994382,38129
288,1.38801,0.994382,37126
289,1.37788,0.994382,37627
290,1.37354,0.994382,37627
291,1.36986,0.994382,37627
292,1.34377,0.994382,37125
293,1.31987,0.994382,37628
294,1.30607,0.994382,37627
295,1.30607,0.994382,37627
296,1.30607,0.994382,37124
297,1.30607,0.994382,37627
298,1.30607,0.994382,37628
299,1.30421,0.994382,37126
300,1.27448,0.994382,37626
301,1.27448,0.994382,37627
302,1.26476,0.994382,37125
303,1.25783,0.994382,37627
304,1.25783,0.994382,38129
305,1.25783,0.994382,38129
306,1.24884,0.994382,37125
307,1.24884,0.994382,37626
308,1.24884,0.994382,37628
309,1.24884,0.994382,37126
310,1.24884,0.994382,37627
311,1.24884,0.994382,37125
312,1.2474,0.994382,37626
313,1.24337,0.994382,37125
314,1.24337,0.994382,37125
315,1.23264,0.994382,37627
316,1.23264,0.994382,37126
317,1.23264,0.994382,37626
318,1.23099,0.994382,37627
319,1.23099,0.994382,37627
320,1.23099,0.994382,37628
321,1.22963,0.994382,37626
322,1.22087,0.994382,37626
323,1.22087,0.994382,37627
324,1.22087,0.994382,37628
325,1.22087,0.994382,37125
326,1.22039,0.994382,37628
327,1.21296,0.994382,37124
328,1.2089,0.994382,37626
329,1.20762,0.994382,37628
330,1.20694,0.994382,37627
331,1.20694,0.994382,37125
332,1.20527,0.994382,37627
333,1.20281,0.994382,37627
334,1.20281,0.994382,37127
335,1.20194,0.994382,38128
336,1.20194,0.994382,37627
337,1.19051,0.994382,37627
338,1.17649,0.994382,38128
339,1.17649,0.994382,37125
340,1.17649,0.994382,37626
341,1.17272,0.994382,37627
342,1.17272,0.994382,37627
343,1.17272,0.994382,37626
344,1.17032,0.994382,37126
345,1.16915,0.994382,37627
346,1.16375,0.994382,37626
347,1.16248,0.994382,37124
348,1.16057,0.994382,37627
349,1.16057,0.994382,37126
350,1.15973,0.994382,37627
351,1.15874,0.994382,37124
352,1.15874,0.994382,37125
353,1.15348,0.994382,37627
354,1.15348,0.994382,37628
355,1.15348,0.994382,37125
356,1.15348,0.994382,37125
357,1.14994,0.994382,37628
358,1.14693,0.994382,37125
359,1.14378,0.994382,37125
360,1.14378,0.994382,37126
361,1.14033,0.994382,37627
362,1.1395,0.994382,37125
363,1.13777,0.994382,37124
364,1.13777,0.994382,37125
365,1.13589,0.994382,37626
366,1.13589,0.994382,37124
367,1.13571,0.994382,37626
368,1.13039,0.994382,37126
369,1.13039,0.994382,37626
370,1.12634,0.994382,37627
371,1.12634,0.994382,37627
372,1.12538,0.994382,37125
373,1.11977,0.994382,37626
374,1.11927,0.994382,37125
375,1.10989,0.994382,37626
376,1.10989,0.994382,37125
377,1.10583,0.994382,37125
378,1.10583,0.994382,37126
379,1.10523,0.994382,37627
380,1.10179,0.994382,37628
381,1.10067,0.994382,37125
382,1.09942,0.994382,37627
383,1.09719,0.994382,37626
384,1.09694,0.994382,37125
385,1.09658,0.994382,37627
386,1.09361,0.994382,37125
387,1.08952,0.994382,37125
388,1.08952,0.994382,37125
389,1.08767,0.994382,37627
390,1.08767,0.994382,37125
391,1.08767,0.994382,37627
392,1.08761,0.994382,37627
393,1.08761,0.994382,37627
394,1.08741,0.994382,37125
395,1.08721,0.994382,37628
396,1.08721,0.994382,37126
397,1.08721,0.994382,37627
398,1.08695,0.994382,37627
399,1.08662,0.994382,37626
400,1.08634,0.994382,37125
401,1.08544,0.994382,37626
402,1.08544,0.994382,37125
403,1.084,0.994382,37626
404,1.084,0.994382,37125
405,1.08288,0.994382,37626
406,1.08288,0.994382,37125
407,1.08288,0.994382,37627
408,1.08174,0.994382,37126
409,1.08141,0.994382,37625
410,1.08141,0.994382,37125
411,1.08124,0.994382,37626
412,1.08124,0.994382,37125
413,1.081,0.994382,37125
414,1.08092,0.994382,38129
415,1.08092,0.994382,37126
416,1.08091,0.994382,38126
417,1.08091,0.994382,37627
418,1.08091,0.994382,37125
419,1.08008,0.994382,37626
420,1.08008,0.994382,37125
421,1.08008,0.994382,37626
422,1.08008,0.994382,37627
423,1.07778,0.994382,37127
424,1.07778,0.994382,37627
425,1.07707,0.994382,37627
426,1.07707,0.994382,37125
427,1.07666,0.994382,37627
428,1.07386,0.994382,37628
429,1.07386,0.994382,37626
430,1.07307,0.994382,37125
431,1.07307,0.994382,37626
432,1.07307,0.994382,37626
433,1.07305,0.994382,37126
434,1.07305,0.994382,37125
435,1.07305,0.994382,37125
436,1.07055,0.994382,37626
437,1.07055,0.994382,37626
438,1.07055,0.994382,37627
439,1.07055,0.994382,37627
440,1.06917,0.994382,37627
441,1.06917,0.994382,37628
442,1.06914,0.994382,37125
443,1.06799,0.994382,37125
444,1.06799,0.994382,37627
445,1.06691,0.994382,37626
446,1.06691,0.994382,37125
447,1.06691,0.994382,37626
448,1.06313,0.994382,37125
449,1.06313,0.994382,37627
450,1.06313,0.994382,37125
451,1.06261,0.994382,37626
452,1.06261,0.994382,37626
453,1.06206,0.994382,37627
454,1.06206,0.994382,37125
455,1.06206,0.994382,38130
456,1.06206,0.994382,37627
457,1.06152,0.994382,37625
458,1.06152,0.994382,37625
459,1.06152,0.994382,37126
460,1.06152,0.994382,37627
461,1.06152,0.994382,38127
462,1.06031,0.994382,37125
463,1.0596,0.994382,38128
464,1.0596,0.994382,37627
465,1.0596,0.994382,37626
466,1.0596,0.994382,37627
467,1.0596,0.994382,37627
468,1.0596,0.994382,37626
469,1.0596,0.994382,37125
470,1.0596,0.994382,37125
471,1.0596,0.994382,37627
472,1.05926,0.994382,37627
473,1.05926,0.994382,37125
474,1.05926,0.994382,37126
475,1.05909,0.994382,37626
476,1.05863,0.994382,37125
477,1.05772,0.994382,37626
478,1.05692,0.994382,37627
479,1.05692,0.994382,37627
480,1.05651,0.994382,37124
481,1.05632,0.994382,37126
482,1.05616,0.994382,37627
483,1.05616,0.994382,37125
484,1.05612,0.994382,37141
485,1.0556,0.994382,38129
486,1.05536,0.994382,37627
487,1.05536,0.994382,37126
488,1.05485,0.994382,37125
489,1.05417,0.994382,37627
490,1.05403,0.994382,37627
491,1.05403,0.994382,37627
492,1.05395,0.994382,37126
493,1.05395,0.994382,38631
494,1.05387,0.994382,37126
495,1.05387,0.994382,37627
496,1.0538,0.994382,37628
497,1.0538,0.994382,37124
498,1.05338,0.994382,37627
499,1.05338,0.994382,37628
500,1.05306,0.994382,37627
501,1.05306,0.994382,37627
502,1.05306,0.994382,37126
503,1.05306,0.994382,37627
504,1.05224,0.994382,37627
505,1.05216,0.994382,37125
506,1.05214,0.994382,37126
507,1.05153,0.994382,37627
508,1.05116,0.994382,37628
509,1.05058,0.994382,38630
510,1.04994,0.994382,38129
511,1.04988,0.994382,38629
512,1.04952,0.994382,37627
513,1.04952,0.994382,37125
514,1.04952,0.994382,37125
515,1.04838,0.994382,37626
516,1.04767,0.994382,37627
517,1.04767,0.994382,37627
518,1.04765,0.994382,37627
519,1.04765,0.994382,37126
520,1.04737,0.994382,37627
521,1.04737,0.994382,37125
522,1.0466,0.994382,37127
523,1.04655,0.994382,38128
524,1.04655,0.994382,37626
525,1.04646,0.994382,37627
526,1.04646,0.994382,37628
527,1.04626,0.994382,37125
528,1.04573,0.994382,37125
529,1.04573,0.994382,37627
530,1.04492,0.994382,37625
531,1.04475,0.994382,37125
532,1.04475,0.994382,38128
533,1.04414,0.994382,37627
534,1.0441,0.994382,37126
535,1.04383,0.994382,37627
536,1.04383,0.994382,37125
537,1.04383,0.994382,37626
538,1.04367,0.994382,37124
539,1.04362,0.994382,37627
540,1.04362,0.994382,37126
541,1.04362,0.994382,37627
542,1.04345,0.994382,37627
543,1.04345,0.994382,37626
544,1.04336,0.994382,37126
545,1.0432,0.994382,37627
546,1.04304,0.994382,37626
547,1.04245,0.994382,37125
548,1.04187,0.994382,37125
549,1.04152,0.994382,37626
550,1.04152,0.994382,37127
551,1.04144,0.994382,37125
552,1.04101,0.994382,37626
553,1.04101,0.994382,37125
554,1.04092,0.994382,37627
555,1.04077,0.994382,37627
556,1.04077,0.994382,37626
557,1.04058,0.994382,37124
558,1.04058,0.994382,37627
559,1.04058,0.994382,37627
560,1.04058,0.994382,37627
561,1.04058,0.994382,37125
562,1.04058,0.994382,37125
563,1.04058,0.994382,37626
564,1.04049,0.994382,37125
565,1.04036,0.994382,37628
566,1.04036,0.994382,37126
567,1.04036,0.994382,37125
568,1.04036,0.994382,37125
569,1.03994,0.994382,37126
570,1.03994,0.994382,37627
571,1.03994,0.994382,37126
572,1.03988,0.994382,37626
573,1.03982,0.994382,37625
574,1.03982,0.994382,37124
575,1.03982,0.994382,37627
576,1.03918,0.994382,37626
577,1.03918,0.994382,37627
578,1.03871,0.994382,37125
579,1.03844,0.994382,37627
580,1.03844,0.994382,37626
581,1.03844,0.994382,37627
582,1.03837,0.994382,37626
583,1.03837,0.994382,37125
584,1.03837,0.994382,37627
585,1.03831,0.994382,37628
586,1.03818,0.994382,38129
587,1.03818,0.994382,37627
588,1.03818,0.994382,37626
589,1.03818,0.994382,37627
590,1.03818,0.994382,37628
591,1.03818,0.994382,37125
592,1.03818,0.994382,37628
593,1.03818,0.994382,37125
594,1.03818,0.994382,37627
595,1.03818,0.994382,37626
596,1.03818,0.994382,37627
597,1.03818,0.994382,37626
598,1.03813,0.994382,37626
599,1.03813,0.994382,37627
600,1.03808,0.994382,37126
601,1.03801,0.994382,37125
602,1.03794,0.994382,37626
603,1.03794,0.994382,37628
604,1.03782,0.994382,37125
605,1.03782,0.994382,37628
606,1.03782,0.994382,37124
607,1.03781,0.994382,37627
608,1.03781,0.994382,37627
609,1.03774,0.994382,37627
610,1.03771,0.994382,37126
611,1.03769,0.994382,38128
612,1.03765,0.994382,37126
613,1.03761,0.994382,37627
614,1.03761,0.994382,37627
615,1.03761,0.994382,37125
616,1.0376,0.994382,38129
617,1.0376,0.994382,37126
618,1.03757,0.994382,37627
619,1.03755,0.994382,37125
620,1.03755,0.994382,37125
621,1.03755,0.994382,37627
622,1.03755,0.994382,37626
623,1.03755,0.994382,37628
624,1.03755,0.994382,37123
625,1.03751,0.994382,37628
626,1.03749,0.994382,37125
627,1.03749,0.994382,37125
628,1.03749,0.994382,37126
629,1.03749,0.994382,37626
630,1.03745,0.994382,37126
631,1.03743,0.994382,38127
632,1.0374,0.994382,37627
633,1.03739,0.994382,37125
634,1.03736,0.994382,37625
635,1.03736,0.994382,37627
636,1.03734,0.994382,37125
637,1.03731,0.994382,37627
638,1.03728,0.994382,37626
639,1.03719,0.994382,38128
640,1.03708,0.994382,37125
641,1.03705,0.994382,37125
642,1.03693,0.994382,37627
643,1.03664,0.994382,37627
644,1.03664,0.994382,38128
645,1.03664,0.994382,37126
646,1.03664,0.994382,38630
647,1.03664,0.994382,37125
648,1.03636,0.994382,37125
649,1.03612,0.994382,37627
650,1.03598,0.994382,37627
651,1.03591,0.994382,37125
652,1.03588,0.994382,37626
653,1.03588,0.994382,37125
654,1.03578,0.994382,37125
655,1.03554,0.994382,37125
656,1.03554,0.994382,37626
657,1.03554,0.994382,37125
658,1.03547,0.994382,37125
659,1.03545,0.994382,37125
660,1.0353,0.994382,37626
661,1.03515,0.994382,37124
662,1.03515,0.994382,37626
663,1.03508,0.994382,37627
664,1.03491,0.994382,37626
665,1.03491,0.994382,37627
666,1.03488,0.994382,37125
667,1.03479,0.994382,37627
668,1.03456,0.994382,37124
669,1.03456,0.994382,37627
670,1.03456,0.994382,37124
671,1.03456,0.994382,37627
672,1.03456,0.994382,37627
673,1.03436,0.994382,38129
674,1.03421,0.994382,37126
675,1.03412,0.994382,37125
676,0.999537,0.994382,37126
677,0.636258,1,37625
678,0.586447,1,37627
679,0.586447,1,37628
680,0.509627,1,37127
681,0.509617,1,37627
682,0.502102,1,37123
683,0.462177,1,37125
684,0.363241,1,37125
685,0.244939,1,37124
686,0.244939,1,37626
687,0.244939,1,37124
688,0.244939,1,37627
689,0.244939,1,37627
690,0.244939,1,37125
691,0.239307,1,37626
692,0.209791,1,37627
693,0.209791,1,37125
694,0.207617,1,37626
695,0.202869,1,37627
696,0.201118,1,37627
697,0.193156,1,37627
698,0.193156,1,37124
699,0.193156,1,37627
700,0.169726,1,37125
701,0.13049,1,37126
702,0.126497,1,37629
703,0.126497,1,37125
704,0.126497,1,37627
705,0.105661,1,37627
706,0.105619,1,37627
707,0.105619,1,37627
708,0.0947392,1,37125
709,0.0947392,1,37125
710,0.0947392,1,37125
711,0.0947392,1,37125
712,0.0897195,1,37626
713,0.0897195,1,37125
714,0.0897195,1,37125
715,0.0897195,1,37628
716,0.0875931,1,37124
717,0.0829276,1,37626
718,0.0829276,1,37626
719,0.0829276,1,37125
720,0.0811492,1,37627
721,0.0811492,1,37628
722,0.0811492,1,37125
723,0.0789789,1,37627
724,0.0787275,1,37125
725,0.0787275,1,37125
726,0.075667,1,37126
727,0.075667,1,37626
728,0.073769,1,37627
729,0.0682501,1,37124
730,0.0682501,1,37125
731,0.0682501,1,37626
732,0.0668891,1,37627
733,0.0668891,1,37126
734,0.0668891,1,37627
735,0.0657926,1,37125
736,0.0657926,1,37627
737,0.0657926,1,37628
738,0.0637927,1,37124
739,0.0637927,1,38129
740,0.0635278,1,37627
741,0.0631555,1,37126
742,0.0615011,1,37627
743,0.0612335,1,37125
744,0.0598244,1,37627
745,0.059493,1,37627
746,0.059493,1,37626
747,0.0583362,1,37627
748,0.0581015,1,37125
749,0.0581015,1,37627
750,0.0576169,1,37125
751,0.0576169,1,37125
752,0.0576169,1,37126
753,0.056167,1,37627
754,0.055827,1,37626
755,0.055827,1,37125
756,0.0529997,1,37627
757,0.0519776,1,37627
758,0.0519776,1,37627
759,0.0499073,1,37627
760,0.0495033,1,37627
761,0.0486867,1,37627
762,0.0486743,1,37626
763,0.0486743,1,37627
764,0.0484981,1,37124
765,0.0484981,1,37627
766,0.0480367,1,37626
767,0.0480367,1,37627
768,0.0480367,1,37124
769,0.0480367,1,37628
770,0.0480367,1,38128
771,0.0480367,1,37627
772,0.0480367,1,37125
773,0.0480367,1,37627
774,0.0480367,1,37626
775,0.0480367,1,37627
776,0.0477799,1,37627
777,0.0477799,1,37627
778,0.0477799,1,37627
779,0.0477005,1,37627
780,0.0475293,1,37628
781,0.0475293,1,37627
782,0.0472109,1,37626
783,0.0472109,1,37627
784,0.0472109,1,37627
785,0.0471666,1,37125
786,0.0471666,1,37124
787,0.0469232,1,37627
788,0.046898,1,37125
789,0.046898,1,37627
790,0.046898,1,37627
791,0.0468536,1,37125
792,0.0468536,1,37626
793,0.0465497,1,37627
794,0.0462057,1,37127
795,0.0462057,1,37125
796,0.0462057,1,37627
797,0.0461447,1,37627
798,0.0457124,1,37125
799,0.0454403,1,37125
800,0.0454265,1,37626
801,0.0454265,1,37627
802,0.0449669,1,37126
803,0.0449669,1,37627
804,0.0449669,1,37626
805,0.0449669,1,37626
806,0.0445824,1,37126
807,0.0445824,1,37626
808,0.0445811,1,37626
809,0.0444803,1,37628
810,0.0442995,1,37626
811,0.0442995,1,37125
812,0.0441951,1,37627
813,0.0441085,1,37125
814,0.0441085,1,37627
815,0.0441085,1,37126
816,0.0439695,1,37627
817,0.0439695,1,37627
818,0.0437304,1,37626
819,0.0437304,1,37626
820,0.0435998,1,37626
821,0.0432732,1,37124
822,0.0428236,1,37627
823,0.0427546,1,37627
824,0.0425438,1,37627
825,0.0425438,1,38127
826,0.0420911,1,37126
827,0.0420911,1,37627
828,0.041912,1,37626
829,0.0418528,1,37627
830,0.0418344,1,37125
831,0.0418344,1,37627
832,0.0418344,1,37628
833,0.0418028,1,37627
834,0.0415303,1,37125
835,0.0414743,1,37126
836,0.039733,1,37124
837,0.039733,1,38128
838,0.039733,1,37627
839,0.0390827,1,37626
840,0.0387616,1,37625
841,0.0386137,1,37123
842,0.0386137,1,37628
843,0.038382,1,37625
844,0.038382,1,37626
845,0.038382,1,37627
846,0.038382,1,37628
847,0.0383694,1,37627
848,0.038263,1,37627
849,0.038263,1,37626
850,0.038263,1,37627
851,0.0381403,1,37125
852,0.0380372,1,37125
853,0.0379004,1,37627
854,0.0379004,1,37627
855,0.0378668,1,37125
856,0.0375769,1,37626
857,0.0375769,1,37627
858,0.0373516,1,37626
859,0.0372925,1,37126
860,0.0372697,1,37628
861,0.0371717,1,37626
862,0.0371717,1,37125
863,0.0370523,1,37126
864,0.0370523,1,37126
865,0.0369334,1,37627
866,0.0369334,1,37126
867,0.0369272,1,37628
868,0.0369272,1,37627
869,0.0367696,1,37627
870,0.0366645,1,37125
871,0.0364351,1,37627
872,0.0364351,1,37627
873,0.0361139,1,37626
874,0.0359561,1,37626
875,0.0359561,1,37626
876,0.0359561,1,37627
877,0.0359561,1,37627
878,0.0358355,1,37126
879,0.0357834,1,37626
880,0.0354133,1,37627
881,0.0354133,1,37627
882,0.0354133,1,38127
883,0.0352807,1,37126
884,0.0351146,1,37627
885,0.0349089,1,37124
886,0.0347797,1,37627
887,0.0345651,1,37627
888,0.0345651,1,37628
889,0.0345651,1,37126
890,0.0343772,1,37126
891,0.0342996,1,37628
892,0.0341993,1,38128
893,0.0339968,1,37626
894,0.0339968,1,37125
895,0.033995,1,37125
896,0.033995,1,37125
897,0.0339338,1,37627
898,0.0335888,1,37628
899,0.0335888,1,38128
900,0.0335888,1,37124
901,0.033452,1,38128
902,0.0333271,1,37627
903,0.0333069,1,37124
904,0.0332777,1,37124
905,0.0331377,1,37626
906,0.0330815,1,37628
907,0.0330785,1,37626
908,0.0330785,1,37125
909,0.0330785,1,38128
910,0.0329866,1,37627
911,0.0329866,1,37125
912,0.0329866,1,37627
913,0.0329866,1,38129
914,0.0329738,1,37626
915,0.032836,1,37627
916,0.0327896,1,37126
917,0.0327861,1,37626
918,0.0327062,1,37626
919,0.0326823,1,38128
920,0.0326823,1,38128
921,0.0325691,1,37628
922,0.0325081,1,37627
923,0.0323881,1,38128
924,0.0323711,1,37627
925,0.0323711,1,37626
926,0.0323053,1,38129
927,0.0322273,1,37125
928,0.0321278,1,37627
929,0.0321278,1,37626
930,0.0321278,1,37627
931,0.0319701,1,37627
932,0.0319701,1,37627
933,0.0317927,1,37627
934,0.0317139,1,37626
935,0.0316875,1,38129
936,0.0316875,1,37628
937,0.0316568,1,37125
938,0.0316344,1,37126
939,0.0316344,1,37628
940,0.0315778,1,37126
941,0.031561,1,37126
942,0.0315067,1,37125
943,0.0314981,1,37125
944,0.0314981,1,37627
945,0.0314779,1,37126
946,0.0314779,1,37126
947,0.0314359,1,37627
948,0.031396,1,37126
949,0.0313714,1,37627
950,0.0313714,1,37126
951,0.0313714,1,37628
952,0.0313436,1,37125
953,0.0313436,1,37627
954,0.0313269,1,38129
955,0.0313235,1,37627
956,0.0313235,1,37627
957,0.0313175,1,37625
958,0.0313119,1,37627
959,0.0313037,1,37628
960,0.0312951,1,37627
961,0.0312951,1,37125
962,0.0312951,1,37627
963,0.0312124,1,37125
964,0.0311788,1,37627
965,0.0309817,1,37124
966,0.0309386,1,37125
967,0.0309085,1,38128
968,0.030716,1,37627
969,0.0306717,1,37126
970,0.0306315,1,37627
971,0.0306315,1,37626
972,0.0306315,1,37627
973,0.0306315,1,37627
974,0.0305748,1,37625
975,0.0305748,1,37626
976,0.0305678,1,37626
977,0.0305678,1,37626
978,0.0305678,1,37627
979,0.0305649,1,37125
980,0.0305649,1,37628
981,0.0305649,1,37626
982,0.0305649,1,37124
983,0.0305525,1,37627
984,0.0305525,1,37628
985,0.0305212,1,37127
986,0.0304402,1,37125
987,0.0304402,1,37628
988,0.0304321,1,38129
989,0.0304321,1,37124
990,0.0304187,1,37125
991,0.0304172,1,37627
992,0.0304172,1,37125
993,0.0304129,1,37627
994,0.0304076,1,38128
995,0.0304076,1,37627
996,0.0304058,1,38129
997,0.0304026,1,37627
998,0.0304011,1,37125
999,0.0304003,1,37627
Done! Press enter to close the program.
