Normalizing data...
Randomizing order of the data...
Creating Neural Network (13, 7, 3)
Current weights set to:
0.0570055, -0.0350566, 0.0842036, -0.0903867, 0.046617, 0.00748009, 0.0744255, -0.0704276, -0.0176, -0.0896237, -0.0568285, 0.0664174, -0.0835444, -0.0470138, 0.0454451, -0.0240638, 0.0189795, -0.088049, 0.0896908, -0.0823603, 0.0568773, -0.0497116, 0.0955687, 0.00649129, 0.063451, -0.0665761, 0.0707999, -0.0926939, 0.0803095, -0.071569, -0.0615528, -0.022074, -0.0472091, -0.0572436, -0.0541368, -0.0325358, 0.0601856, 0.0585742, 0.0864193, 0.0759453, -0.0380963, 0.0191748, -0.0345012, 0.0814386, 0.0410321, 0.0235023, 0.0418378, -0.0589282, -0.073748, -0.0148167, 0.075457, -0.0278665, -0.0263344, 0.0122105, -0.0864498, 0.0194311, -0.0104709, -0.0363811, 0.0455245, -0.0846858, 0.0753288, 0.0393719, 0.0583056, 0.0384991, -0.0236915, 0.0596545, 0.0234596, 0.0778985, 0.014835, -0.0100803, -0.052916, 0.00790735, -0.0102939, -0.0321512, -0.0861202, -0.0188208, -0.0772332, -0.0114536, 0.0565966, -0.0547655, 0.0340373, -0.0958373, -0.0178442, 0.0891964, 0.0265908, 0.0942503, -0.0143773, -0.0732231, 0.0624683, 0.0630177, 0.083343, -0.0780572, -0.089172, -0.0801447, -0.0035432, 0.0633106, 0.0496689, -0.000711081, -0.0839351, 0.0936888, 0.0022248, -0.0234291, -0.0187048, 0.000900296, 0.0894833, -0.0646413, -0.0985473, 0.0762383, 0.0798761, -0.0565233, 0.0536485, -0.053325, -0.0824396, -0.00683309, 0.0870052, 0.0872311, 0.010416, 0.0620899, -0.0352519, 0.0195959, 0.0590625, -0.0488021, 0.0755181, -0.0966002, -0.0918455, 0.0558885, -0.0550523, -0.0737541, 0.001236, -0.0734611, -0.0209937, -0.00112003, -0.079754, -0.0251686, -0.0298563,


Starting training using PSO on Wine Data Set
Press enter to start the training.

0,98.9828,0.58427,37627
1,98.9828,0.58427,38130
2,81.4858,0.775281,38128
3,75.1036,0.752809,38130
4,68.9716,0.831461,38127
5,65.0152,0.775281,38630
6,47.4544,0.898876,38632
7,47.1825,0.876404,38128
8,47.1825,0.876404,37627
9,47.052,0.848315,37627
10,35.3311,0.910112,38631
11,30.9035,0.926966,37627
12,30.9035,0.926966,38129
13,30.9035,0.926966,37625
14,30.9035,0.926966,38128
15,25.6561,0.932584,38129
16,25.3508,0.966292,37627
17,25.3508,0.966292,37627
18,25.3508,0.966292,38129
19,25.3508,0.966292,37627
20,24.8389,0.97191,37626
21,24.8389,0.97191,37624
22,21.4204,0.966292,39634
23,21.4204,0.966292,37627
24,21.4204,0.966292,38631
25,21.4204,0.966292,37628
26,21.4204,0.966292,40135
27,21.4204,0.966292,38628
28,21.4204,0.966292,37628
29,21.4204,0.966292,37628
30,21.1567,0.966292,38630
31,21.1567,0.966292,37627
32,21.0393,0.966292,37627
33,21.0393,0.966292,37624
34,17.4919,0.97191,38126
35,16.7878,0.966292,38129
36,16.273,0.966292,37627
37,16.273,0.966292,38629
38,15.8089,0.97191,38632
39,15.8089,0.97191,37625
40,15.8089,0.97191,37628
41,15.8089,0.97191,37628
42,15.4577,0.960674,38630
43,15.4577,0.960674,38128
44,15.4577,0.960674,39634
45,15.4577,0.960674,38128
46,14.9327,0.960674,37627
47,14.9327,0.960674,37627
48,14.8364,0.966292,38630
49,14.8364,0.966292,38126
50,14.8364,0.966292,41139
51,14.8364,0.966292,39633
52,14.8364,0.966292,37628
53,14.2762,0.966292,37627
54,14.2762,0.966292,38129
55,13.8045,0.966292,39132
56,13.0248,0.97191,38630
57,12.0356,0.977528,40136
58,12.0356,0.977528,38129
59,11.3029,0.977528,38128
60,11.3029,0.977528,38630
61,10.4441,0.97191,38130
62,10.4441,0.97191,37627
63,10.4441,0.97191,40638
64,10.4441,0.97191,38127
65,10.222,0.983146,39133
66,10.222,0.983146,40135
67,10.0255,0.983146,38129
68,9.22404,0.983146,38129
69,9.01436,0.977528,38128
70,9.01436,0.977528,38128
71,9.01436,0.977528,38129
72,8.38545,0.988764,37628
73,8.38545,0.988764,40639
74,8.38545,0.988764,38129
75,8.38545,0.988764,39134
76,8.25502,0.977528,38127
77,7.94592,0.988764,38632
78,7.94592,0.988764,38128
79,7.94592,0.988764,38631
80,7.94592,0.988764,40637
81,6.73742,0.988764,39131
82,6.73742,0.988764,44149
83,6.73742,0.988764,39633
84,6.73742,0.988764,39131
85,6.70099,0.983146,38128
86,6.70099,0.983146,37627
87,6.64645,0.983146,38128
88,6.64279,0.988764,38630
89,5.92444,0.988764,42644
90,5.92444,0.988764,40136
91,5.92444,0.988764,39132
92,5.92444,0.988764,37627
93,5.92444,0.988764,37627
94,5.63534,0.988764,38129
95,5.52191,0.988764,37627
96,5.52191,0.988764,38129
97,5.08868,0.994382,38630
98,5.03635,0.988764,37627
99,4.83834,0.988764,38129
100,4.83834,0.988764,37627
101,4.83834,0.988764,37627
102,4.83834,0.988764,38631
103,4.80654,0.988764,37627
104,4.80654,0.988764,38128
105,4.7147,0.988764,37628
106,4.69605,0.988764,40133
107,4.69605,0.988764,39132
108,4.69325,0.988764,38630
109,4.69325,0.988764,38128
110,4.69325,0.988764,38630
111,4.67058,0.988764,38630
112,4.67058,0.988764,39634
113,4.67058,0.988764,38125
114,4.63342,0.988764,39132
115,4.60279,0.988764,39132
116,4.58269,0.988764,38128
117,4.58269,0.988764,40135
118,4.53628,0.988764,39132
119,4.53628,0.988764,40135
120,4.53628,0.988764,37627
121,4.53628,0.988764,47661
122,4.43231,0.988764,37627
123,4.43231,0.988764,37628
124,4.43231,0.988764,38129
125,4.39492,0.988764,38630
126,4.39492,0.988764,43648
127,4.38352,0.988764,46155
128,4.38352,0.988764,38630
129,4.35862,0.988764,41640
130,4.35862,0.988764,39634
131,4.35862,0.988764,39132
132,4.33819,0.988764,40636
133,4.33819,0.988764,39132
134,4.33819,0.988764,40135
135,4.33077,0.988764,38630
136,4.29037,0.988764,38129
137,4.29037,0.988764,40136
138,4.29037,0.988764,39133
139,4.22134,0.988764,46156
140,4.08725,0.988764,38128
141,4.08725,0.988764,38130
142,4.08725,0.988764,38128
143,4.03937,0.988764,39634
144,4.03937,0.988764,37626
145,4.02389,0.988764,39131
146,3.99772,0.988764,39634
147,3.99772,0.988764,38129
148,3.98691,0.988764,41642
149,3.94697,0.988764,42646
150,3.93596,0.988764,38128
151,3.92039,0.988764,38128
152,3.84418,0.988764,38128
153,3.84418,0.988764,38631
154,3.84418,0.988764,41138
155,3.84418,0.988764,38630
156,3.77828,0.988764,37627
157,3.77828,0.988764,41140
158,3.74624,0.994382,41641
159,3.72382,0.994382,42142
160,3.70059,0.988764,39634
161,3.64246,0.988764,38128
162,3.64246,0.988764,41139
163,3.57812,0.988764,39132
164,3.57812,0.988764,46656
165,3.57082,0.988764,39132
166,3.57082,0.988764,45153
167,3.56249,0.988764,37626
168,3.56249,0.988764,40134
169,3.56249,0.988764,38128
170,3.54733,0.988764,38630
171,3.54733,0.988764,38631
172,3.54043,0.988764,42644
173,3.49999,0.988764,38128
174,3.49999,0.988764,38630
175,3.49162,0.988764,38630
176,3.49162,0.988764,37627
177,3.49162,0.988764,37627
178,3.48928,0.988764,37626
179,3.48928,0.988764,40135
180,3.44818,0.988764,38630
181,3.44818,0.988764,38631
182,3.43364,0.988764,38630
183,3.43364,0.988764,39635
184,3.42613,0.988764,39635
185,3.40655,0.994382,40136
186,3.29752,0.994382,38129
187,3.23942,0.994382,42141
188,3.23942,0.994382,40135
189,3.19555,0.988764,38128
190,3.19555,0.988764,39133
191,3.19555,0.988764,37628
192,3.19555,0.988764,39131
193,3.19555,0.988764,38131
194,3.19555,0.988764,37625
195,3.19555,0.988764,38630
196,3.19555,0.988764,38630
197,3.14319,0.994382,38630
198,3.12545,0.994382,39634
199,3.12545,0.994382,38129
200,3.11904,0.994382,40638
201,3.11904,0.994382,38128
202,3.11904,0.994382,38129
203,3.11904,0.994382,39132
204,3.11904,0.994382,38629
205,3.11904,0.994382,38128
206,3.10062,0.994382,38129
207,3.10062,0.994382,38128
208,3.09578,0.994382,38632
209,3.09578,0.994382,38631
210,3.0943,0.994382,37625
211,3.09302,0.994382,37626
212,3.09302,0.994382,38129
213,3.07728,0.994382,39131
214,3.07728,0.994382,39634
215,3.05367,0.994382,38630
216,3.05367,0.994382,38129
217,3.05367,0.994382,39133
218,3.04512,0.994382,38629
219,3.00775,0.994382,38130
220,2.97353,0.994382,38128
221,2.97353,0.994382,38128
222,2.95668,0.994382,38129
223,2.95262,0.994382,40637
224,2.94446,0.994382,46656
225,2.92801,0.994382,38131
226,2.92801,0.994382,38631
227,2.92801,0.994382,37627
228,2.91044,0.994382,40637
229,2.87197,0.994382,39132
230,2.87197,0.994382,39131
231,2.8691,0.994382,40134
232,2.8691,0.994382,38130
233,2.8691,0.994382,38632
234,2.8691,0.994382,39632
235,2.86216,0.994382,38631
236,2.86216,0.994382,39132
237,2.84098,0.994382,39634
238,2.84098,0.994382,38630
239,2.82414,0.994382,38129
240,2.82094,0.994382,39134
241,2.79044,0.994382,38630
242,2.79044,0.994382,38631
243,2.79044,0.994382,38633
244,2.78463,0.994382,37625
245,2.78463,0.994382,37627
246,2.78463,0.994382,38128
247,2.71868,0.994382,38128
248,2.67356,0.994382,38129
249,2.67356,0.994382,37629
250,2.67356,0.994382,38630
251,2.67356,0.994382,38630
252,2.66045,0.994382,37627
253,2.6068,0.994382,39131
254,2.55947,0.994382,37627
255,2.55947,0.994382,41640
256,2.55947,0.994382,38629
257,2.55947,0.994382,38630
258,2.55947,0.994382,38129
259,2.55947,0.994382,39634
260,2.55947,0.994382,41138
261,2.55043,0.994382,40637
262,2.29463,0.994382,37627
263,2.29463,0.994382,38129
264,1.93486,0.994382,38128
265,1.93486,0.994382,38130
266,1.80111,0.994382,38628
267,1.80111,0.994382,40136
268,1.80111,0.994382,38129
269,1.80111,0.994382,39633
270,1.80111,0.994382,39132
271,1.77922,0.994382,38630
272,1.73747,0.994382,38630
273,1.65185,1,39631
274,1.61611,1,46156
275,1.59455,1,38632
276,1.58286,1,38129
277,1.57004,1,38131
278,1.56034,1,38128
279,1.5536,1,38131
280,1.52522,1,38629
281,1.5191,1,39633
282,1.47954,1,38129
283,1.42712,1,38129
284,1.38919,1,38631
285,1.34174,1,41139
286,1.33151,1,40635
287,1.33151,1,37626
288,1.31146,1,39634
289,1.31146,1,38129
290,1.29094,1,39132
291,1.27414,1,38128
292,1.27414,1,39132
293,1.27414,1,39132
294,1.27414,1,41138
295,1.23954,1,38630
296,1.23954,1,42143
297,1.23954,1,37627
298,1.23954,1,38129
299,1.2307,1,37629
300,1.21388,1,38129
301,1.19732,1,38630
302,1.19732,1,38128
303,1.18434,1,38631
304,1.18434,1,40133
305,1.17796,1,37627
306,1.17374,1,38631
307,1.17374,1,37627
308,1.17374,1,38129
309,1.17374,1,38631
310,1.16692,1,40135
311,1.16426,1,38129
312,1.15196,1,38129
313,1.13866,1,38630
314,1.13829,1,37627
315,1.13699,1,38632
316,1.13699,1,38129
317,1.13699,1,38629
318,1.12706,1,38630
319,1.12706,1,37626
320,0.986589,1,39634
321,0.907907,1,37627
322,0.907907,1,38630
323,0.907907,1,40637
324,0.907907,1,42142
325,0.731594,1,38129
326,0.64782,1,37627
327,0.572978,1,38630
328,0.572978,1,38128
329,0.48833,1,37627
330,0.48833,1,38128
331,0.473791,1,39634
332,0.439584,1,38630
333,0.435804,1,38129
334,0.39664,1,38630
335,0.386212,1,40136
336,0.386212,1,39631
337,0.380836,1,38128
338,0.380836,1,38631
339,0.380836,1,37628
340,0.380836,1,38630
341,0.374572,1,37627
342,0.360557,1,38128
343,0.360557,1,38128
344,0.359664,1,37627
345,0.358045,1,38629
346,0.357337,1,37627
347,0.356565,1,38129
348,0.356565,1,40638
349,0.356565,1,38127
350,0.351944,1,38129
351,0.351944,1,38630
352,0.348143,1,38128
353,0.348143,1,38631
354,0.345669,1,39132
355,0.345669,1,45152
356,0.34544,1,37627
357,0.34544,1,38630
358,0.34544,1,37627
359,0.34544,1,37629
360,0.344101,1,40136
361,0.344101,1,39634
362,0.343987,1,38630
363,0.342702,1,38629
364,0.328029,1,38631
365,0.328029,1,38630
366,0.328029,1,38128
367,0.325751,1,38629
368,0.322039,1,38129
369,0.312725,1,39134
370,0.312725,1,38128
371,0.311545,1,38629
372,0.311545,1,38630
373,0.307309,1,39633
374,0.303203,1,42141
375,0.29485,1,40136
376,0.29485,1,38631
377,0.29485,1,38129
378,0.291836,1,38630
379,0.288417,1,37625
380,0.284507,1,38131
381,0.284507,1,39132
382,0.284507,1,37125
383,0.284507,1,39132
384,0.284507,1,39632
385,0.284507,1,38630
386,0.283046,1,38630
387,0.283046,1,38131
388,0.275945,1,41641
389,0.275945,1,38129
390,0.275519,1,38630
391,0.275519,1,39130
392,0.275519,1,37627
393,0.274062,1,38628
394,0.274062,1,37627
395,0.274062,1,38129
396,0.273962,1,39131
397,0.273962,1,38129
398,0.271813,1,38128
399,0.2708,1,38631
400,0.270479,1,38129
401,0.270479,1,38630
402,0.270479,1,39132
403,0.270095,1,40135
404,0.270095,1,38630
405,0.270095,1,37627
406,0.263736,1,38130
407,0.263736,1,38129
408,0.263736,1,38129
409,0.263605,1,38631
410,0.263605,1,37627
411,0.263605,1,37627
412,0.260536,1,38633
413,0.260536,1,39133
414,0.260536,1,37627
415,0.260536,1,42140
416,0.250068,1,43146
417,0.245771,1,37125
418,0.238864,1,39634
419,0.238864,1,38630
420,0.238864,1,38128
421,0.238864,1,38631
422,0.234587,1,40136
423,0.231772,1,39632
424,0.231772,1,37629
425,0.231772,1,38632
426,0.231772,1,38633
427,0.22984,1,37625
428,0.22984,1,40639
429,0.22984,1,39633
430,0.22984,1,38630
431,0.22984,1,38129
432,0.229035,1,37626
433,0.229035,1,38630
434,0.229035,1,38128
435,0.228337,1,39634
436,0.225991,1,39133
437,0.225672,1,38630
438,0.224828,1,38140
439,0.224828,1,38131
440,0.224828,1,39634
441,0.212593,1,45151
442,0.212593,1,38129
443,0.208863,1,38631
444,0.208863,1,37626
445,0.208863,1,42141
446,0.208863,1,40135
447,0.207669,1,38128
448,0.203776,1,39635
449,0.203776,1,39131
450,0.203776,1,41641
451,0.202664,1,38130
452,0.202664,1,38630
453,0.202664,1,40137
454,0.202664,1,39131
455,0.202664,1,40636
456,0.200796,1,38130
457,0.200796,1,37627
458,0.199623,1,39124
459,0.199623,1,39132
460,0.199623,1,41639
461,0.199623,1,40136
462,0.199616,1,38129
463,0.19877,1,43649
464,0.19877,1,42642
465,0.198543,1,38128
466,0.198543,1,38130
467,0.197206,1,37626
468,0.196845,1,38129
469,0.196845,1,39131
470,0.196845,1,38129
471,0.196272,1,37627
472,0.196272,1,39632
473,0.196108,1,46155
474,0.196108,1,38129
475,0.195692,1,39132
476,0.195692,1,37627
477,0.19482,1,39132
478,0.19482,1,47159
479,0.1948,1,38630
480,0.1948,1,38630
481,0.193567,1,37628
482,0.193567,1,37628
483,0.192728,1,37627
484,0.192728,1,38629
485,0.191689,1,39635
486,0.191689,1,49165
487,0.191689,1,38631
488,0.191689,1,40138
489,0.191208,1,39633
490,0.191055,1,49166
491,0.188479,1,39634
492,0.184692,1,39131
493,0.182021,1,40133
494,0.182021,1,38630
495,0.182021,1,40136
496,0.182021,1,38632
497,0.182021,1,39634
498,0.182021,1,42139
499,0.1806,1,44148
500,0.1806,1,38128
501,0.1806,1,38630
502,0.180412,1,38128
503,0.180412,1,37626
504,0.180412,1,37628
505,0.178573,1,38126
506,0.178573,1,38631
507,0.178573,1,38633
508,0.178573,1,38628
509,0.177117,1,41138
510,0.17613,1,38128
511,0.17613,1,38126
512,0.175773,1,39634
513,0.174995,1,38128
514,0.174715,1,39635
515,0.174653,1,38631
516,0.174653,1,37625
517,0.174555,1,38129
518,0.174555,1,38631
519,0.171824,1,41642
520,0.171824,1,38127
521,0.171824,1,38632
522,0.171824,1,39131
523,0.171441,1,40638
524,0.171441,1,38129
525,0.171441,1,38630
526,0.171441,1,38632
527,0.171441,1,39633
528,0.171441,1,38631
529,0.169365,1,39633
530,0.169365,1,38129
531,0.167637,1,38128
532,0.167637,1,38630
533,0.167637,1,38129
534,0.167637,1,37626
535,0.167517,1,38631
536,0.167517,1,39133
537,0.164429,1,39132
538,0.164429,1,40640
539,0.163387,1,38128
540,0.163387,1,38630
541,0.163181,1,39634
542,0.163158,1,37627
543,0.163158,1,39132
544,0.162679,1,37627
545,0.162679,1,38631
546,0.162679,1,38128
547,0.162561,1,38632
548,0.162195,1,38628
549,0.162195,1,38631
550,0.162001,1,38128
551,0.162001,1,37627
552,0.162001,1,39634
553,0.161907,1,38630
554,0.161907,1,42142
555,0.161823,1,39133
556,0.159002,1,38129
557,0.156164,1,38631
558,0.15573,1,37627
559,0.15573,1,38628
560,0.155364,1,45653
561,0.155086,1,40638
562,0.148948,1,37627
563,0.148948,1,38630
564,0.148948,1,38128
565,0.148948,1,38129
566,0.148948,1,38129
567,0.148948,1,38631
568,0.148948,1,40637
569,0.148948,1,38632
570,0.145181,1,40135
571,0.144358,1,42142
572,0.142704,1,39132
573,0.142545,1,40637
574,0.141608,1,43145
575,0.141005,1,41641
576,0.138883,1,42644
577,0.137991,1,38129
578,0.137774,1,37627
579,0.137774,1,37628
580,0.137307,1,37626
581,0.136602,1,40134
582,0.136315,1,38630
583,0.136315,1,39636
584,0.131633,1,38127
585,0.131633,1,38630
586,0.131633,1,39132
587,0.12998,1,38630
588,0.12998,1,42644
589,0.129814,1,45655
590,0.129652,1,38630
591,0.128052,1,37627
592,0.128052,1,43144
593,0.127571,1,43146
594,0.127571,1,38128
595,0.127571,1,48161
596,0.127416,1,39132
597,0.127416,1,38631
598,0.127416,1,38130
599,0.127146,1,38130
600,0.127146,1,38129
601,0.127074,1,39634
602,0.127074,1,37627
603,0.127072,1,42143
604,0.126909,1,37626
605,0.126909,1,38129
606,0.126909,1,38630
607,0.126909,1,39132
608,0.126909,1,38126
609,0.126909,1,38131
610,0.126421,1,38128
611,0.126421,1,38126
612,0.12536,1,40638
613,0.12536,1,43646
614,0.12536,1,39634
615,0.12536,1,40637
616,0.125076,1,40639
617,0.125076,1,37632
618,0.125076,1,38631
619,0.124767,1,39633
620,0.124767,1,39635
621,0.124684,1,38128
622,0.123951,1,38129
623,0.123708,1,38131
624,0.123472,1,37627
625,0.123472,1,38127
626,0.123472,1,40136
627,0.123364,1,40639
628,0.123364,1,38129
629,0.123364,1,38128
630,0.123281,1,39634
631,0.123281,1,41641
632,0.122906,1,39131
633,0.122239,1,38129
634,0.122016,1,37627
635,0.121463,1,38630
636,0.121217,1,38630
637,0.121002,1,38129
638,0.115489,1,39633
639,0.111608,1,41139
640,0.107018,1,38632
641,0.106051,1,37627
642,0.106051,1,43147
643,0.106051,1,39635
644,0.104106,1,38127
645,0.104046,1,43648
646,0.102481,1,38129
647,0.0987685,1,39132
648,0.0971018,1,40637
649,0.0971018,1,41141
650,0.0966926,1,44650
651,0.0966926,1,39636
652,0.0966926,1,46656
653,0.0966926,1,38127
654,0.0966926,1,38130
655,0.0966926,1,37627
656,0.0966926,1,41639
657,0.0962067,1,38629
658,0.0944517,1,38632
659,0.0944517,1,38629
660,0.0944517,1,37627
661,0.0944517,1,38630
662,0.0944517,1,39633
663,0.0944517,1,41641
664,0.0922937,1,38128
665,0.0922937,1,37627
666,0.0922604,1,37627
667,0.0922413,1,38130
668,0.0918426,1,47159
669,0.0918426,1,38631
670,0.091716,1,37626
671,0.0913899,1,38129
672,0.0913899,1,39131
673,0.0913899,1,38630
674,0.0913899,1,39636
675,0.0913899,1,37626
676,0.0904967,1,37628
677,0.0897036,1,38632
678,0.0878973,1,38628
679,0.0872816,1,39132
680,0.0872816,1,40637
681,0.0872816,1,38131
682,0.0864518,1,38127
683,0.0864518,1,38630
684,0.0863997,1,41640
685,0.0863997,1,37628
686,0.0841179,1,38128
687,0.0841179,1,40636
688,0.0841179,1,40638
689,0.0841179,1,40135
690,0.0828698,1,38631
691,0.0828698,1,38630
692,0.0828698,1,37627
693,0.0828698,1,38632
694,0.0826762,1,43645
695,0.0826762,1,37627
696,0.0826762,1,39133
697,0.0822421,1,37628
698,0.0808927,1,37624
699,0.0808817,1,38128
700,0.0808817,1,38632
701,0.0806488,1,46657
702,0.079929,1,38631
703,0.0793405,1,38630
704,0.0793405,1,38630
705,0.07892,1,38130
706,0.07892,1,38629
707,0.07892,1,38129
708,0.07892,1,38128
709,0.0781886,1,38130
710,0.0781886,1,38632
711,0.0780011,1,44650
712,0.0769161,1,41641
713,0.0742835,1,38129
714,0.073563,1,38129
715,0.0735108,1,37627
716,0.0728477,1,38632
717,0.0728084,1,39131
718,0.0705665,1,40637
719,0.0704735,1,38628
720,0.069875,1,37627
721,0.069875,1,38128
722,0.0683847,1,37629
723,0.0676879,1,38131
724,0.067617,1,37124
725,0.065569,1,37628
726,0.0653539,1,38631
727,0.0653539,1,38126
728,0.0653539,1,38126
729,0.0632351,1,37627
730,0.0632351,1,37627
731,0.0630717,1,37627
732,0.0618009,1,38131
733,0.0618009,1,38128
734,0.0607772,1,38630
735,0.0607772,1,41138
736,0.0607772,1,39131
737,0.0598742,1,37627
738,0.0598742,1,46156
739,0.0598742,1,38129
740,0.0598742,1,40136
741,0.0598742,1,41139
742,0.0598742,1,38630
743,0.0598742,1,37628
744,0.0598742,1,37628
745,0.0598742,1,38129
746,0.0598742,1,38629
747,0.059714,1,39130
748,0.058811,1,38630
749,0.0582204,1,39633
750,0.0582204,1,39633
751,0.0578115,1,38129
752,0.0573818,1,38129
753,0.0554892,1,41640
754,0.0554892,1,38129
755,0.0554892,1,38630
756,0.0551319,1,41139
757,0.0551319,1,37627
758,0.0550138,1,38630
759,0.0548524,1,42143
760,0.0543264,1,39132
761,0.0465008,1,39634
762,0.0410693,1,40135
763,0.0410693,1,38128
764,0.0389279,1,40137
765,0.0340781,1,39633
766,0.0340781,1,38630
767,0.0316765,1,38127
768,0.0316765,1,38629
769,0.0312772,1,39634
770,0.0270363,1,37625
771,0.0270363,1,38630
772,0.0261118,1,38129
773,0.0261118,1,37627
774,0.0261118,1,38130
775,0.0254187,1,39633
776,0.0244237,1,37627
777,0.0218675,1,39131
778,0.0218675,1,39634
779,0.0212695,1,41139
780,0.0186286,1,38128
781,0.0186286,1,39635
782,0.0173343,1,39132
783,0.0173343,1,38131
784,0.0173343,1,38129
785,0.0170518,1,38128
786,0.0170518,1,38129
787,0.016895,1,37125
788,0.0160287,1,38630
789,0.0159494,1,43146
790,0.0158586,1,39132
791,0.0148948,1,40638
792,0.0136787,1,40135
793,0.0136606,1,39132
794,0.0136606,1,41139
795,0.0136606,1,39132
796,0.0135533,1,39635
797,0.0135371,1,37628
798,0.013509,1,38129
799,0.013509,1,39632
800,0.013509,1,40636
801,0.013509,1,38128
802,0.0131393,1,37627
803,0.0131393,1,38129
804,0.0131121,1,44149
805,0.0116716,1,46658
806,0.0116716,1,38128
807,0.0116716,1,39633
808,0.0115824,1,38631
809,0.0115824,1,38630
810,0.0109435,1,41638
811,0.0109435,1,37627
812,0.0109435,1,38129
813,0.0101559,1,37627
814,0.0098032,1,37627
815,0.00912282,1,40136
816,0.00912282,1,42142
817,0.00902786,1,38630
818,0.00902786,1,38128
819,0.00888667,1,37628
820,0.00836668,1,38632
821,0.00824579,1,37627
822,0.00814629,1,37627
823,0.00778896,1,38631
824,0.00778896,1,38630
825,0.00778896,1,38128
826,0.00778896,1,38129
827,0.00766398,1,38127
828,0.00760626,1,38129
829,0.00760626,1,39130
830,0.00760626,1,38127
831,0.00760626,1,38130
832,0.0069616,1,37627
833,0.0062857,1,39131
834,0.0062857,1,38129
835,0.0062857,1,37628
836,0.00602171,1,38630
837,0.00592316,1,38129
838,0.00572372,1,38631
839,0.00572372,1,37627
840,0.00572372,1,38630
841,0.0056725,1,38631
842,0.00563616,1,37628
843,0.00562822,1,38129
844,0.00562822,1,38633
845,0.00562772,1,39130
846,0.00561524,1,38629
847,0.00561524,1,40634
848,0.00561524,1,39132
849,0.00556392,1,39132
850,0.00553348,1,38128
851,0.00553348,1,39132
852,0.00548288,1,40136
853,0.00545771,1,38630
854,0.00545059,1,42142
855,0.00545054,1,37628
856,0.00545054,1,37628
857,0.00544908,1,39632
858,0.00544836,1,38631
859,0.00540487,1,39634
860,0.00540487,1,40638
861,0.00536543,1,39132
862,0.00533186,1,41138
863,0.00468778,1,39633
864,0.0046338,1,38129
865,0.0046338,1,37627
866,0.00442416,1,41138
867,0.00442416,1,40137
868,0.00442416,1,40136
869,0.00442416,1,39634
870,0.00412421,1,40637
871,0.00404286,1,42644
872,0.00398368,1,37627
873,0.00398368,1,39133
874,0.00347237,1,40134
875,0.00347237,1,38130
876,0.00342196,1,39133
877,0.00333047,1,37627
878,0.00257514,1,38629
879,0.00257514,1,38129
880,0.00239162,1,38631
881,0.00239162,1,38127
882,0.00239162,1,37627
883,0.00239162,1,39131
884,0.00221522,1,38129
885,0.00194845,1,38128
886,0.00187405,1,44151
887,0.00187405,1,39133
888,0.00187405,1,38630
889,0.00187405,1,38128
890,0.00186443,1,37627
891,0.00186443,1,38130
892,0.00180383,1,38630
893,0.00180383,1,38630
894,0.00178431,1,38131
895,0.00178431,1,38631
896,0.00178431,1,37626
897,0.00177363,1,39130
898,0.00173054,1,38129
899,0.00171571,1,38129
900,0.00171571,1,44150
901,0.00167494,1,37628
902,0.0016423,1,38630
903,0.00163959,1,38631
904,0.00163959,1,38630
905,0.00163799,1,38630
906,0.00153852,1,37628
907,0.00151011,1,37628
908,0.00150262,1,37624
909,0.00149822,1,40136
910,0.00149477,1,37628
911,0.00149477,1,38127
912,0.00149477,1,37626
913,0.00144706,1,38631
914,0.00144706,1,38631
915,0.00144706,1,37627
916,0.00144706,1,38128
917,0.00141189,1,39132
918,0.00141189,1,37628
919,0.00140574,1,38128
920,0.00136227,1,38633
921,0.00134869,1,40134
922,0.00134869,1,38129
923,0.00134869,1,38129
924,0.00134869,1,38631
925,0.00134869,1,38130
926,0.00134869,1,38631
927,0.00134869,1,38629
928,0.00134869,1,38129
929,0.00134869,1,38128
930,0.00134744,1,38630
931,0.00134744,1,40135
932,0.00134561,1,37627
933,0.00134561,1,39635
934,0.00134561,1,43645
935,0.00134417,1,38129
936,0.00134417,1,39131
937,0.00134417,1,41139
938,0.00134417,1,39633
939,0.00134417,1,38128
940,0.00134417,1,40637
941,0.00134417,1,37626
942,0.00134417,1,40136
943,0.00134078,1,39634
944,0.00133953,1,38129
945,0.00133953,1,41139
946,0.00133953,1,37625
947,0.00133953,1,38128
948,0.00133941,1,38128
949,0.00133655,1,39634
950,0.00133655,1,38128
951,0.00133655,1,39633
952,0.00133655,1,38630
953,0.00133655,1,40636
954,0.00133655,1,38130
955,0.00133587,1,38129
956,0.00133422,1,38128
957,0.00132993,1,37626
958,0.00132786,1,39634
959,0.00132786,1,37629
960,0.00132786,1,38629
961,0.00132786,1,37627
962,0.00132786,1,40638
963,0.00132547,1,37627
964,0.00132319,1,37627
965,0.00131954,1,38630
966,0.00131867,1,39132
967,0.00127979,1,38632
968,0.00127979,1,38129
969,0.00125163,1,38126
970,0.00123102,1,38128
971,0.00123102,1,38128
972,0.00123102,1,38128
973,0.00123102,1,39133
974,0.00122843,1,39633
975,0.00121438,1,39132
976,0.00120461,1,40637
977,0.00118292,1,37626
978,0.00114435,1,37627
979,0.0011278,1,38129
980,0.00109246,1,37627
981,0.00109246,1,38128
982,0.0010714,1,38630
983,0.00103482,1,38127
984,0.00103482,1,38128
985,0.00103482,1,38631
986,0.00100271,1,38129
987,0.000959866,1,38130
988,0.000957919,1,37627
989,0.000957919,1,38128
990,0.000957919,1,38127
991,0.000938646,1,38129
992,0.000921058,1,38129
993,0.000921058,1,38129
994,0.000875717,1,38128
995,0.000875717,1,37627
996,0.000817105,1,38630
997,0.000817105,1,37629
998,0.000817105,1,37626
999,0.000817105,1,38129
Done! Press enter to close the program.
