Normalizing data...
Randomizing order of the data...
Creating Neural Network (9, 7, 2)
Current weights set to:
0.0418378, -0.00809656, 0.0511216, 0.0888974, -0.00163274, 0.0944029, -0.0456954, -0.0335795, -0.052916, 0.0766533, 0.00557573, -0.0310404, 0.0192724, -0.0258217, -0.0898495, 0.0453536, 0.0747673, -0.0115452, 0.0207862, -0.0340007, 0.0165136, 0.0681509, 0.0188818, 0.00434889, -0.0288369, 0.0923765, -0.0101596, 0.0359172, 0.0169408, 0.012125, 0.023777, 0.0611805, 0.0400067, 0.00613727, -0.0271523, 0.0585376, 0.0005768, 0.0074984, 0.0964965, -0.026426, -0.00988495, 0.0571703, 0.0258278, -0.0490585, -0.0392743, 0.0407331, -0.0215918, 0.0150243, -0.0919126, 0.0645985, 0.0546434, -0.0942869, -0.010831, 0.027897, -0.0529221, 0.0755303, -0.0440718, 0.0463301, 0.0938841, -0.0457686, -0.0136998, 0.0842219, 0.00762047, 0.0874081, 0.0937071, 0.0510422, 0.0107822, 0.0549547, -0.0037141, -0.081402, -0.0908933, -0.0239296, 0.0272195, -0.0847713, 0.0341227, -0.0933164, -0.0327738, -0.0468551, -0.0139927, -0.0642018, -0.0193396, -0.0547411, -0.0918577, 0.086877, -0.0636891, -0.0322916, 0.0245521, 0.0305399, 0.0942625, -0.0756584, 0.0714408, -0.085107, 0.0399701, 0.069396, -0.0458296,


Starting training using BP on Breast Cancer Data Set
Press enter to start the training.

0,211.823,0.691069,14048
1,77.0243,0.966325,14047
2,48.6396,0.972182,14047
3,40.0223,0.972182,14048
4,36.1596,0.972182,14047
5,34.0013,0.972182,14048
6,32.6191,0.970717,14048
7,31.6505,0.970717,14048
8,30.9286,0.972182,14048
9,30.3669,0.972182,14047
10,29.9161,0.972182,14047
11,29.5459,0.972182,14046
12,29.2368,0.972182,14047
13,28.975,0.972182,14048
14,28.751,0.973646,14049
15,28.5576,0.972182,14548
16,28.3892,0.972182,14048
17,28.2418,0.973646,14048
18,28.1118,0.97511,14047
19,27.9966,0.97511,14049
20,27.894,0.97511,14048
21,27.8022,0.97511,14048
22,27.7196,0.97511,14048
23,27.645,0.97511,14047
24,27.5774,0.97511,14048
25,27.5159,0.97511,14548
26,27.4597,0.97511,14047
27,27.4083,0.97511,14047
28,27.361,0.97511,14047
29,27.3175,0.97511,14048
30,27.2773,0.97511,14047
31,27.2401,0.97511,14047
32,27.2056,0.97511,14047
33,27.1735,0.97511,14047
34,27.1437,0.97511,14047
35,27.1158,0.97511,14046
36,27.0897,0.97511,14047
37,27.0654,0.97511,14047
38,27.0425,0.97511,14550
39,27.021,0.97511,14047
40,27.0009,0.97511,14047
41,26.9819,0.97511,14047
42,26.964,0.97511,14047
43,26.9472,0.97511,14047
44,26.9313,0.97511,14047
45,26.9162,0.97511,14047
46,26.902,0.97511,14548
47,26.8885,0.97511,14069
48,26.8757,0.97511,14549
49,26.8636,0.97511,14047
50,26.852,0.97511,14548
51,26.8411,0.97511,14047
52,26.8307,0.97511,14049
53,26.8208,0.97511,14047
54,26.8113,0.97511,14047
55,26.8023,0.97511,14048
56,26.7937,0.97511,14048
57,26.7855,0.97511,13544
58,26.7777,0.97511,14047
59,26.7702,0.97511,14047
60,26.763,0.97511,14047
61,26.7562,0.97511,14047
62,26.7496,0.97511,14047
63,26.7433,0.97511,14047
64,26.7373,0.97511,14047
65,26.7315,0.97511,14049
66,26.7259,0.97511,14047
67,26.7206,0.97511,14047
68,26.7154,0.97511,14047
69,26.7105,0.97511,14046
70,26.7057,0.97511,14047
71,26.7011,0.97511,14549
72,26.6967,0.97511,14047
73,26.6925,0.97511,14048
74,26.6884,0.97511,14047
75,26.6844,0.97511,14048
76,26.6806,0.97511,14047
77,26.6769,0.97511,14047
78,26.6733,0.97511,14046
79,26.6698,0.97511,14048
80,26.6665,0.97511,14047
81,26.6633,0.97511,14047
82,26.6601,0.97511,14549
83,26.6571,0.97511,14047
84,26.6542,0.97511,14047
85,26.6513,0.97511,14549
86,26.6485,0.97511,14047
87,26.6459,0.97511,14047
88,26.6432,0.97511,14047
89,26.6407,0.97511,14045
90,26.6382,0.97511,14548
91,26.6359,0.97511,14048
92,26.6335,0.97511,14047
93,26.6313,0.97511,14549
94,26.6291,0.97511,14047
95,26.6269,0.97511,14550
96,26.6248,0.97511,14048
97,26.6228,0.97511,14047
98,26.6208,0.97511,14045
99,26.6188,0.97511,14047
100,26.617,0.97511,14047
101,26.6151,0.97511,14047
102,26.6133,0.97511,14047
103,26.6115,0.97511,14047
104,26.6098,0.97511,14047
105,26.6081,0.97511,14047
106,26.6065,0.97511,14047
107,26.6049,0.97511,14047
108,26.6033,0.97511,14047
109,26.6017,0.97511,14046
110,26.6002,0.97511,14550
111,26.5987,0.976574,14046
112,26.5973,0.976574,13543
113,26.5958,0.976574,14044
114,26.5944,0.976574,14047
115,26.5931,0.976574,14047
116,26.5917,0.976574,14047
117,26.5904,0.976574,14049
118,26.5891,0.976574,14047
119,26.5878,0.976574,14047
120,26.5865,0.976574,14047
121,26.5853,0.976574,14047
122,26.5841,0.976574,14048
123,26.5829,0.976574,14549
124,26.5817,0.976574,14047
125,26.5805,0.976574,14046
126,26.5794,0.976574,14047
127,26.5782,0.976574,14550
128,26.5771,0.976574,14102
129,26.576,0.976574,14049
130,26.5749,0.976574,14046
131,26.5738,0.976574,14046
132,26.5728,0.976574,14047
133,26.5717,0.976574,14047
134,26.5707,0.976574,14549
135,26.5697,0.976574,14065
136,26.5686,0.976574,14048
137,26.5676,0.976574,14048
138,26.5666,0.976574,14046
139,26.5657,0.976574,14046
140,26.5647,0.976574,14048
141,26.5637,0.976574,14047
142,26.5627,0.976574,14047
143,26.5618,0.976574,14048
144,26.5608,0.976574,14047
145,26.5599,0.976574,14047
146,26.559,0.976574,14048
147,26.5581,0.976574,14045
148,26.5571,0.976574,14048
149,26.5562,0.976574,13544
150,26.5553,0.976574,14047
151,26.5544,0.976574,14048
152,26.5535,0.976574,14048
153,26.5526,0.976574,14047
154,26.5517,0.976574,14047
155,26.5508,0.976574,14048
156,26.55,0.976574,14046
157,26.5491,0.976574,14047
158,26.5482,0.976574,14046
159,26.5473,0.976574,14047
160,26.5465,0.976574,14047
161,26.5456,0.976574,14048
162,26.5447,0.976574,14047
163,26.5439,0.976574,14047
164,26.543,0.976574,14045
165,26.5422,0.976574,14549
166,26.5413,0.976574,14047
167,26.5404,0.976574,14047
168,26.5396,0.976574,14048
169,26.5387,0.976574,14047
170,26.5379,0.976574,14046
171,26.537,0.976574,14046
172,26.5362,0.976574,14047
173,26.5353,0.976574,14047
174,26.5344,0.976574,14048
175,26.5336,0.976574,14047
176,26.5327,0.976574,14047
177,26.5319,0.976574,14047
178,26.531,0.976574,14047
179,26.5301,0.976574,14046
180,26.5293,0.976574,14046
181,26.5284,0.976574,14047
182,26.5275,0.976574,14048
183,26.5267,0.976574,14046
184,26.5258,0.976574,14047
185,26.5249,0.976574,14550
186,26.5241,0.976574,14047
187,26.5232,0.976574,14549
188,26.5223,0.976574,14045
189,26.5214,0.976574,14046
190,26.5205,0.976574,14047
191,26.5196,0.976574,14047
192,26.5187,0.976574,14047
193,26.5179,0.976574,14048
194,26.517,0.976574,14046
195,26.5161,0.976574,14045
196,26.5152,0.976574,14046
197,26.5142,0.976574,14048
198,26.5133,0.976574,14049
199,26.5124,0.976574,14549
200,26.5115,0.976574,14048
201,26.5106,0.976574,14047
202,26.5096,0.976574,14047
203,26.5087,0.976574,14550
204,26.5078,0.976574,14048
205,26.5068,0.976574,14046
206,26.5059,0.976574,14046
207,26.505,0.976574,14048
208,26.504,0.976574,14047
209,26.503,0.976574,14047
210,26.5021,0.976574,14047
211,26.5011,0.976574,14048
212,26.5001,0.976574,14047
213,26.4992,0.976574,14047
214,26.4982,0.976574,14047
215,26.4972,0.976574,14049
216,26.4962,0.976574,14047
217,26.4952,0.976574,14048
218,26.4942,0.976574,13546
219,26.4932,0.976574,14047
220,26.4922,0.976574,14047
221,26.4912,0.976574,14047
222,26.4902,0.976574,14047
223,26.4892,0.976574,14047
224,26.4881,0.976574,14048
225,26.4871,0.976574,14047
226,26.4861,0.976574,14048
227,26.485,0.976574,14549
228,26.484,0.976574,14047
229,26.4829,0.976574,14046
230,26.4818,0.976574,14047
231,26.4808,0.976574,14048
232,26.4797,0.976574,14047
233,26.4786,0.976574,14046
234,26.4776,0.976574,14047
235,26.4765,0.976574,14047
236,26.4754,0.976574,14047
237,26.4743,0.976574,14047
238,26.4732,0.976574,14047
239,26.4721,0.976574,14047
240,26.471,0.976574,14047
241,26.4699,0.976574,14048
242,26.4687,0.976574,14045
243,26.4676,0.976574,14047
244,26.4665,0.976574,14049
245,26.4653,0.976574,14048
246,26.4642,0.976574,14047
247,26.4631,0.976574,14047
248,26.4619,0.976574,14048
249,26.4608,0.976574,14069
250,26.4596,0.976574,14047
251,26.4584,0.976574,14047
252,26.4573,0.976574,14047
253,26.4561,0.976574,14047
254,26.4549,0.976574,14549
255,26.4537,0.976574,14047
256,26.4526,0.976574,14045
257,26.4514,0.976574,14046
258,26.4502,0.976574,14047
259,26.449,0.976574,14048
260,26.4478,0.976574,14046
261,26.4466,0.976574,14047
262,26.4453,0.976574,14048
263,26.4441,0.976574,14045
264,26.4429,0.976574,14046
265,26.4417,0.976574,14048
266,26.4405,0.976574,14048
267,26.4392,0.976574,14047
268,26.438,0.976574,14047
269,26.4367,0.976574,14048
270,26.4355,0.976574,14549
271,26.4343,0.976574,14048
272,26.433,0.976574,14047
273,26.4317,0.976574,14046
274,26.4305,0.976574,14047
275,26.4292,0.976574,14048
276,26.428,0.976574,14047
277,26.4267,0.976574,14047
278,26.4254,0.976574,14046
279,26.4241,0.976574,14047
280,26.4229,0.976574,14047
281,26.4216,0.976574,14047
282,26.4203,0.976574,14046
283,26.419,0.976574,14047
284,26.4177,0.976574,14047
285,26.4164,0.976574,14046
286,26.4152,0.976574,14048
287,26.4139,0.976574,14550
288,26.4126,0.976574,14047
289,26.4113,0.976574,14047
290,26.41,0.976574,14047
291,26.4086,0.976574,14046
292,26.4073,0.976574,14048
293,26.406,0.976574,14549
294,26.4047,0.976574,14047
295,26.4034,0.976574,14047
296,26.4021,0.976574,14549
297,26.4008,0.976574,14048
298,26.3995,0.976574,14047
299,26.3981,0.976574,14047
300,26.3968,0.976574,14047
301,26.3955,0.976574,14047
302,26.3942,0.976574,14047
303,26.3928,0.976574,14046
304,26.3915,0.976574,14047
305,26.3902,0.976574,14047
306,26.3889,0.976574,14047
307,26.3875,0.976574,14047
308,26.3862,0.976574,14047
309,26.3849,0.976574,14050
310,26.3835,0.976574,14048
311,26.3822,0.976574,14048
312,26.3809,0.976574,14046
313,26.3795,0.976574,14549
314,26.3782,0.976574,14049
315,26.3769,0.976574,14047
316,26.3755,0.976574,14046
317,26.3742,0.976574,14047
318,26.3729,0.976574,14046
319,26.3715,0.976574,14048
320,26.3702,0.976574,14548
321,26.3688,0.976574,14048
322,26.3675,0.976574,14049
323,26.3662,0.976574,14047
324,26.3648,0.976574,14047
325,26.3635,0.976574,14048
326,26.3622,0.976574,14045
327,26.3608,0.976574,14048
328,26.3595,0.976574,14048
329,26.3581,0.976574,14047
330,26.3568,0.976574,14048
331,26.3555,0.976574,14047
332,26.3541,0.976574,14048
333,26.3528,0.976574,14050
334,26.3515,0.976574,14045
335,26.3501,0.976574,14047
336,26.3488,0.976574,14048
337,26.3475,0.976574,14046
338,26.3462,0.976574,14044
339,26.3448,0.976574,14047
340,26.3435,0.976574,14049
341,26.3422,0.976574,14547
342,26.3408,0.976574,14047
343,26.3395,0.976574,14048
344,26.3382,0.976574,14045
345,26.3369,0.976574,14047
346,26.3356,0.976574,13544
347,26.3342,0.976574,14047
348,26.3329,0.976574,14047
349,26.3316,0.976574,14048
350,26.3303,0.976574,14047
351,26.329,0.976574,14048
352,26.3277,0.976574,14046
353,26.3263,0.976574,14047
354,26.325,0.976574,14047
355,26.3237,0.976574,14048
356,26.3224,0.976574,14046
357,26.3211,0.976574,14047
358,26.3198,0.976574,14046
359,26.3185,0.976574,14049
360,26.3172,0.976574,14049
361,26.3159,0.976574,14049
362,26.3146,0.976574,14045
363,26.3133,0.976574,14046
364,26.312,0.976574,14551
365,26.3107,0.976574,14047
366,26.3094,0.976574,14047
367,26.3082,0.976574,14047
368,26.3069,0.976574,14047
369,26.3056,0.976574,14048
370,26.3043,0.976574,14047
371,26.303,0.976574,14049
372,26.3017,0.976574,14047
373,26.3005,0.976574,14046
374,26.2992,0.976574,14047
375,26.2979,0.976574,14548
376,26.2966,0.976574,14047
377,26.2954,0.976574,14046
378,26.2941,0.976574,14047
379,26.2928,0.976574,14047
380,26.2916,0.976574,14047
381,26.2903,0.976574,14045
382,26.2891,0.976574,14047
383,26.2878,0.976574,14046
384,26.2865,0.976574,14047
385,26.2853,0.976574,14047
386,26.284,0.976574,14048
387,26.2828,0.976574,14549
388,26.2815,0.976574,14047
389,26.2803,0.976574,14048
390,26.2791,0.976574,14047
391,26.2778,0.976574,14047
392,26.2766,0.976574,14046
393,26.2753,0.976574,14047
394,26.2741,0.976574,14047
395,26.2729,0.976574,14047
396,26.2716,0.976574,14047
397,26.2704,0.976574,14548
398,26.2692,0.976574,14048
399,26.2679,0.976574,14047
400,26.2667,0.976574,14047
401,26.2655,0.976574,14048
402,26.2643,0.976574,14549
403,26.2631,0.976574,14048
404,26.2618,0.976574,14048
405,26.2606,0.976574,14047
406,26.2594,0.976574,14549
407,26.2582,0.976574,14048
408,26.257,0.976574,14048
409,26.2558,0.976574,14047
410,26.2546,0.976574,14048
411,26.2534,0.976574,14048
412,26.2522,0.976574,14047
413,26.251,0.976574,14047
414,26.2498,0.976574,14049
415,26.2486,0.976574,14047
416,26.2474,0.976574,14048
417,26.2462,0.976574,14047
418,26.245,0.976574,14047
419,26.2438,0.976574,14048
420,26.2426,0.976574,14046
421,26.2414,0.976574,14048
422,26.2402,0.976574,14047
423,26.239,0.976574,14047
424,26.2379,0.976574,13546
425,26.2367,0.976574,14047
426,26.2355,0.976574,14049
427,26.2343,0.976574,14047
428,26.2331,0.976574,14047
429,26.232,0.976574,14047
430,26.2308,0.976574,14046
431,26.2296,0.976574,14048
432,26.2284,0.976574,14048
433,26.2273,0.976574,14047
434,26.2261,0.976574,14046
435,26.2249,0.976574,14547
436,26.2237,0.976574,14049
437,26.2226,0.976574,14047
438,26.2214,0.976574,14047
439,26.2202,0.976574,14047
440,26.2191,0.976574,14048
441,26.2179,0.976574,14048
442,26.2167,0.976574,14047
443,26.2156,0.976574,14047
444,26.2144,0.976574,13545
445,26.2132,0.976574,14046
446,26.2121,0.976574,14047
447,26.2109,0.976574,14550
448,26.2098,0.976574,14047
449,26.2086,0.976574,14549
450,26.2074,0.976574,14047
451,26.2063,0.976574,14047
452,26.2051,0.976574,14048
453,26.204,0.976574,14048
454,26.2028,0.976574,14047
455,26.2016,0.976574,14047
456,26.2005,0.976574,14047
457,26.1993,0.976574,14047
458,26.1982,0.976574,14047
459,26.197,0.976574,14046
460,26.1958,0.976574,14047
461,26.1947,0.976574,14048
462,26.1935,0.976574,14549
463,26.1924,0.976574,14047
464,26.1912,0.976574,14048
465,26.19,0.976574,14549
466,26.1889,0.976574,14047
467,26.1877,0.976574,14048
468,26.1866,0.976574,13545
469,26.1854,0.976574,14048
470,26.1842,0.976574,14047
471,26.1831,0.976574,14047
472,26.1819,0.976574,14549
473,26.1807,0.976574,14048
474,26.1796,0.976574,14549
475,26.1784,0.976574,14047
476,26.1772,0.976574,13546
477,26.1761,0.976574,14047
478,26.1749,0.976574,14047
479,26.1737,0.976574,14046
480,26.1726,0.976574,14047
481,26.1714,0.976574,14045
482,26.1702,0.976574,14047
483,26.169,0.976574,14048
484,26.1679,0.976574,14047
485,26.1667,0.976574,14047
486,26.1655,0.976574,14046
487,26.1643,0.976574,14046
488,26.1631,0.976574,14047
489,26.1619,0.976574,14046
490,26.1608,0.976574,14047
491,26.1596,0.976574,14048
492,26.1584,0.976574,14047
493,26.1572,0.976574,14048
494,26.156,0.976574,14047
495,26.1548,0.976574,14047
496,26.1536,0.976574,14549
497,26.1524,0.976574,14047
498,26.1512,0.976574,14550
499,26.15,0.976574,14047
500,26.1488,0.976574,14047
501,26.1475,0.976574,14549
502,26.1463,0.976574,14046
503,26.1451,0.976574,14549
504,26.1439,0.976574,14046
505,26.1426,0.976574,13545
506,26.1414,0.976574,14047
507,26.1402,0.976574,14047
508,26.139,0.976574,14046
509,26.1377,0.976574,14047
510,26.1365,0.976574,14549
511,26.1352,0.976574,14047
512,26.134,0.976574,14046
513,26.1327,0.976574,14046
514,26.1315,0.976574,14048
515,26.1302,0.976574,14047
516,26.1289,0.976574,14047
517,26.1277,0.976574,14049
518,26.1264,0.976574,14046
519,26.1251,0.976574,14047
520,26.1238,0.976574,14047
521,26.1225,0.976574,14047
522,26.1212,0.976574,14547
523,26.1199,0.976574,14047
524,26.1186,0.976574,14047
525,26.1173,0.976574,14047
526,26.116,0.976574,14047
527,26.1147,0.976574,14048
528,26.1134,0.976574,14049
529,26.112,0.976574,14047
530,26.1107,0.976574,13546
531,26.1094,0.976574,14047
532,26.108,0.976574,14047
533,26.1067,0.976574,14549
534,26.1053,0.976574,14047
535,26.104,0.976574,14549
536,26.1026,0.976574,14047
537,26.1012,0.976574,14048
538,26.0998,0.976574,14048
539,26.0984,0.976574,14047
540,26.097,0.976574,14047
541,26.0956,0.976574,14548
542,26.0942,0.976574,14047
543,26.0928,0.976574,14048
544,26.0914,0.976574,14046
545,26.09,0.976574,14047
546,26.0885,0.976574,14048
547,26.0871,0.976574,14549
548,26.0856,0.976574,14047
549,26.0842,0.976574,14048
550,26.0827,0.976574,14045
551,26.0812,0.976574,14047
552,26.0797,0.976574,14049
553,26.0782,0.976574,14047
554,26.0767,0.976574,14047
555,26.0752,0.976574,14047
556,26.0737,0.976574,14048
557,26.0722,0.976574,14047
558,26.0706,0.976574,14047
559,26.0691,0.976574,14046
560,26.0675,0.976574,14047
561,26.066,0.976574,14549
562,26.0644,0.976574,14047
563,26.0628,0.976574,14047
564,26.0612,0.976574,14550
565,26.0596,0.976574,14047
566,26.058,0.976574,14048
567,26.0564,0.976574,14047
568,26.0548,0.976574,14047
569,26.0532,0.976574,14047
570,26.0515,0.976574,14047
571,26.0498,0.976574,14045
572,26.0482,0.976574,14046
573,26.0465,0.976574,13545
574,26.0448,0.976574,14046
575,26.0431,0.976574,14047
576,26.0414,0.976574,14549
577,26.0397,0.976574,14047
578,26.038,0.976574,14048
579,26.0362,0.976574,14047
580,26.0345,0.976574,14047
581,26.0327,0.976574,14049
582,26.0309,0.976574,14048
583,26.0292,0.976574,14047
584,26.0274,0.976574,14048
585,26.0256,0.976574,14046
586,26.0237,0.976574,14549
587,26.0219,0.976574,14047
588,26.0201,0.976574,14048
589,26.0182,0.976574,14046
590,26.0164,0.976574,14048
591,26.0145,0.976574,14048
592,26.0126,0.976574,14048
593,26.0108,0.976574,14549
594,26.0089,0.976574,14047
595,26.0069,0.976574,14048
596,26.005,0.976574,14548
597,26.0031,0.976574,14046
598,26.0012,0.976574,14048
599,25.9992,0.976574,14047
600,25.9973,0.976574,14047
601,25.9953,0.976574,14047
602,25.9933,0.976574,14047
603,25.9913,0.976574,14048
604,25.9893,0.976574,14549
605,25.9873,0.976574,14047
606,25.9853,0.976574,14048
607,25.9833,0.976574,14047
608,25.9812,0.976574,14048
609,25.9792,0.976574,14047
610,25.9771,0.976574,14046
611,25.9751,0.976574,14047
612,25.973,0.976574,14549
613,25.971,0.976574,14068
614,25.9689,0.976574,14047
615,25.9668,0.976574,14047
616,25.9647,0.976574,14047
617,25.9626,0.976574,14047
618,25.9605,0.976574,14550
619,25.9584,0.976574,14047
620,25.9563,0.976574,14047
621,25.9541,0.976574,14048
622,25.952,0.976574,14548
623,25.9499,0.976574,14047
624,25.9477,0.976574,14047
625,25.9456,0.976574,14548
626,25.9435,0.976574,14048
627,25.9413,0.976574,14047
628,25.9392,0.976574,14049
629,25.937,0.976574,14047
630,25.9348,0.976574,14047
631,25.9327,0.976574,14047
632,25.9305,0.976574,14047
633,25.9284,0.976574,14048
634,25.9262,0.976574,14048
635,25.9241,0.976574,14048
636,25.9219,0.976574,14047
637,25.9198,0.976574,14549
638,25.9176,0.976574,14048
639,25.9154,0.976574,14048
640,25.9133,0.976574,14047
641,25.9111,0.976574,14047
642,25.909,0.976574,14048
643,25.9069,0.976574,14047
644,25.9047,0.976574,14048
645,25.9026,0.976574,14047
646,25.9004,0.976574,14047
647,25.8983,0.976574,14048
648,25.8962,0.976574,14046
649,25.8941,0.976574,14047
650,25.892,0.976574,13542
651,25.8899,0.976574,14048
652,25.8878,0.976574,14047
653,25.8857,0.976574,14048
654,25.8836,0.976574,14047
655,25.8815,0.976574,14048
656,25.8795,0.976574,13546
657,25.8774,0.976574,14049
658,25.8753,0.976574,14551
659,25.8733,0.976574,14047
660,25.8713,0.976574,14048
661,25.8692,0.976574,14046
662,25.8672,0.976574,14048
663,25.8652,0.976574,14048
664,25.8632,0.976574,14049
665,25.8613,0.976574,14049
666,25.8593,0.976574,14049
667,25.8573,0.976574,14048
668,25.8554,0.976574,14046
669,25.8534,0.976574,14049
670,25.8515,0.976574,14047
671,25.8496,0.976574,14047
672,25.8477,0.976574,14047
673,25.8458,0.976574,14047
674,25.8439,0.976574,14047
675,25.8421,0.976574,14048
676,25.8402,0.976574,14046
677,25.8384,0.976574,14047
678,25.8365,0.976574,14047
679,25.8347,0.976574,14047
680,25.8329,0.976574,14550
681,25.8311,0.976574,14046
682,25.8293,0.976574,14549
683,25.8276,0.976574,14048
684,25.8258,0.976574,14047
685,25.8241,0.976574,14549
686,25.8224,0.976574,14046
687,25.8207,0.976574,14047
688,25.819,0.976574,14047
689,25.8173,0.976574,14049
690,25.8156,0.976574,14047
691,25.814,0.976574,14549
692,25.8123,0.976574,14047
693,25.8107,0.976574,14549
694,25.8091,0.976574,14047
695,25.8075,0.976574,14046
696,25.8059,0.976574,14045
697,25.8043,0.976574,14049
698,25.8028,0.976574,14047
699,25.8012,0.976574,14048
700,25.7997,0.976574,14047
701,25.7982,0.976574,14048
702,25.7967,0.976574,14046
703,25.7952,0.976574,14048
704,25.7937,0.976574,14047
705,25.7922,0.976574,14046
706,25.7908,0.976574,14548
707,25.7894,0.976574,14547
708,25.7879,0.976574,14047
709,25.7865,0.976574,14550
710,25.7851,0.976574,14046
711,25.7837,0.976574,14047
712,25.7824,0.976574,14046
713,25.781,0.976574,14047
714,25.7797,0.976574,14049
715,25.7783,0.976574,14048
716,25.777,0.976574,14045
717,25.7757,0.976574,14048
718,25.7744,0.976574,14047
719,25.7731,0.976574,14049
720,25.7719,0.976574,14549
721,25.7706,0.976574,14048
722,25.7694,0.976574,14549
723,25.7681,0.976574,14047
724,25.7669,0.976574,14047
725,25.7657,0.976574,14047
726,25.7645,0.976574,14047
727,25.7633,0.976574,13545
728,25.7621,0.976574,14048
729,25.761,0.976574,14048
730,25.7598,0.976574,14047
731,25.7587,0.976574,14068
732,25.7576,0.976574,14548
733,25.7565,0.976574,14046
734,25.7553,0.976574,14049
735,25.7543,0.976574,14047
736,25.7532,0.976574,14047
737,25.7521,0.976574,14047
738,25.751,0.976574,14070
739,25.75,0.976574,14047
740,25.7489,0.976574,14050
741,25.7479,0.976574,14047
742,25.7469,0.976574,14047
743,25.7459,0.976574,14048
744,25.7449,0.976574,13547
745,25.7439,0.976574,14048
746,25.7429,0.976574,14047
747,25.7419,0.976574,14050
748,25.741,0.976574,14047
749,25.74,0.976574,14048
750,25.7391,0.976574,14047
751,25.7382,0.976574,14047
752,25.7372,0.976574,14047
753,25.7363,0.976574,14045
754,25.7354,0.976574,14047
755,25.7345,0.976574,14048
756,25.7336,0.976574,14047
757,25.7328,0.976574,14046
758,25.7319,0.976574,14049
759,25.731,0.976574,14047
760,25.7302,0.976574,14047
761,25.7293,0.976574,14045
762,25.7285,0.976574,14047
763,25.7277,0.976574,14047
764,25.7269,0.976574,14048
765,25.726,0.976574,14549
766,25.7252,0.976574,14047
767,25.7244,0.976574,14550
768,25.7237,0.976574,14048
769,25.7229,0.976574,14548
770,25.7221,0.976574,14047
771,25.7213,0.976574,14549
772,25.7206,0.976574,14047
773,25.7198,0.976574,14047
774,25.7191,0.976574,14047
775,25.7184,0.976574,14047
776,25.7176,0.976574,14048
777,25.7169,0.976574,14047
778,25.7162,0.976574,14048
779,25.7155,0.976574,14047
780,25.7148,0.976574,14048
781,25.7141,0.976574,14046
782,25.7134,0.976574,14048
783,25.7128,0.976574,14047
784,25.7121,0.976574,14048
785,25.7114,0.976574,14047
786,25.7108,0.976574,14047
787,25.7101,0.976574,14047
788,25.7095,0.976574,14047
789,25.7088,0.976574,14551
790,25.7082,0.976574,14047
791,25.7076,0.976574,14047
792,25.707,0.976574,14047
793,25.7063,0.976574,14047
794,25.7057,0.976574,14047
795,25.7051,0.976574,14047
796,25.7045,0.976574,14550
797,25.7039,0.976574,14047
798,25.7034,0.976574,14047
799,25.7028,0.976574,14048
800,25.7022,0.976574,14047
801,25.7016,0.976574,14047
802,25.7011,0.976574,14047
803,25.7005,0.976574,14549
804,25.7,0.976574,14047
805,25.6994,0.976574,14047
806,25.6989,0.976574,14549
807,25.6983,0.976574,14048
808,25.6978,0.976574,14048
809,25.6973,0.976574,14048
810,25.6967,0.976574,14047
811,25.6962,0.976574,14047
812,25.6957,0.976574,14048
813,25.6952,0.976574,14048
814,25.6947,0.976574,14048
815,25.6942,0.976574,14047
816,25.6937,0.976574,14048
817,25.6932,0.976574,14047
818,25.6927,0.976574,14046
819,25.6923,0.976574,14048
820,25.6918,0.976574,14046
821,25.6913,0.976574,14047
822,25.6909,0.976574,14047
823,25.6904,0.976574,14047
824,25.6899,0.976574,14047
825,25.6895,0.976574,14550
826,25.689,0.976574,14048
827,25.6886,0.976574,14047
828,25.6882,0.976574,14046
829,25.6877,0.976574,14046
830,25.6873,0.976574,14070
831,25.6869,0.976574,14046
832,25.6864,0.976574,14549
833,25.686,0.976574,14047
834,25.6856,0.976574,14048
835,25.6852,0.976574,14047
836,25.6848,0.976574,14047
837,25.6844,0.976574,14048
838,25.684,0.976574,14047
839,25.6836,0.976574,14047
840,25.6832,0.976574,14046
841,25.6828,0.976574,14048
842,25.6824,0.976574,14047
843,25.682,0.976574,14550
844,25.6816,0.976574,14047
845,25.6813,0.976574,14047
846,25.6809,0.976574,14047
847,25.6805,0.976574,14549
848,25.6801,0.976574,14048
849,25.6798,0.976574,14047
850,25.6794,0.976574,14548
851,25.6791,0.976574,14048
852,25.6787,0.976574,14046
853,25.6784,0.976574,14047
854,25.678,0.976574,14047
855,25.6777,0.976574,14048
856,25.6773,0.976574,14047
857,25.677,0.976574,14047
858,25.6767,0.976574,14050
859,25.6763,0.976574,14048
860,25.676,0.976574,14047
861,25.6757,0.976574,14047
862,25.6753,0.976574,14048
863,25.675,0.976574,14047
864,25.6747,0.976574,14048
865,25.6744,0.976574,14550
866,25.6741,0.976574,14048
867,25.6738,0.976574,14047
868,25.6735,0.976574,14048
869,25.6732,0.976574,14047
870,25.6729,0.976574,14047
871,25.6726,0.976574,14047
872,25.6723,0.976574,14046
873,25.672,0.976574,14550
874,25.6717,0.976574,14072
875,25.6714,0.976574,14048
876,25.6711,0.976574,14047
877,25.6708,0.976574,14047
878,25.6705,0.976574,14047
879,25.6703,0.976574,14550
880,25.67,0.976574,14047
881,25.6697,0.976574,14048
882,25.6694,0.976574,14548
883,25.6692,0.976574,14050
884,25.6689,0.976574,14047
885,25.6686,0.976574,14068
886,25.6684,0.976574,14047
887,25.6681,0.976574,14550
888,25.6679,0.976574,14048
889,25.6676,0.976574,14551
890,25.6674,0.976574,14046
891,25.6671,0.976574,14550
892,25.6669,0.976574,14047
893,25.6666,0.976574,14048
894,25.6664,0.976574,14047
895,25.6661,0.976574,14048
896,25.6659,0.976574,14047
897,25.6656,0.976574,14548
898,25.6654,0.976574,14049
899,25.6652,0.976574,14547
900,25.6649,0.976574,14048
901,25.6647,0.976574,14048
902,25.6645,0.976574,14047
903,25.6642,0.976574,14046
904,25.664,0.976574,14047
905,25.6638,0.976574,14549
906,25.6636,0.976574,14047
907,25.6634,0.976574,14047
908,25.6631,0.976574,14046
909,25.6629,0.976574,14549
910,25.6627,0.976574,14047
911,25.6625,0.976574,14046
912,25.6623,0.976574,14047
913,25.6621,0.976574,14047
914,25.6619,0.976574,14549
915,25.6617,0.976574,14047
916,25.6615,0.976574,14047
917,25.6613,0.976574,14047
918,25.6611,0.976574,14047
919,25.6609,0.976574,14048
920,25.6607,0.976574,14047
921,25.6605,0.976574,13546
922,25.6603,0.976574,14048
923,25.6601,0.976574,14047
924,25.6599,0.976574,14047
925,25.6597,0.976574,14048
926,25.6595,0.976574,14047
927,25.6593,0.976574,14047
928,25.6591,0.976574,14047
929,25.659,0.976574,14047
930,25.6588,0.976574,14047
931,25.6586,0.976574,14047
932,25.6584,0.976574,14048
933,25.6582,0.976574,14044
934,25.6581,0.976574,14548
935,25.6579,0.976574,14047
936,25.6577,0.976574,14047
937,25.6575,0.976574,14048
938,25.6574,0.976574,14048
939,25.6572,0.976574,14550
940,25.657,0.976574,14046
941,25.6569,0.976574,14047
942,25.6567,0.976574,14047
943,25.6565,0.976574,13545
944,25.6564,0.976574,14047
945,25.6562,0.976574,14047
946,25.6561,0.976574,14047
947,25.6559,0.976574,14047
948,25.6557,0.976574,14550
949,25.6556,0.976574,14047
950,25.6554,0.976574,14047
951,25.6553,0.976574,14047
952,25.6551,0.976574,14047
953,25.655,0.976574,14047
954,25.6548,0.976574,14047
955,25.6547,0.976574,14066
956,25.6545,0.976574,14047
957,25.6544,0.976574,14549
958,25.6542,0.976574,14048
959,25.6541,0.976574,14047
960,25.6539,0.976574,14047
961,25.6538,0.976574,14048
962,25.6537,0.976574,14549
963,25.6535,0.976574,14047
964,25.6534,0.976574,14048
965,25.6532,0.976574,14047
966,25.6531,0.976574,14046
967,25.653,0.976574,14047
968,25.6528,0.976574,14047
969,25.6527,0.976574,14048
970,25.6526,0.976574,14047
971,25.6524,0.976574,14048
972,25.6523,0.976574,14047
973,25.6522,0.976574,14046
974,25.652,0.976574,14046
975,25.6519,0.976574,14047
976,25.6518,0.976574,14046
977,25.6517,0.976574,14047
978,25.6515,0.976574,14047
979,25.6514,0.976574,14047
980,25.6513,0.976574,14047
981,25.6512,0.976574,14549
982,25.651,0.976574,14049
983,25.6509,0.976574,14046
984,25.6508,0.976574,14046
985,25.6507,0.976574,14045
986,25.6506,0.976574,14047
987,25.6504,0.976574,14548
988,25.6503,0.976574,14069
989,25.6502,0.976574,14047
990,25.6501,0.976574,14047
991,25.65,0.976574,14047
992,25.6499,0.976574,14047
993,25.6498,0.976574,14049
994,25.6496,0.976574,14047
995,25.6495,0.976574,14046
996,25.6494,0.976574,14047
997,25.6493,0.976574,14047
998,25.6492,0.976574,14048
999,25.6491,0.976574,14048
Done! Press enter to close the program.
