Normalizing data...
Randomizing order of the data...
Creating Neural Network (9, 7, 2)
Current weights set to:
0.0600574, 0.00221259, -0.0335612, -0.0191504, 0.0787591, 0.0744133, -0.0190527, -0.00402539, 0.00155339, -0.0309244, 0.00505081, -0.0924558, -0.00942106, 0.00457472, -0.0306742, -0.0330973, 0.0626392, -0.0818781, -0.000717185, 0.0858699, -0.0828974, 0.00697958, -0.0830256, -0.0430097, -0.0997436, 0.0605335, -0.0304788, 0.0929319, 0.0121128, -0.0352214, -0.059154, -0.0837825, -0.0378826, -0.0397748, -0.0971191, -0.0693228, -0.0200842, 0.0346049, -0.0375286, -0.0942747, -0.0125523, 0.0315592, 0.0602222, -0.0951903, 0.0386151, -0.043321, -0.0224525, 0.0892331, 0.0327799, 0.0619495, 0.00819422, -0.0713553, 0.00836512, -0.0099704, 0.050444, -0.0505966, 0.0227454, -0.0404645, -0.0237281, 0.0520615, -0.0752861, 0.0725883, 0.0337321, -0.0707083, 0.02584, -0.0741508, -0.0612354, 0.0153905, -0.0231788, 0.00638752, 0.0127293, 0.0987365, 0.0552293, 0.0534715, 0.0218787, 0.0283242, -0.0292215, 0.0677114, 0.0750298, 0.0457503, -0.00551469, -0.0513474, 0.0357158, -0.026194, -0.0821406, 0.0422163, 0.00500809, -0.00704062, 0.0484298, -0.0209754, -0.0686819, 0.0369854, -0.0521592, 0.0851375, -0.0966124,


Starting training using BP on Breast Cancer Set
Press enter to start the training.

0,183.816,0.828697,14048
1,70.8114,0.967789,14048
2,46.6606,0.972182,14046
3,39.0746,0.972182,14048
4,35.6171,0.972182,13546
5,33.6683,0.970717,13546
6,32.4133,0.970717,14047
7,31.5297,0.970717,14048
8,30.8677,0.972182,14048
9,30.3493,0.972182,14045
10,29.9301,0.972182,13544
11,29.5832,0.972182,14047
12,29.291,0.973646,14047
13,29.0416,0.973646,14048
14,28.8263,0.973646,14046
15,28.639,0.973646,14548
16,28.4749,0.97511,14046
17,28.3303,0.97511,14046
18,28.2021,0.97511,14045
19,28.088,0.97511,14047
20,27.986,0.97511,14049
21,27.8945,0.97511,14046
22,27.8119,0.97511,13546
23,27.7373,0.976574,14048
24,27.6696,0.976574,14047
25,27.6079,0.976574,14047
26,27.5516,0.97511,14045
27,27.5,0.97511,14046
28,27.4526,0.97511,14049
29,27.4089,0.97511,14047
30,27.3686,0.97511,14048
31,27.3312,0.97511,14048
32,27.2966,0.97511,14047
33,27.2644,0.97511,14048
34,27.2344,0.97511,14045
35,27.2064,0.97511,14047
36,27.1802,0.97511,14049
37,27.1557,0.97511,14048
38,27.1327,0.97511,14047
39,27.1111,0.97511,14048
40,27.0907,0.97511,14049
41,27.0716,0.97511,14045
42,27.0536,0.97511,14047
43,27.0365,0.97511,14046
44,27.0204,0.97511,14047
45,27.0052,0.97511,14049
46,26.9908,0.976574,14048
47,26.9771,0.976574,14047
48,26.9641,0.976574,14046
49,26.9518,0.976574,13547
50,26.94,0.976574,14047
51,26.9289,0.976574,14046
52,26.9183,0.976574,14047
53,26.9082,0.976574,14048
54,26.8985,0.976574,14048
55,26.8893,0.976574,13543
56,26.8805,0.976574,14047
57,26.8721,0.976574,14048
58,26.8641,0.976574,14047
59,26.8564,0.976574,14048
60,26.849,0.976574,14046
61,26.842,0.976574,13545
62,26.8352,0.976574,13546
63,26.8287,0.976574,14048
64,26.8225,0.976574,14047
65,26.8165,0.976574,14049
66,26.8107,0.976574,13548
67,26.8052,0.976574,14046
68,26.7999,0.976574,14046
69,26.7948,0.976574,14047
70,26.7898,0.976574,14046
71,26.7851,0.976574,14047
72,26.7805,0.976574,14549
73,26.776,0.976574,13546
74,26.7718,0.976574,14048
75,26.7677,0.976574,14548
76,26.7637,0.976574,17558
77,26.7598,0.976574,14047
78,26.7561,0.976574,14047
79,26.7525,0.976574,14550
80,26.749,0.976574,14047
81,26.7456,0.976574,13545
82,26.7424,0.976574,14048
83,26.7392,0.976574,14066
84,26.7361,0.976574,14045
85,26.7331,0.976574,14046
86,26.7302,0.976574,14047
87,26.7274,0.976574,14047
88,26.7247,0.976574,14046
89,26.7221,0.976574,14048
90,26.7195,0.976574,14550
91,26.717,0.976574,13545
92,26.7146,0.976574,14047
93,26.7122,0.976574,14046
94,26.7099,0.976574,14549
95,26.7076,0.976574,14047
96,26.7054,0.976574,14047
97,26.7033,0.976574,14048
98,26.7012,0.976574,14550
99,26.6992,0.976574,14047
100,26.6973,0.976574,14549
101,26.6953,0.976574,14549
102,26.6934,0.976574,14047
103,26.6916,0.976574,14047
104,26.6898,0.976574,16556
105,26.6881,0.976574,14047
106,26.6864,0.976574,14047
107,26.6847,0.976574,14047
108,26.6831,0.976574,14048
109,26.6815,0.976574,15049
110,26.6799,0.976574,16056
111,26.6784,0.976574,14047
112,26.6769,0.976574,14549
113,26.6754,0.976574,15050
114,26.674,0.976574,14048
115,26.6726,0.976574,14550
116,26.6712,0.976574,15051
117,26.6699,0.976574,14549
118,26.6685,0.976574,14551
119,26.6672,0.976574,14549
120,26.666,0.976574,14547
121,26.6647,0.976574,20570
122,26.6635,0.976574,14049
123,26.6623,0.976574,18561
124,26.6611,0.976574,17056
125,26.6599,0.976574,16054
126,26.6588,0.976574,15050
127,26.6577,0.976574,14549
128,26.6566,0.976574,14548
129,26.6555,0.976574,14549
130,26.6544,0.976574,18562
131,26.6534,0.976574,19064
132,26.6524,0.976574,15051
133,26.6514,0.976574,14047
134,26.6504,0.976574,14550
135,26.6494,0.976574,14549
136,26.6484,0.976574,14553
137,26.6475,0.976574,14548
138,26.6465,0.976574,14047
139,26.6456,0.976574,14045
140,26.6447,0.976574,14549
141,26.6438,0.976574,14048
142,26.6429,0.976574,14047
143,26.642,0.976574,14549
144,26.6412,0.976574,14047
145,26.6403,0.976574,14047
146,26.6395,0.976574,15051
147,26.6386,0.976574,14048
148,26.6378,0.976574,16054
149,26.637,0.976574,14549
150,26.6362,0.976574,14548
151,26.6354,0.976574,14047
152,26.6346,0.976574,14048
153,26.6339,0.976574,14550
154,26.6331,0.976574,14046
155,26.6323,0.976574,14046
156,26.6316,0.976574,14049
157,26.6308,0.976574,14047
158,26.6301,0.976574,14046
159,26.6294,0.976574,14046
160,26.6287,0.976574,14046
161,26.6279,0.976574,18063
162,26.6272,0.976574,15051
163,26.6265,0.976574,14048
164,26.6258,0.976574,14047
165,26.6252,0.976574,14548
166,26.6245,0.976574,15553
167,26.6238,0.976574,14047
168,26.6231,0.976574,14047
169,26.6224,0.976574,14549
170,26.6218,0.976574,14549
171,26.6211,0.976574,17057
172,26.6205,0.976574,15553
173,26.6198,0.976574,15051
174,26.6192,0.976574,14549
175,26.6185,0.976574,15050
176,26.6179,0.976574,17056
177,26.6173,0.976574,14048
178,26.6166,0.976574,14046
179,26.616,0.976574,14047
180,26.6154,0.976574,14047
181,26.6148,0.976574,16053
182,26.6141,0.976574,14049
183,26.6135,0.976574,14048
184,26.6129,0.976574,14048
185,26.6123,0.976574,14047
186,26.6117,0.976574,17560
187,26.6111,0.976574,14047
188,26.6105,0.976574,14047
189,26.6099,0.976574,14549
190,26.6093,0.976574,15552
191,26.6087,0.976574,16054
192,26.6081,0.976574,14548
193,26.6075,0.976574,18564
194,26.6069,0.976574,14548
195,26.6063,0.976574,14550
196,26.6057,0.976574,14551
197,26.6051,0.976574,14551
198,26.6045,0.976574,14548
199,26.6039,0.976574,14552
200,26.6033,0.976574,16054
201,26.6027,0.976574,14549
202,26.6021,0.976574,19566
203,26.6016,0.976574,14550
204,26.601,0.976574,14549
205,26.6004,0.976574,17058
206,26.5998,0.976574,14549
207,26.5992,0.976574,15050
208,26.5986,0.976574,20069
209,26.598,0.976574,14549
210,26.5974,0.976574,14047
211,26.5968,0.976574,14048
212,26.5962,0.976574,14548
213,26.5956,0.976574,21069
214,26.595,0.976574,14547
215,26.5945,0.976574,15051
216,26.5939,0.976574,17558
217,26.5933,0.976574,14047
218,26.5927,0.976574,14549
219,26.5921,0.976574,17058
220,26.5915,0.976574,16054
221,26.5909,0.976574,15553
222,26.5903,0.976574,15051
223,26.5896,0.976574,15051
224,26.589,0.976574,14047
225,26.5884,0.976574,14047
226,26.5878,0.976574,14548
227,26.5872,0.976574,14549
228,26.5866,0.976574,14549
229,26.586,0.976574,15050
230,26.5854,0.976574,20068
231,26.5847,0.976574,14549
232,26.5841,0.976574,14046
233,26.5835,0.976574,14550
234,26.5829,0.976574,14549
235,26.5822,0.976574,14549
236,26.5816,0.976574,14047
237,26.581,0.976574,15552
238,26.5803,0.976574,14047
239,26.5797,0.976574,14046
240,26.579,0.976574,14549
241,26.5784,0.976574,14546
242,26.5777,0.976574,14047
243,26.5771,0.976574,14048
244,26.5764,0.976574,14048
245,26.5758,0.976574,14046
246,26.5751,0.976574,14048
247,26.5744,0.976574,14048
248,26.5738,0.976574,14047
249,26.5731,0.976574,14048
250,26.5724,0.976574,14048
251,26.5717,0.976574,14548
252,26.571,0.976574,14048
253,26.5704,0.976574,15051
254,26.5697,0.976574,15050
255,26.569,0.976574,15051
256,26.5683,0.976574,14048
257,26.5676,0.976574,14048
258,26.5669,0.976574,14548
259,26.5661,0.976574,14047
260,26.5654,0.976574,14047
261,26.5647,0.976574,15051
262,26.564,0.976574,14047
263,26.5633,0.976574,14047
264,26.5625,0.976574,15051
265,26.5618,0.976574,14549
266,26.5611,0.976574,14549
267,26.5603,0.976574,14549
268,26.5596,0.976574,18063
269,26.5588,0.976574,15051
270,26.5581,0.976574,14548
271,26.5573,0.976574,14045
272,26.5565,0.976574,21071
273,26.5558,0.976574,14048
274,26.555,0.976574,14046
275,26.5542,0.976574,14547
276,26.5534,0.976574,14048
277,26.5526,0.976574,14549
278,26.5518,0.976574,14549
279,26.5511,0.976574,14047
280,26.5502,0.976574,14047
281,26.5494,0.976574,14047
282,26.5486,0.976574,21072
283,26.5478,0.976574,16557
284,26.547,0.976574,14047
285,26.5462,0.976574,14048
286,26.5453,0.976574,14549
287,26.5445,0.976574,16054
288,26.5437,0.976574,14549
289,26.5428,0.976574,14049
290,26.542,0.976574,14047
291,26.5411,0.976574,15051
292,26.5403,0.976574,14048
293,26.5394,0.976574,14548
294,26.5385,0.976574,14048
295,26.5376,0.976574,15051
296,26.5368,0.976574,14047
297,26.5359,0.976574,14048
298,26.535,0.976574,14049
299,26.5341,0.976574,14549
300,26.5332,0.976574,14549
301,26.5323,0.976574,16556
302,26.5314,0.976574,14047
303,26.5305,0.976574,15553
304,26.5296,0.976574,14047
305,26.5286,0.976574,14047
306,26.5277,0.976574,14549
307,26.5268,0.976574,16054
308,26.5258,0.976574,14047
309,26.5249,0.976574,14048
310,26.524,0.976574,14048
311,26.523,0.976574,15551
312,26.522,0.976574,18563
313,26.5211,0.976574,14047
314,26.5201,0.976574,14047
315,26.5191,0.976574,14047
316,26.5182,0.976574,14047
317,26.5172,0.976574,14048
318,26.5162,0.976574,14048
319,26.5152,0.976574,14550
320,26.5142,0.976574,15051
321,26.5132,0.976574,14049
322,26.5122,0.976574,14047
323,26.5112,0.976574,14549
324,26.5102,0.976574,15051
325,26.5092,0.976574,14549
326,26.5082,0.976574,14550
327,26.5071,0.976574,14046
328,26.5061,0.976574,14549
329,26.5051,0.976574,14547
330,26.504,0.976574,15553
331,26.503,0.976574,14549
332,26.5019,0.976574,14549
333,26.5009,0.976574,14549
334,26.4998,0.976574,14549
335,26.4988,0.976574,14549
336,26.4977,0.976574,18061
337,26.4966,0.976574,14548
338,26.4956,0.976574,15051
339,26.4945,0.976574,14047
340,26.4934,0.976574,15050
341,26.4923,0.976574,14047
342,26.4912,0.976574,14551
343,26.4901,0.976574,14048
344,26.489,0.976574,14548
345,26.4879,0.976574,14548
346,26.4868,0.976574,14046
347,26.4857,0.976574,14048
348,26.4846,0.976574,14549
349,26.4835,0.976574,14047
350,26.4824,0.976574,14045
351,26.4813,0.976574,15052
352,26.4801,0.976574,14047
353,26.479,0.976574,15053
354,26.4779,0.976574,14045
355,26.4768,0.976574,14548
356,26.4756,0.976574,14047
357,26.4745,0.976574,14047
358,26.4733,0.976574,14048
359,26.4722,0.976574,14551
360,26.471,0.976574,14048
361,26.4699,0.976574,14047
362,26.4687,0.976574,14047
363,26.4676,0.976574,14548
364,26.4664,0.976574,14046
365,26.4652,0.976574,14047
366,26.4641,0.976574,14046
367,26.4629,0.976574,15554
368,26.4617,0.976574,17100
369,26.4606,0.976574,14550
370,26.4594,0.976574,14048
371,26.4582,0.976574,14548
372,26.457,0.976574,14048
373,26.4558,0.976574,14048
374,26.4547,0.976574,14549
375,26.4535,0.976574,14047
376,26.4523,0.976574,14550
377,26.4511,0.976574,14047
378,26.4499,0.976574,15051
379,26.4487,0.976574,14047
380,26.4475,0.976574,14549
381,26.4463,0.976574,14549
382,26.4451,0.976574,14549
383,26.4439,0.976574,14549
384,26.4427,0.976574,16054
385,26.4415,0.976574,14046
386,26.4403,0.976574,14045
387,26.4391,0.976574,14047
388,26.4378,0.976574,14047
389,26.4366,0.976574,14047
390,26.4354,0.976574,14046
391,26.4342,0.976574,16054
392,26.433,0.976574,14047
393,26.4318,0.976574,14550
394,26.4306,0.976574,14047
395,26.4293,0.976574,15051
396,26.4281,0.976574,14549
397,26.4269,0.976574,14048
398,26.4257,0.976574,14048
399,26.4244,0.976574,15553
400,26.4232,0.976574,14549
401,26.422,0.976574,14549
402,26.4208,0.976574,14047
403,26.4195,0.976574,14048
404,26.4183,0.976574,14045
405,26.4171,0.976574,14549
406,26.4159,0.976574,15050
407,26.4146,0.976574,14047
408,26.4134,0.976574,14046
409,26.4122,0.976574,14049
410,26.4109,0.976574,14047
411,26.4097,0.976574,14047
412,26.4085,0.976574,14047
413,26.4073,0.976574,14047
414,26.406,0.976574,13546
415,26.4048,0.976574,14549
416,26.4036,0.976574,14549
417,26.4023,0.976574,14549
418,26.4011,0.976574,16055
419,26.3999,0.976574,14048
420,26.3986,0.976574,14047
421,26.3974,0.976574,14048
422,26.3962,0.976574,14047
423,26.3949,0.976574,14549
424,26.3937,0.976574,14549
425,26.3925,0.976574,14047
426,26.3912,0.976574,14549
427,26.39,0.976574,14048
428,26.3888,0.976574,14550
429,26.3876,0.976574,14045
430,26.3863,0.976574,13543
431,26.3851,0.976574,14047
432,26.3839,0.976574,14046
433,26.3826,0.976574,14047
434,26.3814,0.976574,14547
435,26.3802,0.976574,14047
436,26.379,0.976574,14046
437,26.3777,0.976574,14048
438,26.3765,0.976574,14547
439,26.3753,0.976574,14047
440,26.3741,0.976574,15052
441,26.3728,0.976574,14047
442,26.3716,0.976574,14047
443,26.3704,0.976574,14047
444,26.3692,0.976574,14048
445,26.3679,0.976574,14047
446,26.3667,0.976574,14047
447,26.3655,0.976574,14549
448,26.3643,0.976574,14046
449,26.3631,0.976574,14549
450,26.3619,0.976574,14548
451,26.3606,0.976574,14549
452,26.3594,0.976574,14048
453,26.3582,0.976574,14549
454,26.357,0.976574,14047
455,26.3558,0.976574,14549
456,26.3546,0.976574,15050
457,26.3534,0.976574,15051
458,26.3521,0.976574,14047
459,26.3509,0.976574,14047
460,26.3497,0.976574,14047
461,26.3485,0.976574,14047
462,26.3473,0.976574,14549
463,26.3461,0.976574,14048
464,26.3449,0.976574,14047
465,26.3437,0.976574,14047
466,26.3425,0.976574,14549
467,26.3413,0.976574,14048
468,26.3401,0.976574,14047
469,26.3389,0.976574,14047
470,26.3377,0.976574,14047
471,26.3365,0.976574,14047
472,26.3353,0.976574,14549
473,26.3341,0.976574,14549
474,26.3329,0.976574,14549
475,26.3317,0.976574,14047
476,26.3305,0.976574,14048
477,26.3293,0.976574,14549
478,26.3281,0.976574,14047
479,26.3269,0.976574,14048
480,26.3257,0.976574,14047
481,26.3246,0.976574,14047
482,26.3234,0.976574,14047
483,26.3222,0.976574,14549
484,26.321,0.976574,14046
485,26.3198,0.976574,14549
486,26.3186,0.976574,18061
487,26.3174,0.976574,14047
488,26.3163,0.976574,14048
489,26.3151,0.976574,14047
490,26.3139,0.976574,14048
491,26.3127,0.976574,14047
492,26.3115,0.976574,14549
493,26.3103,0.976574,14547
494,26.3092,0.976574,17560
495,26.308,0.976574,15551
496,26.3068,0.976574,14045
497,26.3056,0.976574,14550
498,26.3045,0.976574,17561
499,26.3033,0.976574,14550
500,26.3021,0.976574,15050
501,26.3009,0.976574,14549
502,26.2998,0.976574,14549
503,26.2986,0.976574,15553
504,26.2974,0.976574,14549
505,26.2962,0.976574,14048
506,26.2951,0.976574,14047
507,26.2939,0.976574,14048
508,26.2927,0.976574,14047
509,26.2915,0.976574,14549
510,26.2904,0.976574,15050
511,26.2892,0.976574,14047
512,26.288,0.976574,14047
513,26.2869,0.976574,14549
514,26.2857,0.976574,14047
515,26.2845,0.976574,14047
516,26.2833,0.976574,14047
517,26.2822,0.976574,14048
518,26.281,0.976574,14046
519,26.2798,0.976574,15049
520,26.2787,0.976574,15051
521,26.2775,0.976574,14549
522,26.2763,0.976574,15051
523,26.2752,0.976574,14548
524,26.274,0.976574,14048
525,26.2728,0.976574,18563
526,26.2716,0.976574,16055
527,26.2705,0.976574,14047
528,26.2693,0.976574,14048
529,26.2681,0.976574,14549
530,26.2669,0.976574,15552
531,26.2658,0.976574,14549
532,26.2646,0.976574,14047
533,26.2634,0.976574,14045
534,26.2622,0.976574,14048
535,26.2611,0.976574,14048
536,26.2599,0.976574,14047
537,26.2587,0.976574,14047
538,26.2575,0.976574,14047
539,26.2564,0.976574,14047
540,26.2552,0.976574,14047
541,26.254,0.976574,15051
542,26.2528,0.976574,14048
543,26.2516,0.976574,14549
544,26.2504,0.976574,16054
545,26.2493,0.976574,15051
546,26.2481,0.976574,14047
547,26.2469,0.976574,15051
548,26.2457,0.976574,15051
549,26.2445,0.976574,14048
550,26.2433,0.976574,14046
551,26.2421,0.976574,14549
552,26.2409,0.976574,14047
553,26.2397,0.976574,14549
554,26.2385,0.976574,14550
555,26.2373,0.976574,14048
556,26.2361,0.976574,14047
557,26.2349,0.976574,15552
558,26.2337,0.976574,14050
559,26.2325,0.976574,14048
560,26.2313,0.976574,14047
561,26.2301,0.976574,14550
562,26.2289,0.976574,14046
563,26.2276,0.976574,15051
564,26.2264,0.976574,14050
565,26.2252,0.976574,14047
566,26.224,0.976574,14047
567,26.2228,0.976574,15553
568,26.2215,0.976574,14549
569,26.2203,0.976574,14047
570,26.2191,0.976574,14549
571,26.2178,0.976574,14549
572,26.2166,0.976574,14047
573,26.2153,0.976574,15050
574,26.2141,0.976574,14048
575,26.2128,0.976574,14048
576,26.2116,0.976574,14048
577,26.2103,0.976574,14548
578,26.209,0.976574,14547
579,26.2078,0.976574,14048
580,26.2065,0.976574,14047
581,26.2052,0.976574,14549
582,26.204,0.976574,14047
583,26.2027,0.976574,14047
584,26.2014,0.976574,14046
585,26.2001,0.976574,14550
586,26.1988,0.976574,14547
587,26.1975,0.976574,14047
588,26.1962,0.976574,14047
589,26.1949,0.976574,14047
590,26.1936,0.976574,14046
591,26.1923,0.976574,14047
592,26.191,0.976574,14046
593,26.1896,0.976574,14549
594,26.1883,0.976574,14047
595,26.187,0.976574,14047
596,26.1856,0.976574,14548
597,26.1843,0.976574,14047
598,26.1829,0.976574,13545
599,26.1816,0.976574,14048
600,26.1802,0.976574,15050
601,26.1789,0.976574,14047
602,26.1775,0.976574,14047
603,26.1761,0.976574,14548
604,26.1747,0.976574,14048
605,26.1733,0.976574,14046
606,26.1719,0.976574,14047
607,26.1705,0.976574,14048
608,26.1691,0.976574,14048
609,26.1677,0.976574,14549
610,26.1663,0.976574,14048
611,26.1648,0.976574,14549
612,26.1634,0.976574,14549
613,26.162,0.976574,14548
614,26.1605,0.976574,14550
615,26.159,0.976574,14551
616,26.1576,0.976574,14550
617,26.1561,0.976574,14047
618,26.1546,0.976574,15553
619,26.1531,0.976574,16555
620,26.1516,0.976574,14549
621,26.1501,0.976574,15051
622,26.1486,0.976574,14047
623,26.1471,0.976574,14047
624,26.1456,0.976574,14547
625,26.144,0.976574,14549
626,26.1425,0.976574,14047
627,26.141,0.976574,17559
628,26.1394,0.976574,14047
629,26.1378,0.976574,14047
630,26.1362,0.976574,14048
631,26.1347,0.976574,14048
632,26.1331,0.976574,14549
633,26.1315,0.976574,14048
634,26.1298,0.976574,15052
635,26.1282,0.976574,14048
636,26.1266,0.976574,15049
637,26.1249,0.976574,14047
638,26.1233,0.976574,14047
639,26.1216,0.976574,14048
640,26.12,0.976574,14047
641,26.1183,0.976574,14047
642,26.1166,0.976574,14047
643,26.1149,0.976574,13546
644,26.1132,0.976574,15050
645,26.1115,0.976574,14548
646,26.1097,0.976574,14048
647,26.108,0.976574,14047
648,26.1062,0.976574,14549
649,26.1045,0.976574,13546
650,26.1027,0.976574,14549
651,26.1009,0.976574,14549
652,26.0992,0.976574,14048
653,26.0974,0.976574,14047
654,26.0955,0.976574,14047
655,26.0937,0.976574,14047
656,26.0919,0.976574,14548
657,26.0901,0.976574,14047
658,26.0882,0.976574,14047
659,26.0864,0.976574,14047
660,26.0845,0.976574,14550
661,26.0826,0.976574,15050
662,26.0807,0.976574,14048
663,26.0788,0.976574,14550
664,26.0769,0.976574,14550
665,26.075,0.976574,14550
666,26.0731,0.976574,14047
667,26.0712,0.976574,14549
668,26.0692,0.976574,14047
669,26.0673,0.976574,14550
670,26.0653,0.976574,14048
671,26.0633,0.976574,14547
672,26.0614,0.976574,14045
673,26.0594,0.976574,14047
674,26.0574,0.976574,14549
675,26.0554,0.976574,14048
676,26.0534,0.976574,14048
677,26.0514,0.976574,14077
678,26.0493,0.976574,14550
679,26.0473,0.976574,14045
680,26.0453,0.976574,14549
681,26.0432,0.976574,14549
682,26.0412,0.976574,14047
683,26.0391,0.976574,14549
684,26.037,0.976574,14048
685,26.035,0.976574,14047
686,26.0329,0.976574,14547
687,26.0308,0.976574,14045
688,26.0287,0.976574,14047
689,26.0267,0.976574,14047
690,26.0246,0.976574,14047
691,26.0225,0.976574,14549
692,26.0204,0.976574,14047
693,26.0183,0.976574,14549
694,26.0162,0.976574,14047
695,26.0141,0.976574,14048
696,26.0119,0.976574,14047
697,26.0098,0.976574,14549
698,26.0077,0.976574,14047
699,26.0056,0.976574,14549
700,26.0035,0.976574,14549
701,26.0014,0.976574,14047
702,25.9993,0.976574,16556
703,25.9972,0.976574,14549
704,25.9951,0.976574,14048
705,25.9929,0.976574,14549
706,25.9908,0.976574,14047
707,25.9887,0.976574,14548
708,25.9866,0.976574,14551
709,25.9845,0.976574,14547
710,25.9824,0.976574,14549
711,25.9803,0.976574,14047
712,25.9783,0.976574,14047
713,25.9762,0.976574,14549
714,25.9741,0.976574,14047
715,25.972,0.976574,14047
716,25.9699,0.976574,14047
717,25.9679,0.976574,14047
718,25.9658,0.976574,14048
719,25.9638,0.976574,14047
720,25.9617,0.976574,14047
721,25.9597,0.976574,19064
722,25.9576,0.976574,14047
723,25.9556,0.976574,15552
724,25.9536,0.976574,14547
725,25.9516,0.976574,14047
726,25.9496,0.976574,14048
727,25.9476,0.976574,14048
728,25.9456,0.976574,14549
729,25.9437,0.976574,14046
730,25.9417,0.976574,14046
731,25.9397,0.976574,14548
732,25.9378,0.976574,14048
733,25.9359,0.976574,14045
734,25.9339,0.976574,14048
735,25.932,0.976574,14548
736,25.9301,0.976574,14047
737,25.9282,0.976574,14047
738,25.9263,0.976574,14046
739,25.9245,0.976574,14547
740,25.9226,0.976574,14049
741,25.9208,0.976574,14047
742,25.9189,0.976574,14548
743,25.9171,0.976574,14549
744,25.9153,0.976574,14047
745,25.9135,0.976574,20569
746,25.9117,0.976574,15051
747,25.91,0.976574,14550
748,25.9082,0.976574,14048
749,25.9065,0.976574,14048
750,25.9047,0.976574,14048
751,25.903,0.976574,14048
752,25.9013,0.976574,14047
753,25.8996,0.976574,15552
754,25.8979,0.976574,14047
755,25.8962,0.976574,14549
756,25.8946,0.976574,14549
757,25.8929,0.976574,14047
758,25.8913,0.976574,14548
759,25.8897,0.976574,19566
760,25.8881,0.976574,14047
761,25.8865,0.976574,14048
762,25.8849,0.976574,15050
763,25.8833,0.976574,14047
764,25.8818,0.976574,14046
765,25.8802,0.976574,14047
766,25.8787,0.976574,14047
767,25.8772,0.976574,14549
768,25.8757,0.976574,14047
769,25.8742,0.976574,14549
770,25.8727,0.976574,14549
771,25.8713,0.976574,20570
772,25.8698,0.976574,14549
773,25.8684,0.976574,14551
774,25.867,0.976574,15051
775,25.8656,0.976574,14547
776,25.8642,0.976574,14549
777,25.8628,0.976574,14549
778,25.8614,0.976574,14547
779,25.86,0.976574,14047
780,25.8587,0.976574,14046
781,25.8574,0.976574,14047
782,25.856,0.976574,14048
783,25.8547,0.976574,14047
784,25.8534,0.976574,14047
785,25.8521,0.976574,14047
786,25.8509,0.976574,14048
787,25.8496,0.976574,14048
788,25.8483,0.976574,14550
789,25.8471,0.976574,14047
790,25.8459,0.976574,14047
791,25.8447,0.976574,14047
792,25.8435,0.976574,14047
793,25.8423,0.976574,14548
794,25.8411,0.976574,14047
795,25.8399,0.976574,14550
796,25.8388,0.976574,14549
797,25.8376,0.976574,14548
798,25.8365,0.976574,14548
799,25.8353,0.976574,14049
800,25.8342,0.976574,14549
801,25.8331,0.976574,14046
802,25.832,0.976574,14049
803,25.831,0.976574,14047
804,25.8299,0.976574,14047
805,25.8288,0.976574,14048
806,25.8278,0.976574,14047
807,25.8267,0.976574,14549
808,25.8257,0.976574,14048
809,25.8247,0.976574,16054
810,25.8237,0.976574,14047
811,25.8227,0.976574,18563
812,25.8217,0.976574,14048
813,25.8207,0.976574,14549
814,25.8197,0.976574,14549
815,25.8187,0.976574,14549
816,25.8178,0.976574,18060
817,25.8168,0.976574,14550
818,25.8159,0.976574,14047
819,25.815,0.976574,14047
820,25.8141,0.976574,14047
821,25.8132,0.976574,14549
822,25.8123,0.976574,14549
823,25.8114,0.976574,16054
824,25.8105,0.976574,14549
825,25.8096,0.976574,14047
826,25.8088,0.976574,14047
827,25.8079,0.976574,14548
828,25.807,0.976574,14046
829,25.8062,0.976574,14548
830,25.8054,0.976574,14047
831,25.8046,0.976574,14046
832,25.8037,0.976574,13545
833,25.8029,0.976574,17056
834,25.8021,0.976574,14046
835,25.8013,0.976574,16556
836,25.8006,0.976574,14047
837,25.7998,0.976574,14050
838,25.799,0.976574,14047
839,25.7982,0.976574,14549
840,25.7975,0.976574,14048
841,25.7967,0.976574,19065
842,25.796,0.976574,14047
843,25.7953,0.976574,14550
844,25.7945,0.976574,14048
845,25.7938,0.976574,13546
846,25.7931,0.976574,14049
847,25.7924,0.976574,14048
848,25.7917,0.976574,14049
849,25.791,0.976574,14048
850,25.7903,0.976574,14046
851,25.7897,0.976574,14047
852,25.789,0.976574,14549
853,25.7883,0.976574,14047
854,25.7877,0.976574,14048
855,25.787,0.976574,14047
856,25.7864,0.976574,14048
857,25.7857,0.976574,13545
858,25.7851,0.976574,15552
859,25.7844,0.976574,15552
860,25.7838,0.976574,14550
861,25.7832,0.976574,16053
862,25.7826,0.976574,15553
863,25.782,0.976574,15051
864,25.7814,0.976574,14549
865,25.7808,0.976574,14549
866,25.7802,0.976574,17559
867,25.7796,0.976574,15050
868,25.7791,0.976574,15051
869,25.7785,0.976574,14549
870,25.7779,0.976574,15552
871,25.7774,0.976574,17559
872,25.7768,0.976574,15050
873,25.7762,0.976574,14550
874,25.7757,0.976574,14047
875,25.7752,0.976574,15051
876,25.7746,0.976574,14549
877,25.7741,0.976574,14047
878,25.7736,0.976574,16054
879,25.773,0.976574,14549
880,25.7725,0.976574,14047
881,25.772,0.976574,14048
882,25.7715,0.976574,14047
883,25.771,0.976574,14046
884,25.7705,0.976574,18564
885,25.77,0.976574,16557
886,25.7695,0.976574,14047
887,25.769,0.976574,14549
888,25.7686,0.976574,14551
889,25.7681,0.976574,16555
890,25.7676,0.976574,15053
891,25.7672,0.976574,15553
892,25.7667,0.976574,14547
893,25.7662,0.976574,14549
894,25.7658,0.976574,14549
895,25.7653,0.976574,14047
896,25.7649,0.976574,17058
897,25.7644,0.976574,14551
898,25.764,0.976574,14547
899,25.7636,0.976574,14048
900,25.7631,0.976574,14048
901,25.7627,0.976574,14048
902,25.7623,0.976574,14550
903,25.7619,0.976574,14549
904,25.7615,0.976574,14046
905,25.7611,0.976574,14047
906,25.7606,0.976574,14549
907,25.7602,0.976574,14550
908,25.7598,0.976574,14550
909,25.7594,0.976574,14549
910,25.7591,0.976574,14549
911,25.7587,0.976574,14049
912,25.7583,0.976574,14047
913,25.7579,0.976574,19065
914,25.7575,0.976574,15049
915,25.7571,0.976574,14046
916,25.7568,0.976574,15552
917,25.7564,0.976574,16053
918,25.756,0.976574,15051
919,25.7557,0.976574,15051
920,25.7553,0.976574,14047
921,25.755,0.976574,14047
922,25.7546,0.976574,16054
923,25.7543,0.976574,14549
924,25.7539,0.976574,14047
925,25.7536,0.976574,14049
926,25.7532,0.976574,14546
927,25.7529,0.976574,13546
928,25.7526,0.976574,15049
929,25.7522,0.976574,14048
930,25.7519,0.976574,18061
931,25.7516,0.976574,14549
932,25.7512,0.976574,17057
933,25.7509,0.976574,14047
934,25.7506,0.976574,15052
935,25.7503,0.976574,14048
936,25.75,0.976574,15052
937,25.7497,0.976574,14047
938,25.7494,0.976574,14550
939,25.7491,0.976574,14048
940,25.7488,0.976574,13545
941,25.7485,0.976574,14047
942,25.7482,0.976574,14047
943,25.7479,0.976574,20570
944,25.7476,0.976574,14047
945,25.7473,0.976574,19066
946,25.747,0.976574,15052
947,25.7467,0.976574,14547
948,25.7464,0.976574,14048
949,25.7462,0.976574,14549
950,25.7459,0.976574,14549
951,25.7456,0.976574,14048
952,25.7453,0.976574,14047
953,25.7451,0.976574,15051
954,25.7448,0.976574,14549
955,25.7445,0.976574,14048
956,25.7443,0.976574,14047
957,25.744,0.976574,14048
958,25.7437,0.976574,19064
959,25.7435,0.976574,14049
960,25.7432,0.976574,14046
961,25.743,0.976574,14550
962,25.7427,0.976574,14548
963,25.7425,0.976574,14048
964,25.7422,0.976574,14047
965,25.742,0.976574,14047
966,25.7417,0.976574,14549
967,25.7415,0.976574,14549
968,25.7413,0.976574,14550
969,25.741,0.976574,14550
970,25.7408,0.976574,15553
971,25.7406,0.976574,14548
972,25.7403,0.976574,14549
973,25.7401,0.976574,17056
974,25.7399,0.976574,14549
975,25.7396,0.976574,14047
976,25.7394,0.976574,14550
977,25.7392,0.976574,14047
978,25.739,0.976574,14046
979,25.7388,0.976574,14047
980,25.7385,0.976574,14047
981,25.7383,0.976574,14549
982,25.7381,0.976574,14548
983,25.7379,0.976574,14045
984,25.7377,0.976574,16556
985,25.7375,0.976574,15051
986,25.7373,0.976574,14046
987,25.7371,0.976574,14048
988,25.7369,0.976574,14048
989,25.7367,0.976574,14550
990,25.7365,0.976574,14549
991,25.7363,0.976574,14048
992,25.7361,0.976574,14047
993,25.7359,0.976574,14046
994,25.7357,0.976574,14048
995,25.7355,0.976574,14045
996,25.7353,0.976574,13548
997,25.7351,0.976574,14047
998,25.7349,0.976574,14048
999,25.7348,0.976574,14047
Done! Press enter to close the program.
