Normalizing data...
Randomizing order of the data...
Creating Neural Network (4, 7, 3)
Current weights set to:
0.026072, 0.099884, 0.0050264, -0.0859188, 0.000833155, -0.0633839, -0.0722343, 0.0989563, 0.0310953, -0.0412091, -0.0803522, -0.0436934, -0.0645802, 0.0904904, -0.030961, -0.0608875, 0.00069277, 0.0336711, -0.0177099, -0.00830409, -0.0961913, -0.0719779, -0.0709159, -0.0612903, 0.0697439, -0.0981079, -0.0852901, 0.0932737, -0.0278909, -0.00454421, -0.0644276, 0.0154942, -0.017362, 0.0373699, -0.0258644, 0.0526353, 0.0756706, -0.0437483, -0.0104526, -0.00785852, -0.00597858, -0.0918577, 0.0602954, 0.0588672, -0.0176061, -0.0987671, 0.0349406, -0.0123753, 0.0946226, 0.0991089, -0.0525498, 0.00244453, -0.0189917, 0.0837519, -0.0468917, 0.0336528, -0.0380169, 0.0595996, 0.0414533, 0.00414136, 0.094348, 0.0798273, 0.0823786,


Starting training using PSO on Iris Data Set
Press enter to start the training.

0,85.4347,0.66,29599
1,59.4951,0.74,29599
2,48.818,0.76,29599
3,38.7231,0.84,29600
4,38.7231,0.84,29600
5,33.4669,0.826667,29600
6,33.4669,0.826667,29600
7,33.4669,0.826667,29097
8,27.6918,0.893333,29599
9,18.4975,0.94,29098
10,18.4975,0.94,30102
11,18.4975,0.94,29097
12,18.4975,0.94,29598
13,16.128,0.926667,29600
14,16.128,0.926667,29598
15,15.931,0.946667,29096
16,15.931,0.946667,29598
17,15.0829,0.96,29598
18,15.0829,0.96,29598
19,15.0829,0.96,29599
20,15.0829,0.96,30100
21,11.7192,0.96,29600
22,10.3224,0.946667,29600
23,10.3224,0.946667,29600
24,10.3224,0.946667,29600
25,10.3224,0.946667,30101
26,10.3224,0.946667,30099
27,10.3224,0.946667,29599
28,10.0222,0.953333,29598
29,10.0083,0.96,29599
30,10.0083,0.96,29099
31,10.0083,0.96,29599
32,10.0083,0.96,30100
33,10.0083,0.96,29099
34,10.0083,0.96,30100
35,10.0083,0.96,29599
36,9.91557,0.966667,29599
37,9.91557,0.966667,29600
38,9.68354,0.96,30101
39,9.33063,0.966667,29098
40,9.33063,0.966667,30102
41,9.14767,0.96,29097
42,9.1087,0.96,29599
43,9.1087,0.96,30101
44,9.1087,0.96,29599
45,8.96229,0.96,29600
46,8.65434,0.96,30101
47,8.65434,0.96,29097
48,8.65434,0.96,29599
49,8.65434,0.96,29599
50,8.65434,0.96,29599
51,8.61498,0.96,30101
52,8.32842,0.96,29599
53,8.32842,0.96,29600
54,8.32842,0.96,29599
55,8.32842,0.96,29600
56,7.94241,0.966667,29599
57,7.71394,0.966667,29599
58,7.71394,0.966667,30102
59,7.71394,0.966667,29598
60,7.71394,0.966667,29599
61,7.59932,0.966667,30101
62,7.59932,0.966667,29098
63,7.58169,0.966667,30101
64,7.57485,0.966667,29598
65,7.55047,0.966667,29599
66,7.55047,0.966667,29598
67,7.50597,0.966667,29599
68,7.37911,0.966667,29600
69,7.37911,0.966667,29599
70,7.34432,0.966667,30101
71,7.25333,0.966667,29599
72,7.25333,0.966667,29599
73,7.25333,0.966667,29600
74,7.23257,0.966667,29600
75,7.14535,0.966667,29600
76,7.13569,0.966667,30101
77,7.13569,0.966667,30100
78,7.13569,0.966667,29097
79,7.13569,0.966667,29599
80,5.74715,0.986667,29600
81,5.60371,0.986667,30101
82,5.60371,0.986667,29097
83,5.60371,0.986667,30101
84,5.47087,0.98,29097
85,5.47087,0.98,30100
86,5.03456,0.973333,30100
87,5.03456,0.973333,30102
88,5.03456,0.973333,29600
89,4.8465,0.98,29098
90,4.50899,0.986667,30101
91,4.50899,0.986667,29600
92,4.39376,0.986667,29601
93,4.39376,0.986667,29599
94,4.39376,0.986667,30101
95,4.39376,0.986667,29600
96,4.39376,0.986667,30101
97,4.39376,0.986667,29598
98,4.33349,0.986667,29599
99,4.33349,0.986667,29598
100,4.33349,0.986667,29598
101,4.33349,0.986667,29097
102,4.23361,0.986667,29600
103,4.22617,0.986667,29598
104,4.22617,0.986667,29598
105,4.22133,0.986667,29600
106,4.20513,0.986667,29600
107,4.20513,0.986667,29599
108,4.20513,0.986667,29599
109,4.20513,0.986667,29098
110,4.19409,0.986667,29599
111,4.19409,0.986667,29099
112,4.19409,0.986667,29599
113,4.19409,0.986667,29600
114,4.19409,0.986667,29598
115,4.19409,0.986667,29601
116,4.19409,0.986667,29599
117,4.19409,0.986667,30101
118,4.19409,0.986667,29599
119,4.19409,0.986667,29599
120,4.19409,0.986667,29598
121,4.19409,0.986667,29599
122,4.19409,0.986667,29600
123,4.19409,0.986667,29600
124,4.19409,0.986667,29599
125,4.19409,0.986667,29599
126,4.18493,0.986667,29598
127,4.18493,0.986667,29098
128,4.11054,0.986667,29599
129,4.11054,0.986667,30101
130,4.09424,0.986667,30101
131,4.09424,0.986667,29097
132,4.09424,0.986667,29600
133,4.09424,0.986667,29599
134,4.09424,0.986667,29599
135,4.09424,0.986667,29599
136,4.09424,0.986667,29599
137,4.07631,0.986667,30100
138,4.07631,0.986667,29600
139,4.0719,0.986667,29600
140,4.05351,0.986667,30103
141,4.05351,0.986667,30101
142,4.05351,0.986667,29096
143,4.05351,0.986667,30100
144,4.05351,0.986667,29599
145,4.03919,0.986667,29600
146,4.03919,0.986667,29598
147,4.03384,0.986667,30101
148,4.03384,0.986667,29600
149,4.01199,0.986667,29598
150,4.01027,0.986667,29098
151,4.01027,0.986667,30100
152,4.01027,0.986667,29599
153,4.01027,0.986667,30101
154,3.87308,0.993333,29599
155,3.6484,0.993333,29097
156,3.54914,0.993333,30101
157,3.44082,0.993333,29598
158,3.44082,0.993333,30103
159,3.44082,0.993333,29599
160,3.42083,0.993333,30099
161,3.42083,0.993333,29098
162,3.42083,0.993333,29098
163,3.42083,0.993333,30100
164,3.42083,0.993333,29599
165,3.42083,0.993333,29599
166,3.42083,0.993333,29600
167,3.42083,0.993333,29599
168,3.3843,0.986667,29599
169,3.36888,0.993333,30102
170,3.3037,0.993333,29600
171,3.3037,0.993333,29599
172,3.3037,0.993333,29598
173,3.3037,0.993333,29599
174,3.3037,0.993333,29602
175,3.3037,0.993333,28595
176,3.3037,0.993333,29599
177,3.3037,0.993333,30101
178,3.3037,0.993333,29600
179,3.3037,0.993333,29599
180,3.3037,0.993333,29599
181,3.3037,0.993333,29599
182,3.3037,0.993333,29599
183,3.3037,0.993333,29600
184,3.3037,0.993333,29097
185,3.3037,0.993333,29599
186,3.29274,0.993333,29599
187,3.29274,0.993333,29600
188,3.29274,0.993333,29598
189,3.29274,0.993333,29096
190,3.29274,0.993333,30100
191,3.29274,0.993333,29600
192,3.29274,0.993333,30102
193,3.29274,0.993333,29599
194,3.29015,0.993333,29597
195,3.29015,0.993333,29098
196,3.29015,0.993333,29599
197,3.29015,0.993333,29600
198,3.29015,0.993333,29599
199,3.29015,0.993333,29599
200,3.29015,0.993333,29599
201,3.28799,0.993333,29600
202,3.28799,0.993333,30100
203,3.28799,0.993333,29602
204,3.28799,0.993333,29599
205,3.28799,0.993333,30101
206,3.28799,0.993333,29600
207,3.28799,0.993333,29599
208,3.28704,0.993333,29599
209,3.28629,0.993333,30099
210,3.28629,0.993333,29598
211,3.28502,0.993333,29597
212,3.27306,0.993333,29598
213,3.27306,0.993333,30100
214,3.27306,0.993333,29599
215,3.27306,0.993333,29598
216,3.26345,0.993333,29597
217,3.26345,0.993333,29098
218,3.25792,0.993333,29600
219,3.25792,0.993333,29599
220,3.25499,0.993333,29600
221,3.25364,0.993333,30100
222,3.25364,0.993333,29097
223,3.25168,0.993333,30102
224,3.25168,0.993333,29600
225,3.2499,0.993333,29599
226,3.2499,0.993333,29599
227,3.2499,0.993333,29097
228,3.2499,0.993333,30101
229,3.2499,0.993333,29598
230,3.2499,0.993333,29598
231,3.24973,0.993333,29600
232,3.24973,0.993333,29098
233,3.24948,0.993333,29599
234,3.24948,0.993333,29600
235,3.23635,0.993333,29599
236,3.23635,0.993333,30101
237,3.22749,0.993333,29599
238,3.22749,0.993333,30101
239,3.22749,0.993333,30101
240,3.22347,0.993333,29599
241,3.1986,0.993333,29599
242,3.1986,0.993333,29599
243,3.1986,0.993333,29098
244,3.19759,0.993333,29599
245,3.17918,0.993333,29599
246,3.17918,0.993333,29599
247,3.17918,0.993333,29600
248,3.17092,0.993333,30101
249,3.16189,0.993333,29599
250,3.15763,0.993333,29599
251,3.15573,0.993333,29600
252,3.15503,0.993333,29598
253,3.15494,0.993333,29600
254,3.15368,0.993333,29598
255,3.15242,0.993333,29599
256,3.1518,0.993333,29600
257,3.14928,0.993333,29098
258,3.14928,0.993333,30101
259,3.14928,0.993333,29599
260,3.14928,0.993333,29599
261,3.14924,0.993333,29097
262,3.14217,0.993333,29599
263,3.13744,0.993333,29599
264,3.13744,0.993333,30101
265,3.13744,0.993333,29097
266,3.13714,0.993333,30101
267,3.13714,0.993333,29599
268,3.1362,0.993333,29599
269,3.1328,0.993333,30101
270,3.1328,0.993333,29098
271,3.13239,0.993333,29599
272,3.13239,0.993333,29601
273,3.13239,0.993333,29098
274,3.13239,0.993333,30099
275,3.13239,0.993333,29600
276,3.13191,0.993333,29098
277,3.13088,0.993333,29097
278,3.12834,0.993333,28596
279,3.12834,0.993333,30099
280,3.12834,0.993333,29096
281,3.12834,0.993333,30100
282,3.12159,0.993333,29600
283,3.12159,0.993333,29599
284,3.12159,0.993333,29598
285,3.11546,0.993333,29599
286,3.11148,0.993333,29097
287,3.11144,0.993333,29599
288,3.11144,0.993333,28596
289,3.11031,0.993333,29600
290,3.10875,0.993333,30100
291,3.10732,0.993333,29599
292,3.10033,0.993333,30101
293,3.09773,0.993333,29599
294,3.09773,0.993333,29097
295,3.09773,0.993333,29600
296,3.09341,0.993333,29600
297,3.09341,0.993333,30101
298,3.09341,0.993333,29098
299,3.09297,0.993333,30101
300,3.09297,0.993333,29096
301,3.09297,0.993333,29599
302,3.09138,0.993333,29600
303,3.08567,0.993333,29600
304,3.08567,0.993333,30102
305,3.07984,0.993333,29599
306,3.07984,0.993333,29599
307,3.07984,0.993333,29598
308,3.07984,0.993333,30101
309,3.07984,0.993333,29098
310,3.07984,0.993333,30101
311,3.07984,0.993333,29097
312,3.0782,0.993333,29599
313,3.0782,0.993333,29599
314,3.0782,0.993333,29599
315,3.0782,0.993333,30101
316,3.0782,0.993333,29599
317,3.07439,0.993333,29600
318,3.0707,0.993333,30101
319,3.07033,0.993333,30101
320,3.07024,0.993333,29598
321,3.07024,0.993333,29599
322,3.07024,0.993333,29598
323,3.06835,0.993333,29599
324,3.06557,0.993333,29598
325,3.06557,0.993333,30102
326,3.06557,0.993333,29600
327,3.06496,0.993333,29599
328,3.0628,0.993333,29096
329,3.0628,0.993333,30101
330,3.0628,0.993333,29600
331,3.0628,0.993333,29598
332,3.0615,0.993333,29599
333,3.06068,0.993333,29600
334,3.05978,0.993333,30101
335,3.05904,0.993333,29098
336,3.059,0.993333,29599
337,3.05853,0.993333,30100
338,3.05853,0.993333,29098
339,3.05853,0.993333,29598
340,3.05853,0.993333,29599
341,3.05785,0.993333,29599
342,3.05772,0.993333,30101
343,3.05354,0.993333,29600
344,3.05354,0.993333,29600
345,3.0521,0.993333,29097
346,3.05131,0.993333,29599
347,3.05131,0.993333,29598
348,3.04965,0.993333,29097
349,3.04935,0.993333,30100
350,3.04935,0.993333,29098
351,3.04935,0.993333,29600
352,3.04935,0.993333,29599
353,3.04935,0.993333,29600
354,3.04935,0.993333,29599
355,3.04935,0.993333,29598
356,3.04935,0.993333,29600
357,3.04924,0.993333,30101
358,3.04869,0.993333,29600
359,3.04869,0.993333,29599
360,3.04869,0.993333,28598
361,3.04845,0.993333,30102
362,3.04844,0.993333,29601
363,3.04844,0.993333,29598
364,3.04761,0.993333,29599
365,3.04619,0.993333,30101
366,3.04565,0.993333,29098
367,3.04474,0.993333,29599
368,3.04474,0.993333,29599
369,3.04474,0.993333,30101
370,3.04474,0.993333,29097
371,3.04474,0.993333,29600
372,3.04327,0.993333,29600
373,3.04197,0.993333,29597
374,3.04112,0.993333,29097
375,3.04082,0.993333,29098
376,3.04068,0.993333,29599
377,3.04068,0.993333,30100
378,3.03992,0.993333,28598
379,3.03712,0.993333,29599
380,3.03515,0.993333,29599
381,3.02741,0.993333,30100
382,3.02741,0.993333,29599
383,3.02741,0.993333,30100
384,3.02741,0.993333,29600
385,3.02741,0.993333,29599
386,3.02741,0.993333,29599
387,3.02741,0.993333,30102
388,3.02741,0.993333,30101
389,3.026,0.993333,29599
390,3.01886,0.993333,29599
391,3.01886,0.993333,30102
392,3.01886,0.993333,29599
393,3.01809,0.993333,29598
394,3.01748,0.993333,29599
395,3.01748,0.993333,30101
396,3.01748,0.993333,29098
397,3.0174,0.993333,29599
398,3.01692,0.993333,29599
399,3.01402,0.993333,29599
400,3.01386,0.993333,29599
401,3.01386,0.993333,29599
402,3.01386,0.993333,29600
403,3.00985,0.993333,30101
404,3.00985,0.993333,29597
405,3.00985,0.993333,29599
406,3.00985,0.993333,29098
407,3.00985,0.993333,29600
408,3.00985,0.993333,29098
409,3.00985,0.993333,30099
410,3.00985,0.993333,29098
411,3.00985,0.993333,29097
412,3.00874,0.993333,29599
413,3.00756,0.993333,29599
414,3.00756,0.993333,29097
415,3.00756,0.993333,29598
416,3.00756,0.993333,30101
417,3.00682,0.993333,29598
418,3.00609,0.993333,29599
419,3.00609,0.993333,29599
420,3.00609,0.993333,29598
421,3.00517,0.993333,29600
422,3.00517,0.993333,29600
423,3.00517,0.993333,29600
424,3.00517,0.993333,29599
425,3.00517,0.993333,29599
426,3.00517,0.993333,29598
427,3.00517,0.993333,29600
428,3.00517,0.993333,29598
429,3.00517,0.993333,29600
430,3.00485,0.993333,29599
431,3.00452,0.993333,30101
432,3.00388,0.993333,29599
433,3.00346,0.993333,30101
434,3.00346,0.993333,29599
435,3.00236,0.993333,29599
436,3.0012,0.993333,29098
437,3.0012,0.993333,29599
438,3.0012,0.993333,29599
439,2.99946,0.993333,29599
440,2.99858,0.993333,29599
441,2.99795,0.993333,29600
442,2.99795,0.993333,30101
443,2.99795,0.993333,29599
444,2.99795,0.993333,29600
445,2.997,0.993333,29098
446,2.99477,0.993333,29096
447,2.99477,0.993333,29598
448,2.99477,0.993333,30101
449,2.99473,0.993333,30101
450,2.99473,0.993333,29098
451,2.99335,0.993333,30102
452,2.99335,0.993333,29599
453,2.9909,0.993333,30102
454,2.9909,0.993333,29599
455,2.9909,0.993333,30100
456,2.9909,0.993333,29598
457,2.98918,0.993333,30101
458,2.98758,0.993333,29598
459,2.98758,0.993333,29599
460,2.98612,0.993333,29599
461,2.98284,0.993333,29599
462,2.98284,0.993333,29598
463,2.97772,0.993333,29602
464,2.97772,0.993333,29599
465,2.97756,0.993333,29599
466,2.97756,0.993333,29597
467,2.97741,0.993333,29600
468,2.9748,0.993333,29599
469,2.96915,0.993333,29097
470,2.96386,0.993333,29598
471,2.96182,0.993333,29598
472,2.96014,0.993333,29599
473,2.95079,0.993333,30102
474,2.95079,0.993333,29096
475,2.95079,0.993333,29600
476,2.95079,0.993333,30100
477,2.95079,0.993333,29599
478,2.95079,0.993333,29597
479,2.95079,0.993333,30101
480,2.95079,0.993333,29598
481,2.94722,0.993333,29599
482,2.94722,0.993333,29600
483,2.94653,0.993333,29599
484,2.94653,0.993333,29600
485,2.9448,0.993333,29097
486,2.9448,0.993333,30100
487,2.94135,0.993333,29601
488,2.94135,0.993333,29598
489,2.9408,0.993333,30101
490,2.93862,0.993333,29599
491,2.93345,0.993333,29599
492,2.92895,0.993333,29098
493,2.92218,0.993333,29600
494,2.9114,0.993333,30101
495,2.90326,0.993333,30101
496,2.90111,0.993333,29599
497,2.90111,0.993333,29599
498,2.9003,0.993333,29599
499,2.9003,0.993333,29599
500,2.88955,0.993333,30100
501,2.87733,0.993333,29096
502,2.86834,0.993333,29599
503,2.86834,0.993333,30101
504,2.86834,0.993333,29600
505,2.86834,0.993333,30101
506,2.86834,0.993333,29598
507,2.85802,0.993333,29600
508,2.85691,0.993333,29599
509,2.85582,0.993333,29597
510,2.85582,0.993333,30101
511,2.85043,0.993333,29598
512,2.85043,0.993333,30101
513,2.85043,0.993333,29599
514,2.85043,0.993333,29599
515,2.84554,0.993333,29600
516,2.84383,0.993333,30102
517,2.84383,0.993333,29096
518,2.84383,0.993333,29599
519,2.84383,0.993333,30101
520,2.84383,0.993333,29599
521,2.84383,0.993333,29599
522,2.84383,0.993333,29598
523,2.84383,0.993333,30103
524,2.84383,0.993333,29097
525,2.84383,0.993333,29098
526,2.84383,0.993333,29599
527,2.84146,0.993333,29600
528,2.84146,0.993333,29098
529,2.84146,0.993333,29600
530,2.84146,0.993333,29600
531,2.84028,0.993333,29599
532,2.84028,0.993333,29599
533,2.84028,0.993333,29599
534,2.84028,0.993333,29599
535,2.83891,0.993333,29599
536,2.83891,0.993333,29599
537,2.83891,0.993333,29599
538,2.83891,0.993333,30101
539,2.83891,0.993333,29097
540,2.83891,0.993333,28596
541,2.83543,0.993333,29599
542,2.83543,0.993333,29599
543,2.83543,0.993333,30101
544,2.82415,0.993333,30102
545,2.81834,0.993333,29599
546,2.81834,0.993333,29599
547,2.81834,0.993333,29598
548,2.81834,0.993333,29599
549,2.81834,0.993333,29600
550,2.81834,0.993333,29095
551,2.81834,0.993333,29600
552,2.81834,0.993333,29599
553,2.81834,0.993333,29599
554,2.81834,0.993333,30101
555,2.81834,0.993333,29098
556,2.81834,0.993333,29600
557,2.81834,0.993333,29598
558,2.81834,0.993333,29599
559,2.81834,0.993333,29599
560,2.81834,0.993333,29599
561,2.81824,0.993333,29599
562,2.81823,0.993333,30102
563,2.81823,0.993333,29600
564,2.81823,0.993333,29599
565,2.81823,0.993333,29599
566,2.81818,0.993333,29598
567,2.81818,0.993333,29123
568,2.81818,0.993333,29096
569,2.81783,0.993333,30102
570,2.81494,0.993333,29598
571,2.81357,0.993333,28594
572,2.81357,0.993333,29599
573,2.81357,0.993333,30100
574,2.81357,0.993333,29599
575,2.81336,0.993333,29599
576,2.81336,0.993333,29600
577,2.81242,0.993333,29598
578,2.81236,0.993333,29599
579,2.81236,0.993333,29599
580,2.81236,0.993333,29097
581,2.81219,0.993333,30101
582,2.81219,0.993333,29599
583,2.81219,0.993333,29599
584,2.81219,0.993333,29599
585,2.81212,0.993333,29096
586,2.81212,0.993333,29600
587,2.81197,0.993333,30101
588,2.81148,0.993333,29598
589,2.81053,0.993333,29599
590,2.81053,0.993333,29599
591,2.80996,0.993333,30102
592,2.80989,0.993333,29096
593,2.80874,0.993333,29599
594,2.80832,0.993333,30102
595,2.80651,0.993333,29599
596,2.80641,0.993333,30101
597,2.80607,0.993333,29098
598,2.80607,0.993333,29599
599,2.80607,0.993333,29600
600,2.80572,0.993333,29599
601,2.80399,0.993333,30102
602,2.80399,0.993333,29600
603,2.80399,0.993333,29599
604,2.8033,0.993333,29097
605,2.8033,0.993333,29600
606,2.8033,0.993333,29599
607,2.80297,0.993333,29598
608,2.80297,0.993333,29599
609,2.80284,0.993333,29097
610,2.80139,0.993333,29600
611,2.80139,0.993333,29599
612,2.80101,0.993333,29600
613,2.8001,0.993333,29600
614,2.8001,0.993333,29599
615,2.79938,0.993333,29600
616,2.79938,0.993333,29097
617,2.79938,0.993333,29097
618,2.79924,0.993333,29599
619,2.79924,0.993333,30102
620,2.7992,0.993333,29599
621,2.7992,0.993333,29097
622,2.7992,0.993333,29600
623,2.7992,0.993333,30101
624,2.7992,0.993333,29599
625,2.7992,0.993333,29598
626,2.7992,0.993333,29600
627,2.7987,0.993333,29599
628,2.79417,0.993333,29599
629,2.79222,0.993333,29599
630,2.78888,0.993333,29600
631,2.78888,0.993333,29599
632,2.78888,0.993333,29600
633,2.78861,0.993333,29600
634,2.78861,0.993333,29599
635,2.78738,0.993333,29599
636,2.78738,0.993333,29098
637,2.78383,0.993333,30102
638,2.78344,0.993333,29098
639,2.78344,0.993333,29599
640,2.78221,0.993333,29599
641,2.77651,0.993333,29599
642,2.77651,0.993333,29598
643,2.77651,0.993333,29599
644,2.77651,0.993333,29096
645,2.77651,0.993333,30101
646,2.77651,0.993333,29597
647,2.77592,0.993333,29599
648,2.77592,0.993333,29599
649,2.75775,0.993333,30102
650,2.74966,0.993333,30101
651,2.74916,0.993333,29600
652,2.74916,0.993333,29599
653,2.74916,0.993333,29097
654,2.74916,0.993333,29600
655,2.74916,0.993333,29598
656,2.74916,0.993333,29599
657,2.74636,0.993333,29599
658,2.74636,0.993333,29599
659,2.74636,0.993333,29599
660,2.74636,0.993333,29097
661,2.74636,0.993333,30101
662,2.74636,0.993333,29098
663,2.73042,0.993333,30100
664,2.71477,0.993333,29097
665,2.71477,0.993333,29599
666,2.71477,0.993333,29095
667,2.70482,0.993333,29597
668,2.70405,0.993333,29599
669,2.70405,0.993333,29599
670,2.70405,0.993333,29599
671,2.70405,0.993333,30100
672,2.69602,0.993333,29599
673,2.69602,0.993333,30101
674,2.69602,0.993333,29600
675,2.69602,0.993333,29598
676,2.6916,0.993333,29098
677,2.68789,0.993333,30101
678,2.68789,0.993333,28596
679,2.68789,0.993333,30100
680,2.68789,0.993333,29601
681,2.68493,0.993333,29600
682,2.68244,0.993333,29599
683,2.68225,0.993333,29599
684,2.67842,0.993333,30101
685,2.67842,0.993333,29599
686,2.67749,0.993333,29599
687,2.67574,0.993333,29599
688,2.67574,0.993333,29598
689,2.67016,0.993333,29599
690,2.66319,0.993333,29599
691,2.66319,0.993333,29600
692,2.66319,0.993333,29598
693,2.66319,0.993333,29598
694,2.66319,0.993333,29598
695,2.66281,0.993333,29599
696,2.65634,0.993333,29599
697,2.65509,0.993333,29097
698,2.65509,0.993333,29598
699,2.65509,0.993333,29096
700,2.65053,0.993333,30100
701,2.65053,0.993333,29600
702,2.64845,0.993333,30101
703,2.64845,0.993333,29599
704,2.64845,0.993333,29097
705,2.64835,0.993333,30101
706,2.64835,0.993333,29597
707,2.64835,0.993333,30101
708,2.64745,0.993333,29599
709,2.64745,0.993333,29097
710,2.64745,0.993333,29599
711,2.64728,0.993333,29599
712,2.64666,0.993333,30101
713,2.64642,0.993333,29600
714,2.63724,0.993333,29597
715,2.63145,0.993333,29599
716,2.62769,0.993333,30101
717,2.62517,0.993333,29096
718,2.61898,0.993333,30101
719,2.61812,0.993333,29096
720,2.61812,0.993333,30101
721,2.61812,0.993333,29099
722,2.6177,0.993333,29599
723,2.6177,0.993333,29599
724,2.6114,0.993333,30101
725,2.6114,0.993333,30102
726,2.61065,0.993333,29601
727,2.61065,0.993333,30102
728,2.61065,0.993333,29098
729,2.60838,0.993333,29599
730,2.60634,0.993333,29599
731,2.60523,0.993333,29097
732,2.60461,0.993333,29598
733,2.60426,0.993333,29599
734,2.60406,0.993333,29599
735,2.60394,0.993333,29599
736,2.60386,0.993333,29599
737,2.60382,0.993333,29598
738,2.60204,0.993333,29599
739,2.60204,0.993333,29600
740,2.60136,0.993333,29599
741,2.59961,0.993333,29600
742,2.59961,0.993333,29099
743,2.59722,0.993333,29599
744,2.59722,0.993333,29599
745,2.59722,0.993333,30099
746,2.59722,0.993333,29097
747,2.59722,0.993333,29600
748,2.59573,0.993333,29600
749,2.59463,0.993333,29599
750,2.59463,0.993333,29599
751,2.59463,0.993333,29598
752,2.59293,0.993333,29098
753,2.59293,0.993333,30101
754,2.58896,0.993333,29600
755,2.58896,0.993333,29599
756,2.58721,0.993333,29600
757,2.57103,0.993333,29600
758,2.5583,0.993333,29600
759,2.5583,0.993333,30101
760,2.5583,0.993333,29097
761,2.5583,0.993333,30100
762,2.5583,0.993333,29599
763,2.5583,0.993333,29599
764,2.5583,0.993333,29097
765,2.5583,0.993333,29600
766,2.5583,0.993333,30101
767,2.5583,0.993333,29098
768,2.5583,0.993333,30101
769,2.5583,0.993333,29599
770,2.5583,0.993333,29098
771,2.55685,0.993333,29599
772,2.5559,0.993333,29599
773,2.5559,0.993333,29598
774,2.5559,0.993333,29600
775,2.55225,0.993333,29097
776,2.55225,0.993333,29599
777,2.55225,0.993333,29599
778,2.55225,0.993333,29599
779,2.55225,0.993333,29598
780,2.55225,0.993333,29098
781,2.55225,0.993333,29598
782,2.55225,0.993333,30101
783,2.55225,0.993333,29098
784,2.55225,0.993333,30100
785,2.55225,0.993333,29097
786,2.55225,0.993333,30101
787,2.55225,0.993333,29599
788,2.55185,0.993333,29097
789,2.55185,0.993333,30103
790,2.55185,0.993333,29598
791,2.55142,0.993333,30100
792,2.55142,0.993333,29600
793,2.55142,0.993333,29600
794,2.55142,0.993333,29600
795,2.55135,0.993333,29597
796,2.55119,0.993333,29598
797,2.5509,0.993333,29599
798,2.55067,0.993333,29098
799,2.54902,0.993333,29600
800,2.54902,0.993333,30101
801,2.54902,0.993333,30102
802,2.54902,0.993333,29600
803,2.54755,0.993333,29599
804,2.54666,0.993333,29600
805,2.54659,0.993333,29599
806,2.54659,0.993333,29098
807,2.54657,0.993333,30101
808,2.54304,0.993333,29599
809,2.54254,0.993333,30101
810,2.53999,0.993333,29097
811,2.53715,0.993333,29599
812,2.53661,0.993333,29600
813,2.53661,0.993333,29599
814,2.53621,0.993333,29096
815,2.53556,0.993333,30101
816,2.53516,0.993333,29097
817,2.53516,0.993333,29599
818,2.53516,0.993333,29098
819,2.53493,0.993333,29599
820,2.53483,0.993333,29095
821,2.53412,0.993333,29598
822,2.53412,0.993333,29600
823,2.53358,0.993333,29599
824,2.53349,0.993333,29600
825,2.53349,0.993333,29597
826,2.53332,0.993333,30101
827,2.53329,0.993333,29096
828,2.53256,0.993333,29599
829,2.53154,0.993333,29099
830,2.53153,0.993333,30099
831,2.53153,0.993333,30103
832,2.53153,0.993333,29598
833,2.53153,0.993333,29096
834,2.53153,0.993333,29599
835,2.53088,0.993333,30100
836,2.53028,0.993333,29597
837,2.52916,0.993333,29097
838,2.52807,0.993333,29599
839,2.52789,0.993333,30101
840,2.52789,0.993333,29098
841,2.52618,0.993333,30100
842,2.52478,0.993333,29599
843,2.52444,0.993333,29599
844,2.52444,0.993333,29599
845,2.52412,0.993333,29599
846,2.52293,0.993333,29599
847,2.52236,0.993333,29599
848,2.52236,0.993333,29598
849,2.52001,0.993333,29097
850,2.51813,0.993333,30101
851,2.51652,0.993333,29098
852,2.51652,0.993333,29599
853,2.51652,0.993333,29599
854,2.51652,0.993333,29601
855,2.51652,0.993333,30101
856,2.51652,0.993333,29600
857,2.51492,0.993333,29600
858,2.51492,0.993333,30102
859,2.51492,0.993333,29098
860,2.51492,0.993333,30101
861,2.51003,0.993333,29600
862,2.50595,0.993333,29098
863,2.50595,0.993333,30101
864,2.50595,0.993333,29098
865,2.50595,0.993333,29097
866,2.50199,0.993333,29599
867,2.50199,0.993333,29598
868,2.49917,0.993333,29599
869,2.49913,0.993333,29097
870,2.49913,0.993333,30099
871,2.49751,0.993333,29599
872,2.49751,0.993333,29597
873,2.49751,0.993333,29599
874,2.49725,0.993333,29599
875,2.49724,0.993333,29599
876,2.49724,0.993333,29599
877,2.49648,0.993333,29599
878,2.4961,0.993333,29600
879,2.49598,0.993333,29599
880,2.49558,0.993333,29600
881,2.49404,0.993333,29599
882,2.49311,0.993333,29599
883,2.49165,0.993333,29097
884,2.49143,0.993333,29598
885,2.49037,0.993333,29599
886,2.48918,0.993333,29599
887,2.48918,0.993333,29098
888,2.48918,0.993333,29599
889,2.48869,0.993333,30101
890,2.48869,0.993333,29598
891,2.488,0.993333,29599
892,2.48762,0.993333,29599
893,2.4874,0.993333,29599
894,2.4874,0.993333,29599
895,2.48658,0.993333,29598
896,2.48653,0.993333,30101
897,2.4856,0.993333,29599
898,2.48437,0.993333,29599
899,2.48339,0.993333,29599
900,2.48227,0.993333,30100
901,2.48156,0.993333,28595
902,2.48152,0.993333,29599
903,2.48152,0.993333,29097
904,2.48152,0.993333,29598
905,2.47964,0.993333,29600
906,2.47964,0.993333,29599
907,2.47899,0.993333,29599
908,2.47899,0.993333,29600
909,2.47899,0.993333,29599
910,2.47899,0.993333,29598
911,2.47585,0.993333,29599
912,2.47585,0.993333,29098
913,2.47585,0.993333,30101
914,2.47585,0.993333,29600
915,2.47585,0.993333,29600
916,2.4741,0.993333,29599
917,2.4741,0.993333,29099
918,2.4741,0.993333,29600
919,2.47295,0.993333,30100
920,2.47295,0.993333,30099
921,2.47295,0.993333,29599
922,2.47295,0.993333,29599
923,2.47244,0.993333,29599
924,2.47216,0.993333,29599
925,2.47133,0.993333,29599
926,2.4694,0.993333,29599
927,2.46907,0.993333,29598
928,2.46686,0.993333,29600
929,2.46607,0.993333,29097
930,2.4657,0.993333,29097
931,2.4657,0.993333,30101
932,2.46472,0.993333,29599
933,2.46439,0.993333,29599
934,2.46366,0.993333,29599
935,2.46366,0.993333,30101
936,2.46289,0.993333,29600
937,2.46225,0.993333,29599
938,2.46225,0.993333,29600
939,2.46186,0.993333,29097
940,2.46081,0.993333,29598
941,2.46074,0.993333,29600
942,2.46074,0.993333,29598
943,2.46074,0.993333,29598
944,2.46074,0.993333,29599
945,2.46074,0.993333,30101
946,2.46073,0.993333,29600
947,2.46073,0.993333,29600
948,2.46027,0.993333,29600
949,2.46027,0.993333,29599
950,2.4602,0.993333,29598
951,2.45994,0.993333,29599
952,2.45986,0.993333,30100
953,2.45986,0.993333,29600
954,2.45986,0.993333,29599
955,2.4598,0.993333,29600
956,2.4598,0.993333,30101
957,2.45946,0.993333,29097
958,2.45946,0.993333,29599
959,2.45946,0.993333,29599
960,2.45946,0.993333,29599
961,2.45946,0.993333,29600
962,2.45946,0.993333,29599
963,2.45946,0.993333,29598
964,2.45941,0.993333,29598
965,2.45941,0.993333,29598
966,2.45941,0.993333,29599
967,2.45934,0.993333,30100
968,2.45934,0.993333,29600
969,2.45932,0.993333,29598
970,2.45932,0.993333,29600
971,2.45932,0.993333,29600
972,2.45918,0.993333,29098
973,2.45918,0.993333,29598
974,2.45918,0.993333,29097
975,2.45891,0.993333,29599
976,2.45891,0.993333,29598
977,2.45887,0.993333,29599
978,2.45878,0.993333,29599
979,2.45873,0.993333,29600
980,2.45836,0.993333,30101
981,2.45759,0.993333,29600
982,2.45722,0.993333,29097
983,2.45627,0.993333,29599
984,2.45627,0.993333,29600
985,2.45627,0.993333,29598
986,2.45627,0.993333,29598
987,2.45626,0.993333,29600
988,2.45591,0.993333,30100
989,2.45582,0.993333,29599
990,2.45582,0.993333,28595
991,2.45582,0.993333,30101
992,2.45582,0.993333,29599
993,2.45536,0.993333,29599
994,2.45506,0.993333,29599
995,2.45471,0.993333,29600
996,2.45431,0.993333,29598
997,2.45338,0.993333,30100
998,2.45234,0.993333,29099
999,2.45157,0.993333,29600
Done! Press enter to close the program.
