Normalizing data...
Randomizing order of the data...
Creating Neural Network (9, 7, 2)
Current weights set to:
0.069982, 0.0234352, 0.00748009, 0.0704825, 0.0910642, -0.0643971, -0.0220801, -0.0613208, 0.0466781, 0.0916013, -0.0691092, -0.0514451, 0.0157384, -0.0268654, -0.0341472, 0.067864, -0.00336619, -0.0199438, -0.00177313, -0.0945372, -0.00279244, 0.0854122, 0.0191259, 0.0572985, 0.0219886, -0.001236, 0.0304056, 0.0260659, -0.0620655, 0.0939634, 0.0864132, 0.0211097, 0.099939, 0.0575976, -0.0264199, 0.0445479, -0.0826533, -0.0856075, -0.0408063, -0.0299844, 0.0428205, -0.0141148, -0.0594653, 0.0202368, -0.0354717, 0.0384136, 0.025663, -0.0503647, 0.083343, -0.0230445, 0.0770806, -0.0616504, 0.0558275, -0.0591662, 0.0495895, -0.0962523, 0.0846858, -0.0423444, 0.0534654, 0.0358135, -0.0624561, 0.0116672, -0.0256996, 0.0625904, -0.0243202, 0.0828791, -0.0192236, 0.0519883, -0.0264016, 0.0130772, -0.0484848, 0.0561205, 0.0109897, -0.044908, -0.0476363, 0.00449538, 0.0181494, 0.0614856, -0.0047029, -0.0476974, 0.0561998, -0.0310892, 0.0102329, 0.0899899, -0.0867244, -0.0654653, 0.0609485, 0.020426, 0.0980407, -0.0194433, -0.0635548, -0.0900754, 0.0116428, -0.0968078, -0.0511032,


Starting training using GA on Breast Cancer Data Set
Press enter to start the training.

0,324.009,0.650073,123919
1,316.305,0.650073,123978
2,311.562,0.650073,126427
3,307.514,0.650073,125924
4,303.16,0.650073,124968
5,294.767,0.650073,123918
6,293.623,0.650073,124921
7,293.623,0.650073,125424
8,283.306,0.650073,125925
9,278.463,0.650073,124922
10,275.182,0.650073,125445
11,274.391,0.650073,125423
12,266.471,0.650073,123823
13,266.471,0.650073,126927
14,259.857,0.650073,125951
15,243.534,0.650073,125969
16,243.534,0.650073,127931
17,243.534,0.650073,124939
18,231.975,0.650073,125925
19,223.886,0.650073,125422
20,217.362,0.68082,124922
21,209.708,0.727672,124919
22,209.708,0.727672,125925
23,209.708,0.727672,124443
24,190.741,0.767204,125447
25,190.741,0.767204,125422
26,187.9,0.874085,125423
27,182.718,0.800878,125542
28,180.951,0.922401,125422
29,157.055,0.948755,125423
30,157.055,0.948755,125423
31,150.454,0.906296,125925
32,142.295,0.934114,125924
33,137.672,0.929722,126426
34,128.523,0.939971,125959
35,121.868,0.942899,125925
36,121.868,0.942899,125924
37,116.469,0.95022,126306
38,115.821,0.95754,125925
39,113.387,0.945827,126426
40,100.621,0.948755,124920
41,96.9787,0.95754,125424
42,90.459,0.948755,125923
43,89.2234,0.951684,125423
44,84.5711,0.95754,125447
45,84.0913,0.966325,125924
46,73.7998,0.964861,125924
47,67.8657,0.970717,125423
48,64.1779,0.970717,125925
49,60.7129,0.970717,125422
50,59.8354,0.967789,125446
51,57.2623,0.970717,125940
52,52.928,0.970717,125984
53,50.9786,0.969253,125924
54,47.7562,0.970717,125444
55,47.7562,0.970717,125924
56,46.0809,0.970717,125926
57,44.8091,0.966325,125925
58,44.2248,0.970717,124947
59,42.5949,0.969253,125422
60,40.4337,0.969253,125925
61,39.7266,0.969253,125422
62,39.1217,0.969253,126452
63,37.3698,0.969253,125924
64,36.8719,0.967789,125422
65,36.6657,0.970717,125924
66,35.7321,0.969253,124438
67,35.0363,0.970717,125946
68,34.4381,0.967789,125924
69,33.4648,0.967789,125445
70,31.8229,0.972182,123940
71,31.8229,0.972182,125943
72,31.1684,0.969253,125972
73,30.7799,0.970717,125924
74,30.7799,0.970717,125423
75,29.9252,0.972182,125924
76,29.8346,0.970717,125923
77,29.3841,0.970717,125423
78,29.1112,0.973646,125968
79,28.8264,0.973646,125423
80,28.5211,0.973646,126427
81,28.082,0.973646,125423
82,28.0708,0.972182,125947
83,27.686,0.973646,125923
84,27.686,0.973646,125927
85,27.686,0.973646,126427
86,27.5588,0.972182,125924
87,27.5299,0.972182,125421
88,27.398,0.973646,125945
89,27.255,0.972182,125924
90,26.7781,0.973646,125924
91,26.7491,0.972182,125922
92,26.699,0.97511,125424
93,26.2987,0.97511,125924
94,26.2987,0.97511,125924
95,26.0966,0.97511,125924
96,25.9132,0.976574,126427
97,25.9132,0.976574,125470
98,25.9132,0.976574,125925
99,25.7968,0.976574,125423
100,25.7968,0.976574,125925
101,25.6367,0.978038,125421
102,25.6238,0.976574,125953
103,25.4609,0.97511,125946
104,25.4609,0.97511,125948
105,25.4609,0.97511,125925
106,25.4609,0.97511,125946
107,25.4002,0.97511,125925
108,25.3041,0.976574,125924
109,25.3041,0.976574,125420
110,25.3041,0.976574,125948
111,25.2776,0.976574,125943
112,25.2776,0.976574,125948
113,25.2776,0.976574,125924
114,25.0571,0.979502,124418
115,25.0571,0.979502,125421
116,25.0571,0.979502,125949
117,25.0445,0.979502,124921
118,25.0445,0.979502,125926
119,24.9444,0.979502,125465
120,24.8665,0.980966,125925
121,24.8665,0.980966,125922
122,24.8665,0.980966,125948
123,24.8354,0.98243,125926
124,24.6578,0.980966,125423
125,24.6578,0.980966,125422
126,24.5968,0.980966,125421
127,24.5968,0.980966,125924
128,24.5737,0.980966,125925
129,24.5536,0.978038,126426
130,24.5163,0.980966,125925
131,24.5163,0.980966,125924
132,24.4665,0.979502,125454
133,24.204,0.98243,124447
134,24.204,0.98243,125925
135,24.204,0.98243,125445
136,24.0763,0.98243,125446
137,24.0763,0.98243,125444
138,24.0763,0.98243,125422
139,23.9927,0.98243,125945
140,23.9927,0.98243,125422
141,23.9435,0.98243,125423
142,23.9435,0.98243,125925
143,23.9435,0.98243,125461
144,23.8998,0.98243,125423
145,23.8036,0.98243,125945
146,23.7505,0.98243,125422
147,23.7505,0.98243,125442
148,23.711,0.979502,125925
149,23.711,0.979502,125924
150,23.711,0.979502,125925
151,23.6988,0.980966,125853
152,23.5881,0.98243,125421
153,23.5881,0.98243,125446
154,23.5881,0.98243,125422
155,23.5881,0.98243,125925
156,23.5436,0.98243,125924
157,23.5436,0.98243,126427
158,23.5436,0.98243,124420
159,23.4402,0.983895,125923
160,23.3831,0.980966,125925
161,23.3619,0.980966,125477
162,23.3619,0.980966,125924
163,23.3619,0.980966,125422
164,23.3239,0.980966,125948
165,23.2787,0.980966,124444
166,23.1989,0.98243,125924
167,23.1295,0.98243,126426
168,23.077,0.98243,125952
169,23.077,0.98243,124419
170,23.077,0.98243,126426
171,23.077,0.98243,125986
172,23.077,0.98243,124919
173,22.9287,0.98243,126426
174,22.9287,0.98243,125925
175,22.9287,0.98243,124445
176,22.9287,0.98243,125425
177,22.9287,0.98243,126425
178,22.8864,0.983895,126953
179,22.8864,0.983895,125925
180,22.7926,0.98243,125924
181,22.7926,0.98243,126425
182,22.709,0.983895,126426
183,22.709,0.983895,124442
184,22.709,0.983895,125950
185,22.5854,0.98243,125925
186,22.4947,0.98243,125924
187,22.4947,0.98243,125937
188,22.4875,0.98243,125946
189,22.3868,0.98243,125925
190,22.3868,0.98243,126425
191,22.3868,0.98243,126475
192,22.3452,0.983895,125924
193,22.2074,0.983895,128962
194,22.2074,0.983895,125924
195,22.2074,0.983895,125925
196,22.1937,0.983895,126927
197,22.0682,0.983895,126428
198,22.0682,0.983895,126427
199,22.0682,0.983895,129436
200,22.0682,0.983895,125446
201,22.021,0.983895,125924
202,22.0189,0.98243,124921
203,21.8661,0.983895,124920
204,21.8661,0.983895,125923
205,21.8661,0.983895,124978
206,21.8661,0.983895,124944
207,21.8324,0.983895,125948
208,21.7443,0.983895,125944
209,21.7443,0.983895,125423
210,21.6618,0.983895,125422
211,21.4617,0.983895,125942
212,21.4617,0.983895,125945
213,21.4617,0.983895,126426
214,21.4617,0.983895,125924
215,21.29,0.983895,125923
216,21.29,0.983895,126011
217,21.29,0.983895,124420
218,21.29,0.983895,125423
219,21.29,0.983895,125422
220,21.29,0.983895,125924
221,21.2789,0.983895,125924
222,21.2051,0.983895,125426
223,21.2051,0.983895,125924
224,21.0716,0.983895,125925
225,21.0716,0.983895,125925
226,21.0716,0.983895,124452
227,20.999,0.983895,124921
228,20.999,0.983895,126950
229,20.8444,0.985359,125924
230,20.8258,0.983895,125923
231,20.7546,0.983895,125923
232,20.7546,0.983895,124419
233,20.6531,0.983895,125946
234,20.6531,0.983895,125924
235,20.4909,0.983895,125946
236,20.4909,0.983895,125925
237,20.4909,0.983895,125423
238,20.4909,0.983895,125946
239,20.4909,0.983895,126426
240,20.4909,0.983895,125924
241,20.4305,0.983895,125924
242,20.3816,0.983895,125925
243,20.2881,0.983895,125923
244,20.2881,0.983895,125924
245,20.2881,0.983895,124419
246,20.2384,0.983895,125922
247,20.2136,0.985359,125923
248,20.0899,0.985359,125960
249,20.0859,0.985359,126425
250,20.0859,0.985359,126427
251,20.0859,0.985359,125924
252,20.0569,0.985359,125925
253,19.9573,0.985359,125420
254,19.7986,0.985359,124418
255,19.7986,0.985359,125925
256,19.6616,0.985359,125925
257,19.6616,0.985359,123438
258,19.6616,0.985359,125923
259,19.6125,0.986823,124419
260,19.4454,0.985359,125951
261,19.4454,0.985359,125947
262,19.4454,0.985359,125924
263,19.4454,0.985359,126425
264,19.2216,0.983895,125421
265,19.055,0.985359,125925
266,19.055,0.985359,125946
267,19.055,0.985359,126426
268,19.055,0.985359,126427
269,19.055,0.985359,125950
270,18.7746,0.983895,126427
271,18.7746,0.983895,125924
272,18.7746,0.983895,125923
273,18.7746,0.983895,125925
274,18.7134,0.983895,125469
275,18.7134,0.983895,126425
276,18.618,0.983895,125924
277,18.4565,0.985359,125970
278,18.4565,0.985359,124421
279,18.4565,0.985359,125422
280,18.4565,0.985359,125924
281,18.4138,0.985359,125924
282,18.2699,0.985359,125925
283,18.2699,0.985359,125924
284,18.2134,0.985359,125924
285,18.2134,0.985359,125522
286,18.1018,0.988287,125443
287,18.1018,0.988287,125925
288,18.1018,0.988287,125422
289,17.8411,0.985359,125925
290,17.8411,0.985359,125423
291,17.8411,0.985359,125924
292,17.8411,0.985359,125423
293,17.7269,0.985359,125924
294,17.7093,0.986823,125424
295,17.7093,0.986823,125923
296,17.7093,0.986823,125946
297,17.5472,0.985359,125925
298,17.5472,0.985359,125925
299,17.5472,0.985359,125423
300,17.5472,0.985359,125925
301,17.5472,0.985359,126426
302,17.4219,0.988287,125446
303,17.3968,0.983895,125924
304,17.3968,0.983895,125422
305,17.2527,0.985359,125949
306,17.1803,0.985359,125946
307,17.1803,0.985359,126426
308,17.1803,0.985359,125927
309,17.1803,0.985359,126467
310,17.0205,0.985359,125939
311,17.0205,0.985359,125926
312,17.0205,0.985359,125948
313,17.0205,0.985359,125925
314,16.9393,0.986823,125423
315,16.9393,0.986823,124443
316,16.9393,0.986823,123916
317,16.8215,0.989751,125945
318,16.7935,0.985359,125942
319,16.7935,0.985359,125947
320,16.7935,0.985359,125946
321,16.7935,0.985359,125925
322,16.3999,0.986823,125925
323,16.3999,0.986823,124921
324,16.3999,0.986823,124921
325,16.3017,0.988287,125973
326,16.3017,0.988287,125924
327,16.3017,0.988287,126446
328,16.3017,0.988287,125421
329,16.3017,0.988287,125947
330,16.3017,0.988287,125925
331,16.1839,0.988287,125923
332,16.1839,0.988287,125924
333,16.1839,0.988287,125949
334,16.1839,0.988287,125923
335,16.1839,0.988287,125423
336,16.1345,0.986823,125423
337,15.9329,0.986823,125925
338,15.9329,0.986823,125925
339,15.8886,0.988287,125946
340,15.8886,0.988287,125947
341,15.8886,0.988287,125924
342,15.7802,0.986823,126426
343,15.7802,0.986823,125947
344,15.7802,0.986823,125923
345,15.7802,0.986823,125925
346,15.7802,0.986823,125949
347,15.7802,0.986823,125924
348,15.7802,0.986823,125951
349,15.7212,0.988287,125422
350,15.5656,0.988287,125956
351,15.5656,0.988287,125423
352,15.4926,0.986823,125446
353,15.3455,0.988287,125444
354,15.3455,0.988287,125925
355,15.3455,0.988287,126427
356,15.3455,0.988287,126449
357,15.3455,0.988287,125925
358,15.3455,0.988287,126425
359,15.3455,0.988287,125424
360,15.3255,0.989751,126426
361,15.3255,0.989751,125421
362,15.195,0.991215,125967
363,15.195,0.991215,125925
364,15.195,0.991215,125796
365,15.0808,0.989751,123938
366,15.0808,0.989751,125924
367,15.0808,0.989751,125925
368,15.0808,0.989751,125946
369,14.9108,0.989751,125924
370,14.9108,0.989751,126426
371,14.9108,0.989751,125925
372,14.9108,0.989751,125925
373,14.8511,0.989751,125924
374,14.8511,0.989751,125925
375,14.8234,0.989751,126039
376,14.7646,0.991215,125925
377,14.6576,0.989751,123947
378,14.6576,0.989751,125924
379,14.6576,0.989751,125968
380,14.5497,0.989751,125449
381,14.5374,0.989751,125948
382,14.4448,0.991215,125925
383,14.4448,0.991215,126452
384,14.4448,0.991215,125923
385,14.4395,0.988287,125924
386,14.3207,0.991215,125925
387,14.3207,0.991215,125924
388,14.3125,0.991215,124922
389,14.2245,0.991215,126425
390,14.1684,0.989751,125925
391,14.1684,0.989751,125925
392,14.1684,0.989751,125490
393,14.1057,0.991215,125924
394,14.0826,0.989751,125949
395,14.0826,0.989751,125968
396,14.0826,0.989751,125925
397,14.0826,0.989751,125925
398,14.0574,0.991215,125924
399,14.0574,0.991215,125445
400,14.0574,0.991215,125925
401,13.9848,0.991215,125924
402,13.9848,0.991215,125799
403,13.9848,0.991215,125925
404,13.953,0.989751,125924
405,13.8984,0.991215,125924
406,13.8217,0.989751,125945
407,13.8121,0.991215,125947
408,13.8121,0.991215,125952
409,13.6841,0.989751,125924
410,13.6841,0.989751,125922
411,13.6841,0.989751,124451
412,13.6841,0.989751,125949
413,13.5998,0.991215,125924
414,13.5998,0.991215,125925
415,13.5998,0.991215,125949
416,13.5998,0.991215,125422
417,13.5998,0.991215,125947
418,13.5419,0.989751,125960
419,13.5419,0.989751,125925
420,13.5419,0.989751,124419
421,13.5173,0.991215,126426
422,13.4398,0.991215,125925
423,13.4398,0.991215,125423
424,13.4398,0.991215,125422
425,13.4398,0.991215,126426
426,13.4398,0.991215,126426
427,13.4398,0.991215,127410
428,13.3005,0.988287,126928
429,13.3005,0.988287,124965
430,13.3005,0.988287,124420
431,13.3005,0.988287,123917
432,13.3005,0.988287,126427
433,13.2776,0.992679,124461
434,13.2446,0.992679,124147
435,13.2446,0.992679,125924
436,13.1892,0.991215,123918
437,13.1892,0.991215,125925
438,13.0716,0.989751,125924
439,13.0716,0.989751,125925
440,13.0536,0.992679,125923
441,12.9672,0.991215,126450
442,12.9672,0.991215,125924
443,12.9672,0.991215,125445
444,12.9672,0.991215,125924
445,12.9672,0.991215,125422
446,12.8936,0.992679,125925
447,12.8936,0.992679,125924
448,12.7595,0.991215,125923
449,12.7595,0.991215,125924
450,12.7595,0.991215,126426
451,12.7595,0.991215,125948
452,12.7595,0.991215,125923
453,12.6321,0.992679,125423
454,12.6321,0.992679,125947
455,12.6321,0.992679,126425
456,12.6321,0.992679,125925
457,12.6321,0.992679,125422
458,12.6321,0.992679,125949
459,12.6321,0.992679,125948
460,12.6321,0.992679,125423
461,12.5859,0.992679,125425
462,12.5859,0.992679,125445
463,12.5859,0.992679,125923
464,12.5509,0.991215,125925
465,12.5509,0.991215,125924
466,12.4858,0.992679,125951
467,12.4858,0.992679,124921
468,12.4858,0.992679,126424
469,12.4858,0.992679,125923
470,12.4858,0.992679,125925
471,12.4858,0.992679,125970
472,12.4741,0.991215,123951
473,12.4741,0.991215,124921
474,12.4741,0.991215,125924
475,12.3707,0.992679,125924
476,12.3707,0.992679,125423
477,12.3707,0.992679,125924
478,12.3707,0.992679,125945
479,12.3482,0.992679,126426
480,12.3482,0.992679,125925
481,12.2319,0.992679,125925
482,12.2319,0.992679,125947
483,12.2319,0.992679,125923
484,12.2319,0.992679,125925
485,12.1018,0.992679,123940
486,11.7884,0.992679,125925
487,11.7884,0.992679,125445
488,11.7884,0.992679,125970
489,11.7884,0.992679,125444
490,11.7884,0.992679,125925
491,11.6737,0.992679,125926
492,11.6737,0.992679,125924
493,11.6737,0.992679,126426
494,11.6737,0.992679,125447
495,11.5774,0.992679,125922
496,11.5774,0.992679,125924
497,11.5774,0.992679,125947
498,11.5296,0.992679,125926
499,11.5296,0.992679,126427
500,11.5296,0.992679,125949
501,11.5258,0.992679,125925
502,11.5258,0.992679,124919
503,11.5258,0.992679,126017
504,11.499,0.992679,125925
505,11.499,0.992679,126453
506,11.499,0.992679,125446
507,11.429,0.992679,125449
508,11.429,0.992679,125421
509,11.429,0.992679,125924
510,11.429,0.992679,125924
511,11.429,0.992679,125924
512,11.429,0.992679,125925
513,11.429,0.992679,125923
514,11.429,0.992679,125943
515,11.429,0.992679,125924
516,11.4284,0.992679,125422
517,11.4284,0.992679,125924
518,11.4284,0.992679,125925
519,11.4284,0.992679,125925
520,11.4284,0.992679,125422
521,11.3661,0.991215,125923
522,11.3661,0.991215,125923
523,11.3234,0.992679,125925
524,11.3234,0.992679,126425
525,11.3234,0.992679,125444
526,11.3234,0.992679,125924
527,11.3234,0.992679,125970
528,11.2817,0.992679,125926
529,11.2817,0.992679,125423
530,11.2817,0.992679,124420
531,11.2817,0.992679,125924
532,11.2817,0.992679,125424
533,11.2817,0.992679,125924
534,11.2392,0.991215,125923
535,11.2392,0.991215,126424
536,11.2392,0.991215,125925
537,11.2392,0.991215,125925
538,11.2392,0.991215,125476
539,11.2392,0.991215,125423
540,11.1521,0.992679,125949
541,11.1521,0.992679,125925
542,11.0581,0.992679,125924
543,11.0581,0.992679,125924
544,11.0581,0.992679,125947
545,11.0581,0.992679,124420
546,11.0581,0.992679,125948
547,10.9066,0.991215,126450
548,10.9066,0.991215,125924
549,10.9066,0.991215,126426
550,10.9066,0.991215,124420
551,10.8182,0.991215,125424
552,10.8182,0.991215,124921
553,10.8182,0.991215,125925
554,10.8182,0.991215,126450
555,10.8182,0.991215,125924
556,10.7932,0.991215,125470
557,10.7309,0.992679,124419
558,10.4893,0.991215,125925
559,10.4893,0.991215,125446
560,10.4893,0.991215,125946
561,10.4893,0.991215,126033
562,10.4893,0.991215,125925
563,10.4893,0.991215,125945
564,10.4893,0.991215,125946
565,10.4893,0.991215,126443
566,10.3607,0.991215,124419
567,10.3607,0.991215,124419
568,10.3607,0.991215,126448
569,10.3298,0.991215,125923
570,10.3298,0.991215,125924
571,10.2571,0.991215,125421
572,10.2571,0.991215,126426
573,10.2384,0.991215,125446
574,10.2378,0.991215,125925
575,10.224,0.991215,125945
576,10.1969,0.991215,126427
577,10.1121,0.991215,125924
578,10.0334,0.991215,125925
579,10.0334,0.991215,123918
580,9.98793,0.992679,126425
581,9.98793,0.992679,125462
582,9.96593,0.991215,125924
583,9.96593,0.991215,125925
584,9.92178,0.991215,125924
585,9.92178,0.991215,125946
586,9.92178,0.991215,125924
587,9.92178,0.991215,125925
588,9.88017,0.991215,125924
589,9.88017,0.991215,125924
590,9.88017,0.991215,126450
591,9.84228,0.991215,126928
592,9.84228,0.991215,126449
593,9.81289,0.992679,125952
594,9.81289,0.992679,125924
595,9.81289,0.992679,124419
596,9.81289,0.992679,126451
597,9.78377,0.992679,125924
598,9.76636,0.992679,125923
599,9.76636,0.992679,125923
600,9.67377,0.994143,125925
601,9.65919,0.992679,125950
602,9.65919,0.992679,125925
603,9.6247,0.994143,125965
604,9.6247,0.994143,126448
605,9.57592,0.994143,125925
606,9.53216,0.994143,126427
607,9.53216,0.994143,124512
608,9.53216,0.994143,125923
609,9.53216,0.994143,126426
610,9.53216,0.994143,125924
611,9.53216,0.994143,125924
612,9.53216,0.994143,125925
613,9.53216,0.994143,126425
614,9.44337,0.992679,125925
615,9.44337,0.992679,124920
616,9.44337,0.992679,125925
617,9.44337,0.992679,125662
618,9.36809,0.994143,125925
619,9.36809,0.994143,125927
620,9.34665,0.994143,125446
621,9.34665,0.994143,125948
622,9.34665,0.994143,125922
623,9.34665,0.994143,125924
624,9.34665,0.994143,125924
625,9.34665,0.994143,125956
626,9.27244,0.994143,126448
627,9.27244,0.994143,125923
628,9.27244,0.994143,125949
629,9.27244,0.994143,126430
630,9.26861,0.994143,125925
631,9.24797,0.992679,126427
632,9.24797,0.992679,125946
633,9.24797,0.992679,125603
634,9.24797,0.992679,125925
635,9.24797,0.992679,125968
636,9.23664,0.994143,125923
637,9.23664,0.994143,125925
638,9.23664,0.994143,125925
639,9.23664,0.994143,126426
640,9.23664,0.994143,125924
641,9.23664,0.994143,125925
642,9.23664,0.994143,125925
643,9.23664,0.994143,125924
644,9.23664,0.994143,125924
645,9.21561,0.994143,126447
646,9.15459,0.994143,125925
647,9.15459,0.994143,124420
648,9.15459,0.994143,126427
649,9.11243,0.994143,125923
650,9.11243,0.994143,126449
651,9.11243,0.994143,124754
652,9.11243,0.994143,125423
653,9.07806,0.992679,125422
654,9.07806,0.992679,125424
655,9.07806,0.992679,125924
656,9.07806,0.992679,125925
657,9.07806,0.992679,125946
658,9.05586,0.994143,125924
659,9.05586,0.994143,125924
660,8.93981,0.994143,125924
661,8.93981,0.994143,126426
662,8.93981,0.994143,125948
663,8.93981,0.994143,125923
664,8.93981,0.994143,125948
665,8.93981,0.994143,125924
666,8.93981,0.994143,125924
667,8.93981,0.994143,125945
668,8.93981,0.994143,125948
669,8.93981,0.994143,125923
670,8.93981,0.994143,125740
671,8.93981,0.994143,125925
672,8.91106,0.994143,125924
673,8.90594,0.994143,125925
674,8.90594,0.994143,125924
675,8.88013,0.994143,125422
676,8.84428,0.994143,125925
677,8.84428,0.994143,125925
678,8.84428,0.994143,125976
679,8.84428,0.994143,125924
680,8.84428,0.994143,125925
681,8.84216,0.994143,126426
682,8.84216,0.994143,126426
683,8.84216,0.994143,125924
684,8.84216,0.994143,125923
685,8.84216,0.994143,125925
686,8.84216,0.994143,125923
687,8.81165,0.994143,125924
688,8.81165,0.994143,124943
689,8.81165,0.994143,125924
690,8.81165,0.994143,125924
691,8.72275,0.994143,125923
692,8.72275,0.994143,125948
693,8.72275,0.994143,124418
694,8.72275,0.994143,125924
695,8.72275,0.994143,125962
696,8.71623,0.994143,125924
697,8.71623,0.994143,125924
698,8.6854,0.994143,125925
699,8.6854,0.994143,125984
700,8.6854,0.994143,125924
701,8.67785,0.994143,125447
702,8.67785,0.994143,126440
703,8.66652,0.994143,125969
704,8.66652,0.994143,125422
705,8.61918,0.994143,124922
706,8.61918,0.994143,126426
707,8.59706,0.994143,125925
708,8.59706,0.994143,125923
709,8.59706,0.994143,125925
710,8.59706,0.994143,126303
711,8.59706,0.994143,125422
712,8.59706,0.994143,125423
713,8.59706,0.994143,127431
714,8.59706,0.994143,126425
715,8.59706,0.994143,125969
716,8.56596,0.994143,125924
717,8.55016,0.994143,125941
718,8.55016,0.994143,125924
719,8.52473,0.994143,125924
720,8.52473,0.994143,125945
721,8.52473,0.994143,126426
722,8.52473,0.994143,124419
723,8.52473,0.994143,125945
724,8.52473,0.994143,125925
725,8.52473,0.994143,125924
726,8.47827,0.994143,125924
727,8.47827,0.994143,125925
728,8.47311,0.994143,125423
729,8.47311,0.994143,125924
730,8.47311,0.994143,125921
731,8.47311,0.994143,125924
732,8.47311,0.994143,126425
733,8.39555,0.994143,125924
734,8.39555,0.994143,126426
735,8.39555,0.994143,125471
736,8.39555,0.994143,125925
737,8.39555,0.994143,126426
738,8.39555,0.994143,125924
739,8.39555,0.994143,124921
740,8.39555,0.994143,125950
741,8.39555,0.994143,125422
742,8.39555,0.994143,125945
743,8.39555,0.994143,125925
744,8.39555,0.994143,125423
745,8.39555,0.994143,125967
746,8.39555,0.994143,125423
747,8.39555,0.994143,125421
748,8.39555,0.994143,125925
749,8.39555,0.994143,126440
750,8.33674,0.994143,125925
751,8.33674,0.994143,126426
752,8.33674,0.994143,126426
753,8.33674,0.994143,125924
754,8.33674,0.994143,125923
755,8.33674,0.994143,125447
756,8.26819,0.994143,125947
757,8.26819,0.994143,125949
758,8.26819,0.994143,124438
759,8.26819,0.994143,125424
760,8.26819,0.994143,125924
761,8.26819,0.994143,125924
762,8.26819,0.994143,125925
763,8.19735,0.994143,125447
764,8.19735,0.994143,125423
765,8.19735,0.994143,125423
766,8.19735,0.994143,125923
767,8.19735,0.994143,125517
768,8.19735,0.994143,125925
769,8.19735,0.994143,125925
770,8.19735,0.994143,125446
771,8.17116,0.995608,125925
772,8.17116,0.995608,126448
773,8.17116,0.995608,125946
774,8.12983,0.995608,126427
775,8.12983,0.995608,125965
776,8.12983,0.995608,124419
777,8.1065,0.995608,125924
778,8.1065,0.995608,125925
779,8.10492,0.994143,125925
780,8.10492,0.994143,125467
781,8.10492,0.994143,126426
782,8.05622,0.995608,125948
783,8.05622,0.995608,124940
784,8.05622,0.995608,125924
785,8.05622,0.995608,125925
786,8.05622,0.995608,126929
787,8.05622,0.995608,125925
788,8.03574,0.995608,125424
789,7.97909,0.995608,125925
790,7.97909,0.995608,125446
791,7.97909,0.995608,125948
792,7.96425,0.995608,125925
793,7.88839,0.995608,125925
794,7.88839,0.995608,125951
795,7.88839,0.995608,125923
796,7.88839,0.995608,125924
797,7.88839,0.995608,125924
798,7.88839,0.995608,125923
799,7.86563,0.995608,126424
800,7.86563,0.995608,125924
801,7.86563,0.995608,126426
802,7.86563,0.995608,125925
803,7.86563,0.995608,125924
804,7.86563,0.995608,125949
805,7.86563,0.995608,125925
806,7.85928,0.995608,125425
807,7.84984,0.995608,125924
808,7.84984,0.995608,125924
809,7.84984,0.995608,125924
810,7.84984,0.995608,125444
811,7.84984,0.995608,125423
812,7.83727,0.995608,125924
813,7.83727,0.995608,125946
814,7.83491,0.995608,125923
815,7.83491,0.995608,124419
816,7.83491,0.995608,124954
817,7.83491,0.995608,125929
818,7.7961,0.995608,125925
819,7.7961,0.995608,125925
820,7.7961,0.995608,125924
821,7.7961,0.995608,125923
822,7.7961,0.995608,125947
823,7.7961,0.995608,123918
824,7.7961,0.995608,125923
825,7.77175,0.995608,125955
826,7.70377,0.995608,125449
827,7.70377,0.995608,125423
828,7.70377,0.995608,125924
829,7.68997,0.995608,125423
830,7.68997,0.995608,125422
831,7.68997,0.995608,125948
832,7.68997,0.995608,125925
833,7.68997,0.995608,125924
834,7.68997,0.995608,125924
835,7.68997,0.995608,125924
836,7.68997,0.995608,125970
837,7.68997,0.995608,126427
838,7.68997,0.995608,125923
839,7.68884,0.995608,125924
840,7.68884,0.995608,125925
841,7.62906,0.995608,125925
842,7.62906,0.995608,125922
843,7.61373,0.995608,125948
844,7.61373,0.995608,125969
845,7.59387,0.995608,123919
846,7.55161,0.995608,126428
847,7.55161,0.995608,125925
848,7.55161,0.995608,126450
849,7.55161,0.995608,125947
850,7.55161,0.995608,125925
851,7.47874,0.995608,126448
852,7.47874,0.995608,125923
853,7.47874,0.995608,126426
854,7.47874,0.995608,125925
855,7.47874,0.995608,125927
856,7.47874,0.995608,126425
857,7.47874,0.995608,125423
858,7.47874,0.995608,125927
859,7.47874,0.995608,125925
860,7.47874,0.995608,125925
861,7.46242,0.995608,125922
862,7.46242,0.995608,125925
863,7.46242,0.995608,125943
864,7.46242,0.995608,125926
865,7.46242,0.995608,125925
866,7.46242,0.995608,123933
867,7.46242,0.995608,125923
868,7.46242,0.995608,126443
869,7.46242,0.995608,125947
870,7.46242,0.995608,125423
871,7.46242,0.995608,125924
872,7.46242,0.995608,125922
873,7.46242,0.995608,125423
874,7.46242,0.995608,125961
875,7.46242,0.995608,125924
876,7.46242,0.995608,125440
877,7.46242,0.995608,125925
878,7.46242,0.995608,125923
879,7.46242,0.995608,125925
880,7.46242,0.995608,125948
881,7.46086,0.995608,125923
882,7.41884,0.995608,126424
883,7.41884,0.995608,126426
884,7.41884,0.995608,126427
885,7.41884,0.995608,125924
886,7.36675,0.995608,125925
887,7.36675,0.995608,125924
888,7.36675,0.995608,125422
889,7.36675,0.995608,125925
890,7.36675,0.995608,125924
891,7.36675,0.995608,126447
892,7.36675,0.995608,125422
893,7.36675,0.995608,125924
894,7.36675,0.995608,126449
895,7.36675,0.995608,124419
896,7.36675,0.995608,125925
897,7.36675,0.995608,125946
898,7.36675,0.995608,125924
899,7.36675,0.995608,125923
900,7.36675,0.995608,125926
901,7.36675,0.995608,125923
902,7.36675,0.995608,125924
903,7.36675,0.995608,125923
904,7.36675,0.995608,125924
905,7.36675,0.995608,125924
906,7.36675,0.995608,126451
907,7.36675,0.995608,125924
908,7.36675,0.995608,126426
909,7.3501,0.995608,125924
910,7.3501,0.995608,125924
911,7.3501,0.995608,125947
912,7.3501,0.995608,125923
913,7.3501,0.995608,125924
914,7.3501,0.995608,125973
915,7.3501,0.995608,125925
916,7.3501,0.995608,124922
917,7.3501,0.995608,125946
918,7.3501,0.995608,125422
919,7.3501,0.995608,125925
920,7.3501,0.995608,125923
921,7.3501,0.995608,125923
922,7.3501,0.995608,125948
923,7.3501,0.995608,125454
924,7.3501,0.995608,125937
925,7.3501,0.995608,125925
926,7.3501,0.995608,125924
927,7.3501,0.995608,125924
928,7.3501,0.995608,125925
929,7.3501,0.995608,125924
930,7.3501,0.995608,125924
931,7.3501,0.995608,125967
932,7.3501,0.995608,126450
933,7.3501,0.995608,125925
934,7.3501,0.995608,125925
935,7.3501,0.995608,124487
936,7.3501,0.995608,125924
937,7.3501,0.995608,125924
938,7.3501,0.995608,125946
939,7.3501,0.995608,126425
940,7.3501,0.995608,126448
941,7.3501,0.995608,125924
942,7.3501,0.995608,124922
943,7.3501,0.995608,126427
944,7.3501,0.995608,125925
945,7.3501,0.995608,125925
946,7.3501,0.995608,125925
947,7.3501,0.995608,125924
948,7.3501,0.995608,125925
949,7.3501,0.995608,126426
950,7.3501,0.995608,125423
951,7.3501,0.995608,125977
952,7.3501,0.995608,125962
953,7.3501,0.995608,125924
954,7.3501,0.995608,125467
955,7.3501,0.995608,126427
956,7.3327,0.995608,125924
957,7.3327,0.995608,125924
958,7.3327,0.995608,126452
959,7.23973,0.995608,125925
960,7.23973,0.995608,125924
961,7.22503,0.995608,125925
962,7.22503,0.995608,125923
963,7.22503,0.995608,125925
964,7.22503,0.995608,124921
965,7.22503,0.995608,126928
966,7.22503,0.995608,125924
967,7.22503,0.995608,125923
968,7.22503,0.995608,124441
969,7.22503,0.995608,125983
970,7.22503,0.995608,125927
971,7.22194,0.995608,126427
972,7.2066,0.995608,125424
973,7.19584,0.995608,123917
974,7.19584,0.995608,124439
975,7.19584,0.995608,125925
976,7.19284,0.995608,125925
977,7.19124,0.995608,125421
978,7.1796,0.995608,128432
979,7.1796,0.995608,126426
980,7.16754,0.995608,125925
981,7.16754,0.995608,126426
982,7.16754,0.995608,124420
983,7.16754,0.995608,126424
984,7.13726,0.995608,131445
985,7.13726,0.995608,131825
986,7.13726,0.995608,125924
987,7.13726,0.995608,125424
988,7.13726,0.995608,124895
989,7.13726,0.995608,126428
990,7.13726,0.995608,125423
991,7.13726,0.995608,125925
992,7.13726,0.995608,126426
993,7.13726,0.995608,125943
994,7.11529,0.995608,126427
995,7.11529,0.995608,126478
996,7.06801,0.995608,125925
997,7.06801,0.995608,125422
998,7.06801,0.995608,126952
999,7.06801,0.995608,125421
Done! Press enter to close the program.
