Normalizing data...
Randomizing order of the data...
Creating Neural Network (9, 7, 2)
Current weights set to:
0.0717582, -0.0887875, -0.0304544, -0.00598468, 0.0334391, -0.0570482, -0.0678762, -0.09176, -0.0413251, -0.0579943, 0.0751396, 0.0653615, -0.0910642, 0.0861507, 0.0786004, 0.0851924, -0.0548326, -0.0686514, -0.0416791, -0.0307962, 0.0161596, 0.0715201, -0.0884457, 0.0886349, 0.0192663, 0.0815363, -0.0869869, -0.0785882, 0.014536, -0.000344859, 0.092523, 0.0441755, 0.0737236, -0.0943052, 0.0255654, -0.0143712, -0.0548204, 0.0511399, -0.0319987, 0.0474532, 0.0161534, 0.0973998, -0.0338786, 0.09906, -0.0464949, -0.0813959, 0.0734001, 0.0524216, -0.0957823, -0.0749138, 0.00505692, 0.0232337, 0.0369304, -0.0362529, 0.0619007, 0.0846492, -0.0942686, -0.0482955, 0.0543687, 0.0198279, 0.017478, 0.0993652, 0.0584094, -0.0204016, 0.0838618, 0.0791742, -0.065923, 0.0514084, -0.0605152, -0.00362865, 0.038432, 0.0458907, 0.00726035, -0.0820856, 0.0636708, -0.0927732, 0.09223, 0.0158605, 0.0320048, 0.0536058, -0.0147618, 0.0814386, -0.0215674, 0.0540025, 0.0575793, 0.0661061, -0.0474288, -0.0524644, -0.0721, 0.00579546, 0.0709586, 0.0116916, -0.0173315, -0.0154027, 0.0509201, 


Starting training using GA on Breast Cancer Set
Press enter to start the training.

0,322.956,0.650073,125424
1,319.618,0.650073,132948
2,311.081,0.650073,135457
3,311.081,0.650073,134453
4,299.496,0.650073,125424
5,299.29,0.650073,129458
6,299.29,0.650073,128433
7,293.41,0.650073,133952
8,278.076,0.650073,128434
9,271.205,0.650073,133951
10,264.552,0.650073,127932
11,261.375,0.650073,126929
12,261.375,0.650073,126928
13,251.846,0.650073,127289
14,251.846,0.650073,127931
15,233.54,0.650073,127430
16,224.819,0.685212,125423
17,224.819,0.685212,126928
18,216.612,0.65593,125926
19,211.765,0.658858,125925
20,206.619,0.670571,125924
21,199.1,0.661786,125425
22,191.355,0.780381,125923
23,188.686,0.784773,125422
24,183.123,0.82284,125925
25,173.859,0.871157,126428
26,163.461,0.869693,125923
27,156.941,0.878477,127431
28,140.656,0.941435,125923
29,140.656,0.941435,125925
30,140.656,0.941435,126427
31,131.935,0.953148,126428
32,125.74,0.942899,126928
33,115.85,0.95754,126445
34,104.743,0.953148,126927
35,100.082,0.967789,127932
36,97.4578,0.970717,125925
37,96.5863,0.960469,126928
38,91.4162,0.966325,126929
39,90.4862,0.959004,125926
40,83.2065,0.970717,126425
41,76.0769,0.963397,125926
42,76.0769,0.963397,133950
43,70.5698,0.967789,126426
44,64.5786,0.967789,128433
45,56.9441,0.970717,129938
46,55.4934,0.970717,129939
47,53.1014,0.969253,134956
48,52.1079,0.967789,126428
49,50.0313,0.970717,132445
50,47.4699,0.969253,134955
51,44.3077,0.970717,132950
52,40.542,0.970717,137963
53,39.5185,0.972182,134454
54,39.5185,0.972182,125423
55,38.5085,0.970717,130440
56,38.033,0.973646,129439
57,36.4861,0.970717,125924
58,33.6275,0.970717,125922
59,33.6275,0.970717,129939
60,33.6275,0.970717,127453
61,31.5857,0.972182,127934
62,31.5857,0.972182,138968
63,31.5857,0.972182,126427
64,31.446,0.972182,125925
65,31.0822,0.972182,134957
66,30.5473,0.973646,137462
67,30.3841,0.973646,146495
68,30.1059,0.97511,131944
69,29.8139,0.973646,129938
70,29.2554,0.973646,128435
71,29.2554,0.973646,126427
72,28.593,0.973646,126974
73,28.593,0.973646,131445
74,28.5326,0.973646,130942
75,28.2558,0.973646,126928
76,27.9925,0.973646,126426
77,27.9925,0.973646,125424
78,27.766,0.97511,125925
79,27.766,0.97511,126428
80,27.5389,0.978038,127429
81,27.4967,0.97511,138467
82,27.4967,0.97511,138968
83,27.2503,0.978038,135958
84,27.0337,0.978038,134955
85,27.0337,0.978038,126927
86,26.8416,0.976574,127430
87,26.8416,0.976574,129437
88,26.8416,0.976574,125423
89,26.3665,0.978038,126426
90,26.3665,0.978038,129437
91,26.3665,0.978038,129438
92,26.3665,0.978038,137464
93,26.2229,0.978038,146494
94,26.0883,0.978038,139972
95,26.0533,0.978038,129939
96,26.0533,0.978038,127430
97,25.9576,0.980966,147497
98,25.9576,0.980966,149505
99,25.9242,0.978038,129021
100,25.8413,0.978038,127430
101,25.8413,0.978038,127429
102,25.7923,0.980966,125421
103,25.7433,0.979502,126928
104,25.6096,0.979502,126429
105,25.2157,0.980966,138465
106,25.2157,0.980966,150005
107,25.2157,0.980966,156026
108,25.2157,0.980966,129436
109,25.2157,0.980966,127430
110,25.1049,0.980966,126426
111,25.087,0.98243,126929
112,24.9978,0.980966,127932
113,24.9492,0.979502,126425
114,24.9492,0.979502,129436
115,24.8978,0.980966,133451
116,24.737,0.979502,131441
117,24.7188,0.980966,129940
118,24.7188,0.980966,151007
119,24.589,0.98243,138467
120,24.589,0.98243,139991
121,24.4732,0.98243,130591
122,24.4401,0.980966,132447
123,24.374,0.980966,125925
124,24.374,0.980966,126427
125,24.374,0.980966,129436
126,24.374,0.980966,125926
127,24.3481,0.979502,126451
128,24.1693,0.98243,125923
129,24.1693,0.98243,126426
130,24.1693,0.98243,126425
131,24.0992,0.98243,126428
132,23.9873,0.980966,126427
133,23.9873,0.980966,126428
134,23.9873,0.980966,125925
135,23.9661,0.979502,127930
136,23.9248,0.98243,125924
137,23.9248,0.98243,125926
138,23.8377,0.983895,126427
139,23.8377,0.983895,127933
140,23.8153,0.98243,133450
141,23.7154,0.980966,125973
142,23.7154,0.980966,126928
143,23.6649,0.980966,125925
144,23.6355,0.983895,125925
145,23.5044,0.98243,127431
146,23.5044,0.98243,126425
147,23.462,0.98243,125925
148,23.462,0.98243,125925
149,23.462,0.98243,126427
150,23.2978,0.983895,127430
151,23.2978,0.983895,126427
152,23.2978,0.983895,126427
153,23.2978,0.983895,125925
154,23.2978,0.983895,128433
155,23.2506,0.983895,126427
156,23.1669,0.983895,131443
157,23.1669,0.983895,132447
158,23.1669,0.983895,138467
159,23.1669,0.983895,136962
160,23.1053,0.98243,144488
161,23.0528,0.980966,142481
162,22.9554,0.983895,130944
163,22.9554,0.983895,125451
164,22.9554,0.983895,129938
165,22.9554,0.983895,127971
166,22.9554,0.983895,126427
167,22.8422,0.983895,132448
168,22.8249,0.983895,140976
169,22.8249,0.983895,135960
170,22.7707,0.983895,135179
171,22.72,0.983895,132447
172,22.6335,0.983895,132447
173,22.6032,0.983895,128435
174,22.6032,0.983895,142982
175,22.5733,0.983895,134454
176,22.5268,0.983895,133951
177,22.4592,0.983895,126928
178,22.4592,0.983895,127930
179,22.3556,0.983895,125922
180,22.3447,0.983895,125927
181,22.3447,0.983895,131943
182,22.2098,0.98243,133952
183,22.2098,0.98243,131442
184,22.0765,0.983895,131443
185,21.969,0.983895,126928
186,21.969,0.983895,125925
187,21.969,0.983895,128936
188,21.969,0.983895,127455
189,21.969,0.983895,129437
190,21.9163,0.983895,127931
191,21.9163,0.983895,145491
192,21.8577,0.983895,135456
193,21.7087,0.983895,132446
194,21.7087,0.983895,137964
195,21.6658,0.983895,131946
196,21.5926,0.983895,144486
197,21.5217,0.983895,134957
198,21.5187,0.983895,134451
199,21.4899,0.983895,133953
200,21.4899,0.983895,128935
201,21.4899,0.983895,130440
202,21.4899,0.983895,137967
203,21.3371,0.983895,126927
204,21.3114,0.983895,136962
205,21.2922,0.983895,130439
206,21.0784,0.983895,131945
207,21.0784,0.983895,128433
208,21.0784,0.983895,127432
209,21.075,0.983895,127429
210,20.9289,0.983895,125422
211,20.8608,0.983895,125924
212,20.8608,0.983895,133952
213,20.8608,0.983895,126424
214,20.7736,0.983895,125925
215,20.7736,0.983895,131442
216,20.7675,0.983895,126428
217,20.7675,0.983895,135456
218,20.7041,0.985359,137965
219,20.6679,0.983895,128935
220,20.6679,0.983895,129454
221,20.5709,0.983895,133950
222,20.5565,0.985359,126950
223,20.4213,0.983895,126928
224,20.3965,0.983895,127930
225,20.3965,0.983895,125926
226,20.3965,0.983895,126926
227,20.3446,0.983895,125925
228,20.1746,0.983895,130942
229,20.1746,0.983895,130940
230,20.0944,0.983895,127932
231,20.0944,0.983895,128934
232,20.0712,0.985359,126930
233,20.0611,0.985359,126427
234,19.917,0.985359,128935
235,19.9066,0.985359,129939
236,19.6841,0.985359,126427
237,19.5736,0.985359,138467
238,19.5736,0.985359,135457
239,19.5736,0.985359,127430
240,19.5668,0.986823,127931
241,19.4544,0.985359,129155
242,19.4544,0.985359,129936
243,19.4544,0.985359,130440
244,19.382,0.986823,131947
245,19.382,0.986823,129939
246,19.382,0.986823,126927
247,19.2999,0.983895,125425
248,19.2999,0.983895,125423
249,19.1458,0.985359,125924
250,19.1458,0.985359,124922
251,19.0263,0.985359,126427
252,19.0263,0.985359,126426
253,19.0189,0.985359,126929
254,18.809,0.986823,127932
255,18.809,0.986823,125926
256,18.809,0.986823,126926
257,18.809,0.986823,126428
258,18.5408,0.986823,128934
259,18.5408,0.986823,125922
260,18.5408,0.986823,127430
261,18.5408,0.986823,128433
262,18.3906,0.986823,127430
263,18.3798,0.986823,126930
264,18.3383,0.985359,132446
265,18.2898,0.985359,125924
266,18.2853,0.985359,126428
267,18.1932,0.986823,129937
268,18.1923,0.986823,130942
269,18.1923,0.986823,126929
270,18.1923,0.986823,127467
271,18.1923,0.986823,132448
272,18.1066,0.985359,129938
273,17.9525,0.986823,146496
274,17.933,0.986823,133952
275,17.9115,0.985359,130944
276,17.7169,0.985359,138467
277,17.4954,0.986823,131967
278,17.4954,0.986823,137463
279,17.4954,0.986823,134453
280,17.4954,0.986823,126427
281,17.4894,0.986823,131944
282,17.3806,0.986823,126929
283,17.3806,0.986823,131442
284,17.3806,0.986823,135958
285,17.3806,0.986823,127431
286,17.3192,0.986823,127430
287,17.1533,0.986823,130438
288,17.1533,0.986823,126428
289,17.1533,0.986823,126427
290,17.1533,0.986823,127931
291,17.1533,0.986823,125422
292,16.9734,0.988287,127430
293,16.9734,0.988287,126423
294,16.9734,0.988287,128434
295,16.9734,0.988287,128934
296,16.9734,0.988287,125926
297,16.9008,0.985359,126929
298,16.9008,0.985359,126928
299,16.8748,0.986823,126926
300,16.6591,0.985359,126928
301,16.6591,0.985359,125953
302,16.6591,0.985359,128935
303,16.6591,0.985359,128935
304,16.6591,0.985359,128933
305,16.4501,0.986823,126426
306,16.4501,0.986823,125423
307,16.4501,0.986823,126452
308,16.4501,0.986823,131444
309,16.4054,0.986823,129436
310,16.3939,0.986823,126426
311,16.363,0.986823,126928
312,16.2154,0.988287,125448
313,16.2154,0.988287,126442
314,16.1305,0.988287,127428
315,16.1305,0.988287,136962
316,16.1305,0.988287,128934
317,16.0364,0.988287,134453
318,16.0364,0.988287,126428
319,16.0364,0.988287,128933
320,15.9435,0.988287,127430
321,15.8324,0.986823,125926
322,15.6943,0.988287,126929
323,15.6912,0.986823,129436
324,15.6766,0.988287,127430
325,15.5738,0.988287,127932
326,15.4305,0.988287,126448
327,15.4305,0.988287,126929
328,15.4305,0.988287,132446
329,15.4016,0.986823,126426
330,15.4016,0.986823,134957
331,15.4016,0.986823,136961
332,15.3467,0.988287,129938
333,15.3059,0.988287,128432
334,15.2601,0.986823,127933
335,15.2601,0.986823,128431
336,15.2601,0.986823,128434
337,15.2574,0.988287,127430
338,15.1658,0.989751,127430
339,14.8749,0.989751,132946
340,14.8749,0.989751,127931
341,14.8749,0.989751,129437
342,14.8749,0.989751,134955
343,14.8749,0.989751,126929
344,14.8561,0.989751,127429
345,14.8561,0.989751,129939
346,14.8561,0.989751,138967
347,14.8561,0.989751,134454
348,14.6742,0.988287,127931
349,14.6483,0.989751,130440
350,14.6468,0.989751,130942
351,14.6468,0.989751,125949
352,14.6283,0.989751,126928
353,14.5752,0.988287,128540
354,14.5427,0.988287,127955
355,14.4944,0.989751,126928
356,14.3752,0.988287,126427
357,14.2361,0.989751,142019
358,14.2361,0.989751,128935
359,14.2361,0.989751,136962
360,14.013,0.989751,136961
361,14.013,0.989751,129963
362,14.013,0.989751,128434
363,13.9947,0.989751,135459
364,13.7803,0.991215,141478
365,13.7803,0.991215,151512
366,13.7803,0.991215,136962
367,13.7803,0.991215,127429
368,13.7803,0.991215,127430
369,13.5695,0.989751,130440
370,13.5695,0.989751,133954
371,13.5695,0.989751,140977
372,13.4572,0.989751,135985
373,13.3443,0.991215,125423
374,13.3443,0.991215,125423
375,13.311,0.991215,127430
376,13.3076,0.991215,128934
377,13.3076,0.991215,126426
378,13.3076,0.991215,126930
379,13.2954,0.991215,127932
380,13.2954,0.991215,127933
381,13.2954,0.991215,126926
382,13.2304,0.991215,126428
383,13.2304,0.991215,126926
384,13.1366,0.991215,130439
385,12.9214,0.991215,126929
386,12.9214,0.991215,125425
387,12.8957,0.991215,131943
388,12.8957,0.991215,132949
389,12.8957,0.991215,125924
390,12.7487,0.991215,130442
391,12.7487,0.991215,126926
392,12.7487,0.991215,127430
393,12.7487,0.991215,126426
394,12.7487,0.991215,127931
395,12.7487,0.991215,132447
396,12.7487,0.991215,126428
397,12.7487,0.991215,128933
398,12.697,0.991215,127429
399,12.697,0.991215,127430
400,12.6351,0.991215,127429
401,12.5485,0.991215,129437
402,12.5485,0.991215,126426
403,12.5365,0.991215,125925
404,12.5046,0.989751,126427
405,12.3674,0.991215,125925
406,12.3674,0.991215,127931
407,12.3674,0.991215,129938
408,12.3467,0.991215,127930
409,12.3288,0.991215,132949
410,12.1822,0.991215,126928
411,12.1822,0.991215,126426
412,12.1822,0.991215,126928
413,11.9876,0.989751,127430
414,11.9876,0.989751,129435
415,11.8839,0.991215,132447
416,11.8839,0.991215,125924
417,11.8839,0.991215,127430
418,11.7682,0.991215,128935
419,11.7663,0.991215,126426
420,11.5808,0.991215,127932
421,11.5732,0.991215,126929
422,11.5732,0.991215,127930
423,11.2829,0.991215,126428
424,11.2829,0.991215,126926
425,11.2389,0.992679,130441
426,11.2389,0.992679,131944
427,11.2389,0.992679,125927
428,11.2389,0.992679,128431
429,11.1287,0.992679,127932
430,11.1285,0.992679,127432
431,11.0197,0.992679,126929
432,11.0197,0.992679,127931
433,11.0197,0.992679,125422
434,10.961,0.992679,126928
435,10.8668,0.992679,126426
436,10.8668,0.992679,128432
437,10.8538,0.992679,129938
438,10.751,0.992679,127429
439,10.751,0.992679,125450
440,10.6403,0.992679,136962
441,10.5937,0.992679,126929
442,10.5937,0.992679,128935
443,10.5937,0.992679,130440
444,10.5465,0.992679,127431
445,10.4243,0.992679,127464
446,10.3529,0.992679,128433
447,10.3529,0.992679,130441
448,10.2896,0.992679,126928
449,10.2839,0.992679,128935
450,10.2839,0.992679,127930
451,10.0439,0.992679,138468
452,10.0439,0.992679,126928
453,10.0331,0.992679,131943
454,10.0331,0.992679,130439
455,10.0123,0.992679,127430
456,10.0123,0.992679,126428
457,10.0123,0.992679,129936
458,10.003,0.992679,130941
459,10.003,0.992679,126426
460,9.85293,0.994143,126426
461,9.85293,0.994143,127432
462,9.85293,0.994143,127932
463,9.75394,0.994143,126426
464,9.75394,0.994143,125924
465,9.75394,0.994143,126427
466,9.74465,0.994143,125925
467,9.59879,0.994143,126427
468,9.59879,0.994143,130440
469,9.59879,0.994143,125422
470,9.59879,0.994143,126958
471,9.59879,0.994143,126427
472,9.59879,0.994143,132949
473,9.56968,0.994143,127429
474,9.49026,0.994143,128935
475,9.49026,0.994143,127430
476,9.43785,0.994143,127429
477,9.43785,0.994143,125925
478,9.43785,0.994143,126426
479,9.43785,0.994143,126428
480,9.43785,0.994143,129937
481,9.43785,0.994143,130941
482,9.43059,0.992679,128934
483,9.26219,0.995608,128432
484,9.26219,0.995608,125923
485,9.26219,0.995608,127431
486,9.26219,0.995608,126427
487,9.26219,0.995608,126189
488,9.26219,0.995608,126426
489,9.20263,0.992679,129964
490,9.20263,0.992679,126927
491,9.20263,0.992679,130441
492,9.14769,0.995608,127430
493,9.04099,0.995608,133952
494,9.04099,0.995608,127933
495,9.04099,0.995608,128432
496,9.03752,0.995608,129938
497,9.00667,0.995608,127665
498,8.91207,0.995608,132948
499,8.91207,0.995608,136460
500,8.91205,0.995608,127429
501,8.91205,0.995608,126426
502,8.91205,0.995608,126427
503,8.91205,0.995608,126426
504,8.90363,0.995608,128434
505,8.90363,0.995608,130942
506,8.82172,0.995608,135530
507,8.81396,0.995608,128935
508,8.7807,0.995608,128433
509,8.728,0.995608,136460
510,8.64563,0.995608,138969
511,8.64563,0.995608,127431
512,8.64563,0.995608,127932
513,8.58649,0.995608,134454
514,8.58649,0.995608,131946
515,8.58649,0.995608,141523
516,8.58649,0.995608,137464
517,8.58649,0.995608,128935
518,8.58649,0.995608,130942
519,8.58649,0.995608,132948
520,8.49786,0.995608,132948
521,8.49786,0.995608,127431
522,8.49786,0.995608,128937
523,8.49786,0.995608,134954
524,8.49786,0.995608,131945
525,8.49786,0.995608,130942
526,8.47626,0.995608,127934
527,8.47626,0.995608,130438
528,8.47626,0.995608,143987
529,8.47626,0.995608,131008
530,8.41244,0.995608,134954
531,8.41244,0.995608,132950
532,8.41244,0.995608,127429
533,8.41244,0.995608,133450
534,8.41244,0.995608,140975
535,8.37628,0.995608,131945
536,8.37628,0.995608,130439
537,8.37628,0.995608,131443
538,8.37628,0.995608,145011
539,8.37628,0.995608,132948
540,8.37628,0.995608,134454
541,8.34036,0.995608,134456
542,8.34036,0.995608,129434
543,8.30905,0.995608,128937
544,8.30905,0.995608,132447
545,8.30905,0.995608,128935
546,8.25196,0.995608,142483
547,8.25196,0.995608,128431
548,8.25196,0.995608,127931
549,8.25196,0.995608,129437
550,8.25196,0.995608,142982
551,8.22333,0.995608,133070
552,8.22333,0.995608,129939
553,8.18243,0.995608,129436
554,8.18243,0.995608,138470
555,8.0841,0.995608,130439
556,8.0841,0.995608,128935
557,8.0841,0.995608,129936
558,8.0841,0.995608,127429
559,8.07666,0.995608,130943
560,8.07666,0.995608,130438
561,8.04232,0.995608,162547
562,8.03156,0.995608,130939
563,8.03156,0.995608,129939
564,8.03156,0.995608,134954
565,7.93708,0.995608,135455
566,7.93708,0.995608,142481
567,7.86279,0.995608,136752
568,7.84205,0.995608,146496
569,7.84205,0.995608,127311
570,7.84205,0.995608,130440
571,7.81485,0.995608,125424
572,7.81485,0.995608,127429
573,7.81485,0.995608,128433
574,7.81485,0.995608,128434
575,7.81485,0.995608,132538
576,7.81485,0.995608,126426
577,7.81485,0.995608,127430
578,7.81485,0.995608,126926
579,7.72802,0.995608,133952
580,7.7022,0.995608,130442
581,7.7022,0.995608,130440
582,7.7022,0.995608,130442
583,7.58285,0.995608,128933
584,7.58285,0.995608,129938
585,7.58285,0.995608,131443
586,7.58285,0.995608,125423
587,7.58285,0.995608,130440
588,7.58285,0.995608,125925
589,7.58285,0.995608,129438
590,7.58285,0.995608,136981
591,7.58285,0.995608,134954
592,7.58285,0.995608,135457
593,7.57868,0.995608,131443
594,7.57868,0.995608,140474
595,7.57868,0.995608,134453
596,7.57868,0.995608,142984
597,7.57868,0.995608,132948
598,7.57868,0.995608,128934
599,7.57868,0.995608,144576
600,7.57868,0.995608,134457
601,7.52633,0.995608,127931
602,7.52633,0.995608,126929
603,7.52633,0.995608,130940
604,7.52633,0.995608,131946
605,7.52633,0.995608,128841
606,7.49209,0.995608,127932
607,7.49209,0.995608,133952
608,7.49209,0.995608,128934
609,7.49209,0.995608,128935
610,7.49209,0.995608,125926
611,7.49209,0.995608,128434
612,7.49209,0.995608,126928
613,7.47201,0.995608,128935
614,7.47201,0.995608,126427
615,7.4538,0.995608,147998
616,7.3289,0.995608,128935
617,7.3289,0.995608,126427
618,7.3289,0.995608,128935
619,7.3289,0.995608,133951
620,7.3289,0.995608,160541
621,7.3289,0.995608,127430
622,7.3289,0.995608,126426
623,7.3289,0.995608,128432
624,7.3289,0.995608,127932
625,7.3289,0.995608,126928
626,7.3289,0.995608,127430
627,7.3289,0.995608,127930
628,7.3289,0.995608,126930
629,7.31499,0.995608,126926
630,7.31499,0.995608,137463
631,7.31499,0.995608,131121
632,7.31499,0.995608,125951
633,7.31499,0.995608,126427
634,7.31369,0.995608,127445
635,7.31369,0.995608,138465
636,7.31369,0.995608,129977
637,7.31369,0.995608,130456
638,7.31369,0.995608,137463
639,7.31369,0.995608,127931
640,7.31369,0.995608,128937
641,7.31369,0.995608,125926
642,7.29072,0.995608,125422
643,7.28268,0.995608,126426
644,7.28268,0.995608,126427
645,7.28268,0.995608,126427
646,7.28268,0.995608,125972
647,7.28268,0.995608,127430
648,7.28268,0.995608,129436
649,7.23309,0.995608,125926
650,7.23309,0.995608,127430
651,7.23309,0.995608,132446
652,7.23309,0.995608,136460
653,7.23309,0.995608,143483
654,7.23309,0.995608,130440
655,7.23309,0.995608,128936
656,7.23309,0.995608,135550
657,7.23309,0.995608,135960
658,7.19491,0.995608,132447
659,7.19491,0.995608,126185
660,7.19414,0.995608,127429
661,7.19414,0.995608,127430
662,7.19414,0.995608,138467
663,7.19414,0.995608,126426
664,7.19414,0.995608,127430
665,7.19414,0.995608,128934
666,7.18425,0.995608,139469
667,7.18425,0.995608,130944
668,7.17244,0.995608,127428
669,7.09504,0.995608,141477
670,7.09504,0.995608,125425
671,7.09504,0.995608,128936
672,7.09504,0.995608,130439
673,7.08105,0.995608,132948
674,7.08105,0.995608,137461
675,7.08105,0.995608,130943
676,7.08105,0.995608,127429
677,7.04959,0.995608,129435
678,7.04959,0.995608,136962
679,7.03248,0.995608,135458
680,7.03248,0.995608,126930
681,7.03248,0.995608,127429
682,7.03248,0.995608,126425
683,7.03248,0.995608,126426
684,6.99863,0.995608,131947
685,6.99863,0.995608,125680
686,6.99863,0.995608,125927
687,6.99863,0.995608,127934
688,6.95952,0.995608,131965
689,6.95952,0.995608,127986
690,6.95952,0.995608,126928
691,6.95952,0.995608,125927
692,6.95952,0.995608,125946
693,6.95952,0.995608,128431
694,6.95952,0.995608,126928
695,6.95952,0.995608,126929
696,6.95952,0.995608,126426
697,6.95305,0.995608,127930
698,6.95305,0.995608,127430
699,6.94502,0.995608,128434
700,6.94502,0.995608,125925
701,6.94502,0.995608,129938
702,6.94502,0.995608,126929
703,6.94502,0.995608,129435
704,6.90163,0.995608,128467
705,6.90163,0.995608,140017
706,6.90163,0.995608,142480
707,6.90163,0.995608,134955
708,6.90163,0.995608,126426
709,6.90163,0.995608,125925
710,6.90163,0.995608,130942
711,6.90163,0.995608,128935
712,6.90163,0.995608,135958
713,6.90163,0.995608,130941
714,6.90163,0.995608,133952
715,6.90163,0.995608,137465
716,6.90163,0.995608,127953
717,6.8777,0.995608,125925
718,6.8777,0.995608,127931
719,6.8777,0.995608,128434
720,6.8777,0.995608,128936
721,6.8777,0.995608,137461
722,6.8777,0.995608,133953
723,6.8777,0.995608,129939
724,6.8777,0.995608,132447
725,6.8777,0.995608,125425
726,6.8777,0.995608,128432
727,6.8777,0.995608,126930
728,6.8777,0.995608,126926
729,6.8777,0.995608,126928
730,6.8777,0.995608,126928
731,6.8777,0.995608,129460
732,6.8777,0.995608,125923
733,6.8777,0.995608,130441
734,6.8777,0.995608,128431
735,6.82432,0.995608,127933
736,6.78915,0.995608,127929
737,6.75505,0.995608,132948
738,6.75505,0.995608,131945
739,6.75505,0.995608,128433
740,6.72791,0.995608,128433
741,6.72791,0.995608,142481
742,6.72791,0.995608,127431
743,6.72791,0.995608,134952
744,6.72791,0.995608,132950
745,6.72791,0.995608,130941
746,6.72791,0.995608,131444
747,6.72791,0.995608,129937
748,6.72791,0.995608,134955
749,6.72791,0.995608,138968
750,6.72791,0.995608,131443
751,6.72791,0.995608,132447
752,6.72791,0.995608,130968
753,6.72791,0.995608,141996
754,6.71996,0.995608,131945
755,6.71996,0.995608,130439
756,6.71996,0.995608,130942
757,6.71996,0.995608,132444
758,6.71996,0.995608,139997
759,6.71996,0.995608,144989
760,6.70831,0.995608,149504
761,6.70831,0.995608,136460
762,6.70831,0.995608,132949
763,6.70831,0.995608,131945
764,6.70831,0.995608,134957
765,6.70831,0.995608,129938
766,6.70831,0.995608,127931
767,6.69776,0.995608,126928
768,6.6959,0.995608,130941
769,6.6959,0.995608,127932
770,6.67637,0.995608,127932
771,6.67637,0.995608,126449
772,6.67637,0.995608,128544
773,6.59547,0.995608,129436
774,6.59547,0.995608,126427
775,6.59547,0.995608,126427
776,6.59547,0.995608,131970
777,6.56116,0.995608,128932
778,6.56116,0.995608,130440
779,6.56116,0.995608,135957
780,6.56116,0.995608,137582
781,6.56116,0.995608,127430
782,6.56116,0.995608,129436
783,6.56116,0.995608,136961
784,6.53405,0.995608,126426
785,6.53405,0.995608,126928
786,6.53405,0.995608,127931
787,6.53405,0.995608,127430
788,6.53405,0.995608,127931
789,6.53405,0.995608,127430
790,6.53405,0.995608,125924
791,6.51246,0.995608,129437
792,6.51246,0.995608,126426
793,6.51246,0.995608,128433
794,6.51246,0.995608,126107
795,6.51208,0.995608,126929
796,6.51208,0.995608,127429
797,6.51208,0.995608,135958
798,6.51208,0.995608,128433
799,6.51208,0.995608,125924
800,6.51208,0.995608,130440
801,6.49193,0.995608,125925
802,6.49193,0.995608,127429
803,6.49193,0.995608,127549
804,6.49193,0.995608,128934
805,6.45092,0.995608,130942
806,6.45092,0.995608,126428
807,6.45092,0.995608,127429
808,6.45092,0.995608,127430
809,6.45092,0.995608,129438
810,6.45092,0.995608,128432
811,6.43356,0.995608,126927
812,6.43356,0.995608,126426
813,6.43356,0.995608,127931
814,6.43356,0.995608,132949
815,6.43356,0.995608,128459
816,6.43356,0.995608,128435
817,6.43356,0.995608,131441
818,6.43356,0.995608,130942
819,6.43356,0.995608,128433
820,6.43312,0.995608,127429
821,6.40922,0.995608,126928
822,6.40922,0.995608,126427
823,6.40922,0.995608,127932
824,6.40922,0.995608,132948
825,6.40922,0.995608,128433
826,6.40922,0.995608,126927
827,6.40922,0.995608,130439
828,6.40922,0.995608,132948
829,6.40922,0.995608,128434
830,6.40922,0.995608,128934
831,6.40922,0.995608,125925
832,6.40922,0.995608,129938
833,6.40922,0.995608,125924
834,6.40922,0.995608,127429
835,6.40922,0.995608,129436
836,6.38932,0.995608,134453
837,6.38932,0.995608,125949
838,6.38932,0.995608,125439
839,6.38932,0.995608,125925
840,6.38932,0.995608,131443
841,6.38932,0.995608,126928
842,6.37442,0.995608,132948
843,6.37442,0.995608,127430
844,6.37442,0.995608,134956
845,6.37442,0.995608,128433
846,6.37442,0.995608,131444
847,6.37442,0.995608,129436
848,6.37442,0.995608,125927
849,6.35386,0.995608,135478
850,6.33524,0.995608,134956
851,6.33524,0.995608,126426
852,6.32869,0.995608,125925
853,6.31072,0.995608,126930
854,6.31072,0.995608,126428
855,6.31072,0.995608,139972
856,6.29613,0.995608,127429
857,6.29304,0.995608,133952
858,6.29304,0.995608,127959
859,6.28318,0.995608,127431
860,6.28318,0.995608,129434
861,6.28318,0.995608,135459
862,6.28318,0.995608,134452
863,6.25579,0.995608,128937
864,6.25579,0.995608,126926
865,6.25579,0.995608,127430
866,6.25579,0.995608,127430
867,6.25579,0.995608,127932
868,6.25579,0.995608,127558
869,6.25579,0.995608,126928
870,6.25579,0.995608,133951
871,6.25579,0.995608,127931
872,6.25302,0.995608,125925
873,6.25302,0.995608,127931
874,6.24877,0.995608,125926
875,6.24877,0.995608,130941
876,6.24877,0.995608,128935
877,6.22331,0.995608,132947
878,6.22331,0.995608,126929
879,6.22331,0.995608,129486
880,6.22331,0.995608,127429
881,6.22331,0.995608,127934
882,6.22331,0.995608,127430
883,6.22331,0.995608,127430
884,6.22331,0.995608,130440
885,6.22331,0.995608,127932
886,6.22331,0.995608,130439
887,6.22331,0.995608,125586
888,6.22331,0.995608,133450
889,6.22331,0.995608,126929
890,6.22331,0.995608,127428
891,6.22331,0.995608,130942
892,6.22331,0.995608,126929
893,6.22331,0.995608,133451
894,6.22331,0.995608,134452
895,6.22331,0.995608,130943
896,6.21755,0.995608,128486
897,6.21755,0.995608,133448
898,6.21755,0.995608,130942
899,6.21755,0.995608,134453
900,6.21755,0.995608,128435
901,6.20953,0.995608,127428
902,6.20953,0.995608,125927
903,6.20953,0.995608,126927
904,6.20953,0.995608,128934
905,6.20627,0.995608,139470
906,6.20083,0.995608,129938
907,6.20083,0.995608,132949
908,6.19544,0.995608,129938
909,6.19544,0.995608,127430
910,6.19544,0.995608,127931
911,6.19544,0.995608,136459
912,6.19544,0.995608,138466
913,6.19544,0.995608,129437
914,6.19544,0.995608,126928
915,6.19544,0.995608,135458
916,6.19544,0.995608,130972
917,6.19515,0.995608,134452
918,6.19515,0.995608,125422
919,6.19515,0.995608,126928
920,6.19515,0.995608,126929
921,6.19515,0.995608,126930
922,6.19515,0.995608,136460
923,6.19515,0.995608,127932
924,6.19515,0.995608,127430
925,6.19515,0.995608,130942
926,6.1838,0.995608,129938
927,6.17345,0.995608,127974
928,6.17345,0.995608,127429
929,6.17345,0.995608,126427
930,6.17345,0.995608,126929
931,6.16945,0.995608,129437
932,6.16945,0.995608,136460
933,6.16945,0.995608,127931
934,6.16945,0.995608,125943
935,6.16945,0.995608,126428
936,6.16179,0.995608,127932
937,6.16179,0.995608,128433
938,6.16179,0.995608,128934
939,6.16179,0.995608,126928
940,6.15389,0.995608,132446
941,6.15389,0.995608,127931
942,6.15389,0.995608,126426
943,6.15105,0.995608,128934
944,6.14026,0.995608,129938
945,6.14026,0.995608,126428
946,6.14026,0.995608,129939
947,6.14026,0.995608,127429
948,6.14026,0.995608,132949
949,6.14026,0.995608,128934
950,6.14026,0.995608,127430
951,6.13077,0.995608,130253
952,6.12281,0.995608,130942
953,6.11922,0.995608,127432
954,6.09687,0.995608,133449
955,6.09687,0.995608,127931
956,6.09687,0.995608,126946
957,6.09687,0.995608,128933
958,6.09687,0.995608,127932
959,6.09687,0.995608,132447
960,6.09687,0.995608,129437
961,6.09687,0.995608,127931
962,6.09687,0.995608,126930
963,6.09687,0.995608,128933
964,6.09687,0.995608,133952
965,6.09687,0.995608,126929
966,6.09687,0.995608,128971
967,6.09687,0.995608,130441
968,6.09687,0.995608,125925
969,6.09687,0.995608,129436
970,6.09687,0.995608,128433
971,6.09687,0.995608,128936
972,6.09687,0.995608,126928
973,6.09687,0.995608,128935
974,6.09687,0.995608,127932
975,6.09292,0.995608,128433
976,6.09292,0.995608,130441
977,6.09292,0.995608,131492
978,6.09292,0.995608,126427
979,6.09292,0.995608,125925
980,6.09292,0.995608,129437
981,6.09292,0.995608,130437
982,6.09292,0.995608,131444
983,6.09292,0.995608,127933
984,6.09292,0.995608,132447
985,6.09292,0.995608,137964
986,6.09292,0.995608,127430
987,6.0848,0.995608,128936
988,6.0848,0.995608,133448
989,6.0848,0.995608,127430
990,6.0848,0.995608,125924
991,6.0848,0.995608,125925
992,6.0848,0.995608,125925
993,6.0848,0.995608,125926
994,6.0848,0.995608,126977
995,6.0848,0.995608,127930
996,6.0848,0.995608,125421
997,6.0848,0.995608,126426
998,6.0848,0.995608,125425
999,6.0848,0.995608,134452
Done! Press enter to close the program.
