Normalizing data...
Randomizing order of the data...
Creating Neural Network (21, 13, 4)
Current weights set to:
-0.0144383, 0.05562, 0.0970946, -0.0256874, -0.0319254, -0.0805902, -0.059093, -0.0701285, 0.0626453, 0.0851253, 0.0958678, -0.0924436, 0.00545976, 0.0185522, 0.0416242, -0.0627735, 0.000381481, -0.0722892, -0.00477004, -0.0556017, 0.0408734, 0.0221717, 0.0582202, -0.066039, 0.0838496, 0.0164281, 0.0312662, -0.0288369, 0.031724, 0.0088168, -0.0972961, -0.0589038, -0.0210791, -0.0330668, -0.0828913, -0.0320353, 0.0791009, -0.0489853, 0.0301859, 0.0753716, 0.089288, -0.0935545, 0.056267, -0.0311625, -0.0527146, -0.0433454, -0.0853877, -0.0780999, 0.0384808, 0.0276467, 0.0808588, 0.04691, -0.0916623, -0.0645802, 0.0496323, -0.0681448, 0.0769219, -0.0324381, -0.0850581, -0.0754692, -0.0884579, 0.0901791, 0.074279, 0.0451033, 0.0139317, 0.0114963, -0.0372173, 0.0084933, 0.0780206, 0.0333781, 0.0238319, -0.0621632, 0.0747795, -0.0780816, 0.0221107, 0.0501022, -0.079809, -0.0715079, -0.0944334, 0.095294, 0.0827143, -0.00760826, -0.077575, 0.0303934, 0.0863887, 0.056389, -0.000466933, -0.0906552, -0.0340251, -0.0735588, 0.0882748, 0.070275, 0.0302835, 0.00674764, 0.0843318, 0.00121769, -0.0101413, -0.0585009, 0.0275185, -0.0343364, 0.00551469, 0.0944823, -0.0120823, -0.0309183, -0.0862972, 0.0978027, -0.0553697, -0.0523179, -0.014835, 0.00110172, 0.0633534, -0.0392438, 0.0729667, 0.0522752, 0.078985, 0.0677602, -0.0936949, 0.0411786, -0.0103793, 0.0713614, -0.013773, 0.0374493, -0.031901, 0.00784021, 0.0395428, 0.0537095, 0.0973815, -0.0340556, 0.087225, 0.0654042, 0.0359661, -0.0844905, 0.0835078, -0.0814631, 0.0197485, -0.0728446, -0.0181127, -0.0434004, -0.0937071, 0.0641652, -0.0155736, 0.097766, 0.0681021, -0.0720756, 0.0303873, -0.00614338, 0.0408063, -0.0618458, 0.0806635, 0.00213324, -0.0671682, -0.070922, 0.0541246, 0.00122379, -0.0974792, -0.0570482, -0.0278176, -0.0175329, -0.0908383, 0.00202338, -0.0322062, 0.0478866, 0.0440474, -0.0596912, -0.0848384, -0.0539537, 0.0478866, 0.0763787, -0.0635853, -0.0229286, -0.0791864, 0.00839564, -0.0585253, -0.00196844, 0.0311808, -0.0873348, 0.0573656, -0.040025, 0.029429, 0.0269814, -0.096765, -0.0921323, -0.0266396, 0.0999451, -0.0326334, 0.0746513, -0.0291116, 0.0875729, 0.04232, 0.00069277, -0.0533067, 0.0784539, -0.0254128, -0.0900998, 0.038908, -0.0714225, 0.0849239, 0.0737236, 0.0321574, -0.0127049, -0.0843806, -0.00576495, -0.0668325, -0.00454421, 0.0610462, -0.0623096, 0.0952208, -0.0629078, -0.0624622, 0.0496994, -0.00236518, -0.0741142, 0.049089, -0.0167638, 0.086639, -0.0923826, 0.00491653, 0.0708609, -0.0162084, 0.0599109, 0.0453169, -0.0277017, 0.068218, 0.0704703, -0.0681326, 0.0286599, -0.0610401, -0.0249062, -0.0415632, 0.0545518, -0.0363872, -0.0632862, -0.0609241, -0.000662252, 0.0195776, 0.0466903, -0.0708792, 0.00878628, 0.0341044, -0.0704215, -0.0641957, -0.0816584, 0.0294534, 0.0327738, -0.0254921, -0.0906735, 0.0793573, -0.017954, -0.0730216, -0.0407636, 0.0830744, 0.0844356, -0.0422224, 0.0174535, -0.0367595, -0.0404279, -0.0548387, -0.0624073, -0.00613117, -0.0191137, 0.0826594, 0.0977599, 0.0645863, -0.0923032, -0.0923948, -0.0601001, -0.0124912, -0.0103244, -0.0870602, -0.0403974, 0.0529527, -0.0752617, -0.00168767, -0.0225135, -0.0598315, -0.0482101, -0.0829463, 0.0235145, -0.010538, 0.0594104, -0.0249916, 0.0654225, -0.0581713, -0.00815149, -0.0624256, -0.0874325, -0.0474899, 0.0335063, 0.0012299, -0.0736015, -0.0154698, 0.0532334, -0.0142674, 0.0688223, -0.0113804, -0.0104465, 0.00331126, -0.0803278, -0.0243202, 0.0582629, -0.0390118, -0.00531327, -0.0118503, 0.063451, -0.047557, -0.00504471, 0.0763237, 0.0933409, 0.0955321, -0.0806146, 0.0861385, -0.0178625, 0.0717154, 0.0713004, -0.0355876, 0.0191198, -0.0761895, 0.0903195, -0.0119663, 0.0862728, -0.0319132, 0.0410382, 0.0231178, -0.0943541, -0.022898, 0.0894711, 0.0205359, -0.0221717, 0.0895016, -0.00132145, 0.0540757, 0.0925291, 0.00299997, -0.0251747, -0.0926878, -0.00718101, -0.0931516, 0.0948119, -0.0843135, 0.0740715, -0.0900388, 0.0468062, 0.0698172, 0.0989135, 0.0210425, 0.0149937, 0.0864193, 0.00946379, 0.0368511, 0.03961, 0.0530625, 0.0180944, -0.00498978, 0.083697, -0.0469771, 0.0579211, -0.0525681, -0.0623218, 0.0764092, -0.0256691, -0.0892392, -0.00683309, 0.023899,


Starting training using BP on Car Evaluation Set
Press enter to start the training.

0,769.464,0.700231,88798
1,717.705,0.700231,88298
2,610.019,0.700231,88799
3,501.533,0.785301,88300
4,440.424,0.857639,88799
5,409.282,0.865741,88800
6,391.443,0.869792,88298
7,379.774,0.872106,88495
8,371.295,0.875579,88800
9,364.644,0.875,88818
10,359.12,0.875,88298
11,354.324,0.875,88299
12,350.005,0.875579,88322
13,345.991,0.875579,88801
14,342.159,0.875579,88798
15,338.421,0.875579,88297
16,334.709,0.875579,88299
17,330.976,0.875579,88799
18,327.189,0.876157,88299
19,323.327,0.876157,88298
20,319.379,0.876157,88801
21,315.338,0.876736,88298
22,311.199,0.876736,88300
23,306.956,0.876736,88799
24,302.606,0.876736,88297
25,298.145,0.876736,88299
26,293.576,0.877894,88300
27,288.907,0.881366,88800
28,284.155,0.883681,88799
29,279.34,0.887731,88299
30,274.492,0.890046,88298
31,269.639,0.89294,88800
32,264.813,0.895833,88299
33,260.044,0.899306,88299
34,255.358,0.901042,88300
35,250.781,0.902778,88297
36,246.331,0.905671,88298
37,242.024,0.906829,88299
38,237.873,0.908565,88298
39,233.887,0.912616,88800
40,230.074,0.914352,88299
41,226.44,0.917824,88800
42,222.988,0.91956,88819
43,219.72,0.92419,88844
44,216.633,0.925347,88799
45,213.724,0.927662,88328
46,210.987,0.927662,88299
47,208.413,0.927083,88298
48,205.993,0.926505,88799
49,203.716,0.927662,88801
50,201.571,0.926505,88799
51,199.549,0.927662,88299
52,197.638,0.928241,88842
53,195.829,0.928819,88799
54,194.113,0.928819,89824
55,192.481,0.929398,88299
56,190.927,0.931713,88298
57,189.443,0.932292,88299
58,188.024,0.933449,88298
59,186.663,0.933449,88799
60,185.356,0.934028,88816
61,184.099,0.935185,88298
62,182.887,0.936921,88298
63,181.717,0.936921,88802
64,180.586,0.936921,88800
65,179.491,0.936921,88298
66,178.43,0.938657,88800
67,177.4,0.939236,88298
68,176.4,0.939815,88299
69,175.427,0.939236,88298
70,174.481,0.939236,88799
71,173.56,0.939815,88297
72,172.663,0.941551,88300
73,171.788,0.941551,88296
74,170.935,0.941551,88299
75,170.103,0.941551,88299
76,169.291,0.94213,90305
77,168.499,0.943287,88799
78,167.725,0.943866,88799
79,166.969,0.943287,89301
80,166.231,0.943866,88799
81,165.51,0.943866,88300
82,164.806,0.944444,88825
83,164.118,0.945602,88800
84,163.446,0.946181,88818
85,162.789,0.946181,88298
86,162.147,0.947338,88300
87,161.52,0.947338,88800
88,160.907,0.947338,88800
89,160.307,0.947338,88799
90,159.722,0.947338,88298
91,159.149,0.948495,88401
92,158.589,0.949074,88297
93,158.042,0.949074,88799
94,157.507,0.951389,88297
95,156.983,0.951389,88298
96,156.472,0.951389,88299
97,155.971,0.951968,88299
98,155.482,0.953125,88298
99,155.003,0.953704,88300
100,154.534,0.954282,88298
101,154.076,0.954861,88800
102,153.628,0.95544,88297
103,153.189,0.95544,88799
104,152.76,0.95544,88299
105,152.339,0.956019,88299
106,151.928,0.956597,88799
107,151.526,0.956597,88299
108,151.132,0.957176,88298
109,150.747,0.958333,88300
110,150.37,0.958333,88298
111,150.001,0.958333,88299
112,149.64,0.958912,88800
113,149.286,0.959491,88297
114,148.94,0.959491,88299
115,148.602,0.960069,88298
116,148.27,0.960069,88300
117,147.945,0.960069,88799
118,147.628,0.960648,88822
119,147.317,0.960648,88801
120,147.012,0.961227,88300
121,146.714,0.961227,88795
122,146.423,0.961227,88299
123,146.137,0.961227,91809
124,145.858,0.961227,88799
125,145.584,0.961227,88800
126,145.316,0.961227,88298
127,145.053,0.961227,88800
128,144.797,0.961806,88799
129,144.545,0.961806,88298
130,144.298,0.961806,88300
131,144.057,0.962384,88313
132,143.821,0.962963,88298
133,143.589,0.962963,88297
134,143.362,0.962963,88297
135,143.14,0.963542,88299
136,142.922,0.96412,88297
137,142.709,0.96412,88800
138,142.5,0.964699,88298
139,142.294,0.964699,88299
140,142.093,0.964699,88800
141,141.896,0.964699,88298
142,141.703,0.965278,88299
143,141.513,0.965278,88298
144,141.327,0.965278,88299
145,141.145,0.965278,88802
146,140.965,0.965278,110373
147,140.789,0.966435,88799
148,140.617,0.966435,88299
149,140.447,0.966435,88799
150,140.28,0.966435,88803
151,140.117,0.966435,88299
152,139.956,0.966435,88297
153,139.798,0.966435,88300
154,139.642,0.966435,90806
155,139.49,0.966435,89803
156,139.339,0.966435,88298
157,139.191,0.966435,88299
158,139.046,0.966435,88298
159,138.903,0.966435,88297
160,138.761,0.967593,88801
161,138.623,0.967593,88299
162,138.486,0.967593,88299
163,138.351,0.967593,88800
164,138.218,0.967593,88300
165,138.087,0.967593,88298
166,137.958,0.967593,88298
167,137.83,0.967593,88298
168,137.704,0.968171,88801
169,137.58,0.968171,88298
170,137.458,0.968171,88799
171,137.337,0.968171,88800
172,137.217,0.968171,88298
173,137.099,0.968171,88298
174,136.982,0.968171,88297
175,136.867,0.968171,88799
176,136.753,0.968171,88299
177,136.64,0.96875,88298
178,136.528,0.96875,88298
179,136.418,0.96875,88300
180,136.308,0.96875,88299
181,136.2,0.96875,88298
182,136.092,0.96875,88299
183,135.986,0.96875,88299
184,135.88,0.96875,88298
185,135.776,0.96875,88297
186,135.672,0.96875,88801
187,135.569,0.969329,88297
188,135.467,0.969329,88800
189,135.366,0.969329,88297
190,135.265,0.969907,88298
191,135.165,0.969907,88799
192,135.066,0.969907,88800
193,134.967,0.969907,88297
194,134.869,0.969907,88359
195,134.772,0.969907,88799
196,134.675,0.969907,89320
197,134.579,0.970486,88814
198,134.483,0.970486,88300
199,134.387,0.970486,88298
200,134.292,0.970486,88800
201,134.198,0.970486,88300
202,134.104,0.971065,88298
203,134.01,0.971065,88299
204,133.916,0.971065,88800
205,133.823,0.971065,88297
206,133.73,0.971065,88300
207,133.638,0.971065,88298
208,133.546,0.971644,88300
209,133.454,0.971065,89804
210,133.362,0.971065,88510
211,133.27,0.971065,88802
212,133.179,0.971065,88298
213,133.088,0.971065,88300
214,132.997,0.971644,89300
215,132.906,0.971644,88299
216,132.816,0.971644,88799
217,132.725,0.972222,88799
218,132.635,0.972222,88297
219,132.544,0.972222,88297
220,132.454,0.972222,88799
221,132.364,0.972801,88300
222,132.274,0.972801,88299
223,132.184,0.972801,88799
224,132.094,0.972801,88800
225,132.004,0.972801,88300
226,131.914,0.972801,88801
227,131.824,0.972801,88297
228,131.734,0.972801,88799
229,131.644,0.972801,88298
230,131.554,0.972801,88298
231,131.463,0.972801,89301
232,131.373,0.972801,88799
233,131.283,0.972801,88299
234,131.192,0.972801,88300
235,131.102,0.972801,88799
236,131.011,0.972801,88298
237,130.92,0.972801,88300
238,130.829,0.972801,88799
239,130.738,0.972801,88298
240,130.647,0.972801,88297
241,130.555,0.972801,88800
242,130.463,0.972801,88136
243,130.371,0.972801,88799
244,130.278,0.972801,88299
245,130.185,0.972801,88799
246,130.092,0.972801,88299
247,129.998,0.972801,88799
248,129.904,0.972801,88799
249,129.81,0.972801,88300
250,129.715,0.972801,88800
251,129.62,0.972801,88799
252,129.524,0.972801,88298
253,129.427,0.972801,88801
254,129.33,0.972801,88800
255,129.233,0.972801,88801
256,129.135,0.972801,88799
257,129.036,0.972801,88800
258,128.937,0.97338,88297
259,128.837,0.97338,88800
260,128.736,0.97338,88299
261,128.635,0.97338,88298
262,128.534,0.97338,88799
263,128.431,0.97338,88299
264,128.329,0.97338,88298
265,128.225,0.97338,88799
266,128.121,0.97338,88300
267,128.017,0.97338,88298
268,127.912,0.97338,88297
269,127.807,0.97338,88298
270,127.701,0.97338,88300
271,127.595,0.97338,88299
272,127.489,0.973958,88298
273,127.383,0.973958,88298
274,127.276,0.973958,88298
275,127.17,0.973958,88298
276,127.063,0.973958,88299
277,126.957,0.973958,88798
278,126.851,0.974537,88297
279,126.745,0.974537,88298
280,126.639,0.975116,88299
281,126.534,0.975116,88297
282,126.43,0.975694,88299
283,126.326,0.975694,88299
284,126.223,0.975694,88297
285,126.12,0.975694,88296
286,126.018,0.975694,88300
287,125.917,0.975694,88299
288,125.817,0.975694,88299
289,125.718,0.975694,88299
290,125.62,0.976273,88299
291,125.523,0.976273,88299
292,125.428,0.976273,88299
293,125.333,0.976273,88299
294,125.24,0.976852,88300
295,125.148,0.976852,88800
296,125.057,0.977431,88799
297,124.967,0.977431,88299
298,124.879,0.977431,88298
299,124.792,0.977431,88297
300,124.707,0.977431,88298
301,124.623,0.977431,88299
302,124.54,0.977431,88297
303,124.459,0.977431,88300
304,124.379,0.977431,88299
305,124.3,0.977431,88299
306,124.223,0.977431,88799
307,124.147,0.977431,88298
308,124.072,0.977431,88299
309,123.999,0.977431,88299
310,123.927,0.977431,88298
311,123.857,0.977431,88298
312,123.787,0.977431,88299
313,123.719,0.977431,88298
314,123.653,0.977431,87798
315,123.588,0.977431,88299
316,123.523,0.977431,88799
317,123.461,0.977431,88297
318,123.399,0.977431,88298
319,123.339,0.977431,88299
320,123.279,0.977431,88799
321,123.221,0.977431,88300
322,123.164,0.977431,88799
323,123.108,0.977431,88298
324,123.054,0.977431,88799
325,123,0.977431,88298
326,122.947,0.977431,88799
327,122.896,0.977431,88799
328,122.845,0.977431,88298
329,122.795,0.977431,88299
330,122.747,0.977431,88299
331,122.699,0.977431,88299
332,122.652,0.977431,88798
333,122.606,0.977431,88298
334,122.561,0.977431,88299
335,122.517,0.978009,88300
336,122.473,0.978009,88298
337,122.431,0.978009,88299
338,122.389,0.978009,87795
339,122.348,0.978009,88798
340,122.307,0.978009,88298
341,122.268,0.978009,88298
342,122.229,0.978009,88800
343,122.191,0.978009,88298
344,122.153,0.978009,88298
345,122.116,0.978009,88300
346,122.08,0.978009,88298
347,122.044,0.978009,88299
348,122.009,0.978009,88800
349,121.975,0.978009,88297
350,121.941,0.978009,88802
351,121.908,0.978009,88298
352,121.875,0.978009,88299
353,121.843,0.978009,88297
354,121.811,0.978009,88802
355,121.78,0.978009,88798
356,121.749,0.978588,88799
357,121.719,0.978588,88315
358,121.689,0.978588,88298
359,121.659,0.978588,88298
360,121.63,0.978588,88299
361,121.602,0.978588,88297
362,121.574,0.978588,88297
363,121.546,0.978588,88298
364,121.518,0.978588,88299
365,121.491,0.978588,88799
366,121.465,0.978588,88299
367,121.438,0.978588,88800
368,121.412,0.978588,88800
369,121.387,0.978588,88297
370,121.361,0.978588,88298
371,121.337,0.978588,88299
372,121.312,0.978588,88300
373,121.288,0.978588,88298
374,121.263,0.978588,88300
375,121.24,0.978588,88800
376,121.216,0.978588,88298
377,121.193,0.978588,88797
378,121.17,0.978588,88300
379,121.147,0.978588,88299
380,121.125,0.978588,88798
381,121.103,0.978588,88799
382,121.081,0.978588,88801
383,121.059,0.978588,88298
384,121.038,0.978588,88297
385,121.017,0.978588,88299
386,120.996,0.978588,88800
387,120.975,0.978588,88299
388,120.954,0.978588,88799
389,120.934,0.978588,88330
390,120.914,0.978588,88801
391,120.894,0.978588,88298
392,120.874,0.978588,88798
393,120.855,0.978588,88799
394,120.836,0.978588,88299
395,120.817,0.978588,88815
396,120.798,0.978009,88803
397,120.779,0.978009,88298
398,120.76,0.978009,88298
399,120.742,0.978009,88298
400,120.724,0.978009,88298
401,120.706,0.978009,88800
402,120.688,0.978009,88298
403,120.67,0.978009,88299
404,120.653,0.978009,89301
405,120.636,0.978009,88298
406,120.619,0.978009,88298
407,120.602,0.978009,88298
408,120.585,0.978009,88799
409,120.568,0.978009,88298
410,120.552,0.978009,88297
411,120.536,0.978009,88300
412,120.519,0.978009,88299
413,120.503,0.978009,92812
414,120.488,0.978009,88801
415,120.472,0.978009,88299
416,120.456,0.978009,88800
417,120.441,0.978009,88299
418,120.426,0.978009,88297
419,120.411,0.978009,88799
420,120.396,0.978588,88299
421,120.381,0.978588,88300
422,120.366,0.978588,88802
423,120.352,0.978588,88802
424,120.338,0.978588,88299
425,120.323,0.978588,88799
426,120.309,0.978588,88800
427,120.295,0.978588,88300
428,120.282,0.978588,88799
429,120.268,0.978588,88801
430,120.254,0.978588,88298
431,120.241,0.978588,88298
432,120.228,0.978588,88299
433,120.215,0.978588,88300
434,120.202,0.978588,88799
435,120.189,0.978588,88298
436,120.176,0.978588,88800
437,120.164,0.978588,88297
438,120.151,0.978588,88800
439,120.139,0.978588,88800
440,120.127,0.978588,88762
441,120.115,0.978588,88299
442,120.103,0.978588,88814
443,120.091,0.978588,88800
444,120.08,0.978588,88299
445,120.068,0.978588,88799
446,120.057,0.978588,88802
447,120.045,0.978588,88799
448,120.034,0.978588,88801
449,120.023,0.978588,88799
450,120.012,0.978588,88297
451,120.002,0.978588,88298
452,119.991,0.978588,88799
453,119.98,0.978588,88297
454,119.97,0.978588,88297
455,119.96,0.978588,88299
456,119.949,0.978588,88299
457,119.939,0.978588,88688
458,119.929,0.978588,88300
459,119.92,0.978588,88800
460,119.91,0.978588,88300
461,119.9,0.978588,88297
462,119.891,0.978588,88298
463,119.881,0.978588,88300
464,119.872,0.978588,88300
465,119.863,0.978588,88298
466,119.854,0.978588,88299
467,119.845,0.978588,88797
468,119.836,0.978588,88300
469,119.827,0.978588,88799
470,119.819,0.978588,88297
471,119.81,0.978588,88299
472,119.802,0.978588,88298
473,119.793,0.978588,88297
474,119.785,0.978588,88800
475,119.777,0.978588,88799
476,119.769,0.978588,88297
477,119.761,0.978588,88298
478,119.753,0.978588,88800
479,119.745,0.978588,88799
480,119.738,0.978588,88297
481,119.73,0.978588,88298
482,119.723,0.978588,88299
483,119.715,0.978588,88299
484,119.708,0.978588,88298
485,119.701,0.978588,88300
486,119.694,0.978588,88298
487,119.687,0.978588,88298
488,119.68,0.978588,88298
489,119.673,0.978588,88297
490,119.666,0.978588,88800
491,119.66,0.978588,88300
492,119.653,0.978588,88297
493,119.647,0.978588,88298
494,119.64,0.978588,88298
495,119.634,0.978588,88299
496,119.628,0.978588,88800
497,119.622,0.978588,88300
498,119.616,0.978588,88297
499,119.61,0.978588,88799
500,119.604,0.979167,88800
501,119.598,0.979167,88299
502,119.592,0.979167,88297
503,119.586,0.979167,88297
504,119.581,0.979167,88298
505,119.575,0.979167,88298
506,119.57,0.979167,88799
507,119.564,0.979167,88800
508,119.559,0.979167,88300
509,119.554,0.979167,88317
510,119.549,0.979167,88798
511,119.544,0.979167,88297
512,119.539,0.979167,88298
513,119.534,0.979167,88299
514,119.529,0.979167,88298
515,119.524,0.979167,88799
516,119.519,0.979167,88299
517,119.514,0.979167,88297
518,119.51,0.979167,88799
519,119.505,0.979167,88800
520,119.501,0.979167,88799
521,119.496,0.979167,88690
522,119.492,0.979167,88299
523,119.487,0.979167,88298
524,119.483,0.979167,88799
525,119.479,0.979167,88797
526,119.475,0.979167,88799
527,119.471,0.979167,88297
528,119.466,0.979167,88299
529,119.462,0.979167,88298
530,119.459,0.979167,88297
531,119.455,0.979167,88298
532,119.451,0.979167,88300
533,119.447,0.979167,88298
534,119.443,0.979167,88299
535,119.439,0.979167,88300
536,119.436,0.979167,88298
537,119.432,0.979167,88800
538,119.429,0.979167,88298
539,119.425,0.979167,88300
540,119.422,0.979167,88799
541,119.418,0.979167,88297
542,119.415,0.979167,88799
543,119.412,0.979167,88811
544,119.408,0.979167,88800
545,119.405,0.979167,88799
546,119.402,0.979167,88800
547,119.399,0.979167,88298
548,119.396,0.979167,88297
549,119.392,0.979167,88802
550,119.389,0.979167,88299
551,119.386,0.979167,88300
552,119.384,0.979167,88297
553,119.381,0.979167,88300
554,119.378,0.979167,88799
555,119.375,0.979167,88298
556,119.372,0.979167,88298
557,119.369,0.979167,88298
558,119.367,0.979167,88300
559,119.364,0.979167,88298
560,119.361,0.979167,88297
561,119.359,0.979167,88799
562,119.356,0.979167,88299
563,119.353,0.979167,88298
564,119.351,0.979167,88299
565,119.348,0.979167,88800
566,119.346,0.979167,88298
567,119.343,0.979745,88800
568,119.341,0.979745,88297
569,119.339,0.979745,88298
570,119.336,0.979745,88299
571,119.334,0.979745,88297
572,119.332,0.979745,88299
573,119.329,0.979745,88299
574,119.327,0.979745,88299
575,119.325,0.979745,88298
576,119.323,0.979745,88300
577,119.321,0.979745,88297
578,119.319,0.979745,88299
579,119.317,0.979745,88799
580,119.314,0.979745,88299
581,119.312,0.979745,88799
582,119.31,0.979745,88801
583,119.308,0.979745,88299
584,119.306,0.979745,88799
585,119.304,0.979745,88817
586,119.303,0.979745,88799
587,119.301,0.979745,88800
588,119.299,0.979745,88799
589,119.297,0.979745,88800
590,119.295,0.979745,88799
591,119.293,0.979745,88298
592,119.291,0.979745,88299
593,119.29,0.979745,88300
594,119.288,0.979745,88300
595,119.286,0.979745,88297
596,119.284,0.979745,88316
597,119.283,0.979745,88298
598,119.281,0.979745,88800
599,119.279,0.979745,88299
600,119.278,0.979745,88299
601,119.276,0.979745,88297
602,119.274,0.979745,88299
603,119.273,0.979745,88300
604,119.271,0.979745,88299
605,119.27,0.979745,88800
606,119.268,0.979745,88297
607,119.267,0.979745,88299
608,119.265,0.979745,88800
609,119.264,0.979745,88298
610,119.262,0.979745,88800
611,119.261,0.979745,88300
612,119.259,0.979745,88299
613,119.258,0.979745,88800
614,119.256,0.979745,88300
615,119.255,0.979745,88298
616,119.254,0.979745,88800
617,119.252,0.979745,88299
618,119.251,0.979745,88800
619,119.249,0.979745,88800
620,119.248,0.979745,88300
621,119.247,0.979745,88297
622,119.246,0.979745,88298
623,119.244,0.979745,88799
624,119.243,0.979745,88297
625,119.242,0.979745,88300
626,119.24,0.979745,88799
627,119.239,0.979745,88298
628,119.238,0.979745,88297
629,119.237,0.979745,88296
630,119.235,0.979745,88320
631,119.234,0.979745,88299
632,119.233,0.979745,88299
633,119.232,0.979745,88298
634,119.231,0.979745,88299
635,119.229,0.979745,88298
636,119.228,0.979745,88300
637,119.227,0.979745,88298
638,119.226,0.979745,88300
639,119.225,0.979745,88297
640,119.224,0.979745,88299
641,119.222,0.979745,88298
642,119.221,0.979745,88799
643,119.22,0.979745,88300
644,119.219,0.979745,88299
645,119.218,0.979745,88800
646,119.217,0.979745,88300
647,119.216,0.979745,88299
648,119.215,0.979745,88297
649,119.214,0.979745,88299
650,119.213,0.979745,88299
651,119.211,0.979745,88299
652,119.21,0.979745,88298
653,119.209,0.979745,88299
654,119.208,0.979745,88800
655,119.207,0.979745,88298
656,119.206,0.979745,88300
657,119.205,0.979745,88298
658,119.204,0.979745,88299
659,119.203,0.979745,88802
660,119.202,0.979745,88300
661,119.201,0.979745,88800
662,119.2,0.979745,88298
663,119.199,0.979745,88298
664,119.198,0.979745,88298
665,119.197,0.979745,88299
666,119.196,0.979745,88300
667,119.195,0.979745,88799
668,119.194,0.979745,88297
669,119.193,0.979745,88298
670,119.192,0.979745,88799
671,119.191,0.979745,88297
672,119.19,0.979745,88298
673,119.189,0.979745,88298
674,119.188,0.979745,88300
675,119.187,0.979745,88298
676,119.186,0.979745,88298
677,119.185,0.979745,88297
678,119.184,0.979745,88801
679,119.183,0.979745,88297
680,119.182,0.979745,88297
681,119.181,0.979745,88801
682,119.18,0.979745,88298
683,119.18,0.979745,88297
684,119.179,0.979745,88300
685,119.178,0.979745,88298
686,119.177,0.979745,88298
687,119.176,0.979745,88298
688,119.175,0.979745,88300
689,119.174,0.979745,88298
690,119.173,0.979745,88298
691,119.172,0.979745,88297
692,119.171,0.979745,88298
693,119.17,0.979745,88799
694,119.169,0.979745,88297
695,119.168,0.979745,88298
696,119.167,0.979745,88298
697,119.166,0.979745,88799
698,119.165,0.979745,88299
699,119.164,0.979745,88300
700,119.163,0.979745,88799
701,119.162,0.979745,88298
702,119.161,0.979745,88299
703,119.16,0.979745,88299
704,119.159,0.980324,88799
705,119.158,0.980324,88799
706,119.157,0.980324,88297
707,119.156,0.980324,88297
708,119.155,0.980324,88300
709,119.154,0.980324,88297
710,119.153,0.980324,88297
711,119.152,0.980324,88299
712,119.151,0.980324,88315
713,119.15,0.980324,88300
714,119.149,0.980324,88298
715,119.148,0.980324,88800
716,119.147,0.980324,88800
717,119.146,0.980324,88799
718,119.145,0.980324,88297
719,119.144,0.980324,88800
720,119.143,0.980324,88300
721,119.142,0.980324,88297
722,119.141,0.980324,88298
723,119.14,0.980324,88300
724,119.139,0.980324,88297
725,119.138,0.980324,88299
726,119.137,0.980324,88298
727,119.136,0.980324,88799
728,119.135,0.980324,88800
729,119.134,0.980324,88297
730,119.133,0.980324,88297
731,119.132,0.980324,88299
732,119.13,0.980324,88799
733,119.129,0.980324,88298
734,119.128,0.980324,88799
735,119.127,0.980324,88297
736,119.126,0.980324,88299
737,119.125,0.980324,88299
738,119.124,0.980324,88296
739,119.123,0.980324,88299
740,119.121,0.980324,88799
741,119.12,0.980324,88299
742,119.119,0.980324,88296
743,119.118,0.980324,88298
744,119.117,0.980324,88298
745,119.115,0.980324,88298
746,119.114,0.980324,88299
747,119.113,0.980324,88299
748,119.112,0.980324,88300
749,119.111,0.980324,88298
750,119.109,0.980324,88299
751,119.108,0.980324,88299
752,119.107,0.980324,88299
753,119.105,0.980324,88297
754,119.104,0.980324,88299
755,119.103,0.980324,88300
756,119.101,0.980324,88800
757,119.1,0.980324,88300
758,119.099,0.980324,88297
759,119.097,0.980324,88298
760,119.096,0.980324,88298
761,119.095,0.980324,88299
762,119.093,0.980324,88299
763,119.092,0.980324,88297
764,119.091,0.980324,88799
765,119.089,0.980324,88298
766,119.088,0.980324,88298
767,119.086,0.980324,88800
768,119.085,0.980324,88300
769,119.083,0.980324,88800
770,119.082,0.980324,88300
771,119.08,0.980324,88298
772,119.079,0.980324,88300
773,119.077,0.980324,88298
774,119.076,0.980324,88298
775,119.074,0.980324,88300
776,119.072,0.980324,88298
777,119.071,0.980324,88297
778,119.069,0.980324,87812
779,119.067,0.980324,88310
780,119.066,0.980324,88298
781,119.064,0.980324,88800
782,119.062,0.980324,88300
783,119.061,0.980324,88298
784,119.059,0.980324,88800
785,119.057,0.980324,88299
786,119.056,0.980324,88300
787,119.054,0.980324,88297
788,119.052,0.980324,88298
789,119.05,0.980324,88298
790,119.048,0.980324,88299
791,119.046,0.980324,88800
792,119.044,0.979745,88299
793,119.043,0.979745,88799
794,119.041,0.979745,88300
795,119.039,0.979745,88298
796,119.037,0.979745,88298
797,119.035,0.979745,88300
798,119.033,0.979745,88297
799,119.031,0.979745,88799
800,119.029,0.979745,88297
801,119.027,0.979745,88298
802,119.024,0.979745,88800
803,119.022,0.979745,88296
804,119.02,0.979745,88799
805,119.018,0.979745,88297
806,119.016,0.979745,88299
807,119.014,0.979745,88298
808,119.011,0.979745,88298
809,119.009,0.979745,88798
810,119.007,0.979745,88799
811,119.004,0.979745,88299
812,119.002,0.979745,88298
813,119,0.979745,88799
814,118.997,0.979745,88299
815,118.995,0.979745,88799
816,118.992,0.979745,88299
817,118.99,0.979745,88298
818,118.987,0.979745,88800
819,118.985,0.979745,88298
820,118.982,0.979745,88799
821,118.98,0.979745,88297
822,118.977,0.979745,88298
823,118.974,0.979745,88299
824,118.972,0.979745,88298
825,118.969,0.979745,88298
826,118.966,0.979745,88299
827,118.963,0.979745,88299
828,118.961,0.979745,88298
829,118.958,0.979745,88299
830,118.955,0.979745,88298
831,118.952,0.979745,88300
832,118.949,0.979745,88800
833,118.946,0.979745,88297
834,118.943,0.979745,88300
835,118.94,0.979745,88319
836,118.937,0.979745,88800
837,118.934,0.979745,88297
838,118.93,0.979745,88299
839,118.927,0.979745,88297
840,118.924,0.979745,88298
841,118.921,0.979745,88298
842,118.917,0.979745,88800
843,118.914,0.979745,88298
844,118.911,0.979745,88799
845,118.907,0.980324,88298
846,118.904,0.980324,88799
847,118.9,0.980324,88298
848,118.897,0.980324,88799
849,118.893,0.980324,88299
850,118.889,0.980324,88800
851,118.886,0.980324,88298
852,118.882,0.980324,88300
853,118.878,0.980324,88297
854,118.874,0.980324,88821
855,118.871,0.980324,88300
856,118.867,0.980324,88298
857,118.863,0.980324,88300
858,118.859,0.980324,88299
859,118.855,0.980324,88800
860,118.851,0.980324,88300
861,118.847,0.980324,88425
862,118.842,0.980324,88298
863,118.838,0.980324,88299
864,118.834,0.980324,88800
865,118.83,0.980324,88297
866,118.825,0.980324,88799
867,118.821,0.980324,88297
868,118.817,0.980324,88799
869,118.812,0.980324,88298
870,118.808,0.980324,88298
871,118.803,0.980324,88299
872,118.798,0.980324,88298
873,118.794,0.980324,88298
874,118.789,0.980324,88297
875,118.784,0.980324,88800
876,118.779,0.980324,88299
877,118.774,0.980324,88298
878,118.77,0.980324,88299
879,118.765,0.980324,88297
880,118.759,0.980324,88298
881,118.754,0.980324,88798
882,118.749,0.980324,88800
883,118.744,0.980324,88297
884,118.739,0.980324,88297
885,118.733,0.980324,88799
886,118.728,0.980324,88298
887,118.723,0.980324,88298
888,118.717,0.980324,88298
889,118.712,0.980324,88799
890,118.706,0.980324,88299
891,118.701,0.980324,88800
892,118.695,0.980324,88297
893,118.689,0.980324,88300
894,118.683,0.980324,88298
895,118.677,0.980324,88299
896,118.671,0.980324,88298
897,118.665,0.980324,88800
898,118.659,0.980324,88299
899,118.653,0.980324,88800
900,118.647,0.980324,88300
901,118.641,0.980324,88298
902,118.635,0.980324,88798
903,118.628,0.980324,88297
904,118.622,0.980324,88800
905,118.616,0.980324,88298
906,118.609,0.980324,88298
907,118.602,0.980324,88300
908,118.596,0.980324,88799
909,118.589,0.980324,88299
910,118.582,0.980324,88297
911,118.576,0.980324,88299
912,118.569,0.980324,88799
913,118.562,0.980324,88298
914,118.555,0.980324,88299
915,118.548,0.980324,88299
916,118.541,0.980324,88800
917,118.534,0.980324,88298
918,118.526,0.980324,88799
919,118.519,0.980324,88314
920,118.512,0.980324,88799
921,118.504,0.980324,88800
922,118.497,0.980324,88298
923,118.489,0.980324,88299
924,118.482,0.980324,88799
925,118.474,0.980324,88299
926,118.466,0.980324,88800
927,118.459,0.980324,88297
928,118.451,0.980324,88299
929,118.443,0.980324,88799
930,118.435,0.980324,88299
931,118.427,0.980324,88799
932,118.419,0.980324,88800
933,118.411,0.980324,88297
934,118.402,0.980324,88799
935,118.394,0.980324,88298
936,118.386,0.980324,88298
937,118.378,0.980324,88297
938,118.369,0.980324,88297
939,118.361,0.980324,88800
940,118.352,0.980324,88297
941,118.343,0.980324,88300
942,118.335,0.980324,88300
943,118.326,0.980324,88298
944,118.317,0.980324,88298
945,118.309,0.980324,88299
946,118.3,0.980324,88299
947,118.291,0.980324,88297
948,118.282,0.980324,88299
949,118.273,0.980324,88298
950,118.264,0.980324,88297
951,118.254,0.980324,88296
952,118.245,0.980324,88300
953,118.236,0.980324,88798
954,118.227,0.980324,88297
955,118.217,0.980324,88297
956,118.208,0.980324,88297
957,118.198,0.980324,88299
958,118.189,0.980324,88560
959,118.179,0.980324,88297
960,118.17,0.980324,88300
961,118.16,0.980324,88299
962,118.15,0.980324,88799
963,118.14,0.980324,88298
964,118.131,0.980324,88298
965,118.121,0.980324,88800
966,118.111,0.980324,88298
967,118.101,0.980324,88298
968,118.091,0.980324,88297
969,118.081,0.980324,88800
970,118.071,0.980324,88298
971,118.061,0.980324,88297
972,118.051,0.980324,88299
973,118.04,0.980324,88799
974,118.03,0.980324,88298
975,118.02,0.980324,88297
976,118.009,0.980324,88298
977,117.999,0.980324,88297
978,117.989,0.980324,88300
979,117.978,0.980324,88297
980,117.968,0.980324,88298
981,117.957,0.980324,88298
982,117.947,0.980324,88300
983,117.936,0.980324,88798
984,117.925,0.980324,88313
985,117.915,0.980324,88300
986,117.904,0.980324,88300
987,117.893,0.980324,88800
988,117.883,0.980324,88299
989,117.872,0.980324,88799
990,117.861,0.980324,88298
991,117.85,0.980324,88299
992,117.839,0.980324,88298
993,117.828,0.980324,88299
994,117.818,0.980324,88298
995,117.807,0.980324,88823
996,117.796,0.980324,88300
997,117.785,0.980324,88799
998,117.774,0.980324,88299
999,117.763,0.980324,88297
Done! Press enter to close the program.
