Normalizing data...
Randomizing order of the data...
Creating Neural Network (21, 13, 4)
Current weights set to:
-0.00483108, 0.0762993, 0.0516037, -0.0339579, -0.0875423, 0.0714347, 0.097412, -0.0818598, 0.0380047, -0.00184637, 0.060741, 0.037138, -0.0643056, 0.0960997, -0.0713797, -0.0559374, 0.0960875, -0.0672231, -0.0189856, -0.0485031, 0.0240822, -0.0345439, 0.0302591, -0.0298318, 0.044261, -0.0498032, -0.0812311, 0.0408918, 0.0299661, -0.0204688, -0.0688284, -0.0768303, -0.0374493, 0.0298257, 0.0771416, 0.071691, -0.0731132, -0.000314341, -0.0988342, 0.0319498, 0.0494858, -0.0793634, -0.0244118, -0.0137364, -0.0145848, -0.0786981, -0.0669912, 0.081457, 0.0603442, 0.0263405, -0.00553301, 0.0693838, 0.0738701, -0.0285745, 0.049498, 0.0916379, 0.0704459, -0.084521, 0.0444929, -0.0603687, 0.0841426, 0.0314127, -0.0645802, 0.0213355, -0.0365581, 0.0566454, -0.0386761, -0.0341655, 0.082458, -0.0153905, 0.0946837, 0.097174, 0.0445967, -0.0214148, 0.0250832, -0.091583, -0.0148289, 0.0889889, -0.067748, -0.0325053, -0.0209632, 0.0554247, 0.0048677, -0.0141514, -0.0404584, -0.0251869, -0.0387494, 0.0812555, 0.055089, -0.0832698, -0.071691, -0.0339702, -0.050499, 0.0673025, -0.0650624, 0.0919004, -0.0274941, 0.0827754, -0.0239174, 0.0827143, -0.0735343, 0.034257, -0.0962096, 0.0863338, -0.0442061, 0.0245827, -0.0985534, -0.0230995, 0.0650929, 0.0587634, -0.00251167, 0.0387616, -0.00755333, 0.0491745, -0.0252174, 0.0632557, 0.0440413, -0.0632069, -0.0680227, 0.0896481, -0.00372631, 0.00967742, 0.0530992, -0.078515, 0.0718192, -7.62963e-005, 0.0414899, 0.0495712, 0.0956542, 0.040495, -0.0254067, -0.0872066, 0.0375042, 0.0629383, 0.0355693, -0.0718192, 0.0468062, -0.0825434, 0.0781793, 0.02125, -0.0134556, -0.00350658, 0.0811151, 0.0880795, -0.0278848, 0.0429975, 0.0479965, -0.0798029, -0.0784478, -0.0751946, 0.00939055, 0.0237037, 0.0233619, 0.056267, 0.0829585, 0.0636769, -0.0719291, 0.0482955, 0.0480941, -0.0347087, -0.0299661, 0.0683279, -0.00872524, 0.00281686, 0.0253639, 0.0912046, 0.0783502, -0.0922666, -0.0873959, -0.077691, 0.010007, -0.0727409, -0.0578356, -0.0256996, 0.0167577, 0.064507, -0.0791864, 0.0785394, -0.0504379, 0.0315409, 0.0175268, -0.0874691, -0.0775689, -0.0534349, -0.00306711, -0.0752922, 0.0632496, -0.0934874, 0.0265358, -0.0623646, 0.0290139, 0.0662648, -0.0359416, -0.0889523, 0.0418073, -0.0442427, -0.0688833, 0.0458663, -0.0982971, 0.0662526, 0.0794122, -0.0895322, -0.0670827, 0.0369671, -0.0441694, -0.0294412, -0.0806757, 0.0733818, -0.0274209, 0.0037019, -0.0142186, -0.0716239, -0.0113559, -0.0201025, 0.0813166, 0.0776116, -0.0911679, 0.0894833, 0.0205908, 0.0201636, -0.0933103, 0.099469, -0.0602344, -0.0640736, -0.0226051, -0.0803095, -0.0769036, 0.030839, 0.0270791, -0.040025, 0.0564806, 0.001236, 0.0046968, -0.0404767, 0.064153, -0.0513352, 0.0826716, 0.0698904, -0.0150365, -0.0237403, -0.00729698, 0.0726371, 0.0442, -0.00192572, -0.0771538, -0.0869198, -0.0225074, -0.00752281, 0.0821772, 0.0312845, -0.0371624, 0.0310465, -0.0607044, 0.071514, 0.0171239, -0.0860164, 0.0409406, 0.0515244, 0.0133396, -0.0564623, 0.0168188, -0.0271523, -0.0252663, 0.0664541, 0.0771783, -0.0466781, 0.00219428, -0.0831111, 0.00905484, 0.063152, 0.091052, -0.00901822, -0.0222877, -0.0542589, -0.00638142, 0.0842219, -0.06068, 0.00452589, -0.0163305, 0.0230506, -0.0287088, 0.0370891, 0.079107, 0.0218177, -0.0736381, 0.0977783, -0.020896, 0.0963927, -0.0831477, 0.0700735, 0.0719535, 0.0655995, 0.0351421, -0.0699698, -0.0301798, -0.0280923, 0.0168249, -0.0180578, -0.0732231, 0.0524461, 0.052617, 0.0474715, -0.00376293, 0.0916135, 0.055388, 0.0896725, 0.0840876, 0.0866756, -0.0114902, 0.0529099, -0.046202, 0.0574572, -0.0382244, 0.000106815, -0.0602466, -0.0685965, -0.0988647, -0.0715079, 0.0249733, -0.0646779, 0.0985473, -0.0548936, 0.0395978, 0.0249794, 0.0481185, -0.0166601, 0.0363018, -0.016129, 0.0748589, -0.0582812, -0.00110782, -0.0776421, -0.0377789, 0.0262185, -0.0595874, 0.00846889, 0.0847652, -0.0226783, -0.0531053, -0.0384564, 0.0521043, -0.0368389, 0.0230934, -0.0599109, -0.0295206, 0.0197974, 0.0963988, -0.0450301, -0.0718863, 0.0201636, 0.0352519, 0.0392438, 0.0106784, 0.0526658, 0.0382122, -0.0940794, 0.0530625, -0.00917081, 0.0500168, -0.075164, 0.0337565, -0.0647511, -0.0392254,


Starting training using BP on Car Evaluation Set
Press enter to start the training.

0,769.431,0.700231,88801
1,720.458,0.700231,88297
2,615.181,0.700231,88299
3,503.475,0.76794,88298
4,441.143,0.846644,88298
5,409.897,0.863426,88297
6,392.171,0.868056,88299
7,380.71,0.870949,88296
8,372.507,0.871528,88297
9,366.182,0.873843,88299
10,361.027,0.873843,88801
11,356.637,0.877315,88297
12,352.759,0.877315,88347
13,349.223,0.877315,88365
14,345.906,0.877894,88323
15,342.716,0.877894,88299
16,339.583,0.877894,88298
17,336.451,0.877315,88299
18,333.279,0.877315,88300
19,330.035,0.877315,88298
20,326.695,0.877315,88800
21,323.242,0.877315,88299
22,319.664,0.877315,88300
23,315.945,0.877315,88320
24,312.073,0.876736,88299
25,308.031,0.877315,88299
26,303.808,0.877894,88800
27,299.399,0.878472,88299
28,294.805,0.878472,88299
29,290.044,0.880787,88321
30,285.143,0.885995,88821
31,280.142,0.887731,88341
32,275.086,0.890046,88300
33,270.025,0.894097,88799
34,265.004,0.896412,88318
35,260.062,0.900463,88325
36,255.227,0.903935,88298
37,250.517,0.903935,87840
38,245.937,0.907407,88317
39,241.484,0.908565,88322
40,237.15,0.911458,88298
41,232.924,0.914931,88299
42,228.794,0.91956,88298
43,224.754,0.922454,88344
44,220.802,0.925347,87798
45,216.942,0.927083,88298
46,213.183,0.928241,88298
47,209.537,0.928819,88297
48,206.017,0.929398,88299
49,202.634,0.929398,88298
50,199.396,0.932292,88300
51,196.308,0.933449,88318
52,193.371,0.935185,87796
53,190.583,0.936921,88317
54,187.939,0.939236,88325
55,185.435,0.94213,88297
56,183.062,0.943866,88341
57,180.815,0.945023,88300
58,178.685,0.945602,88340
59,176.666,0.947338,88298
60,174.751,0.948495,88322
61,172.934,0.950231,88320
62,171.208,0.95081,87798
63,169.568,0.953125,88322
64,168.009,0.953125,88299
65,166.525,0.954282,88320
66,165.112,0.954861,88298
67,163.767,0.957176,88428
68,162.484,0.958333,88299
69,161.261,0.960069,88299
70,160.094,0.960069,88298
71,158.981,0.960069,88298
72,157.917,0.960069,88297
73,156.901,0.960069,88299
74,155.93,0.960069,88365
75,155.001,0.961806,88300
76,154.113,0.962384,88343
77,153.263,0.963542,88298
78,152.45,0.963542,88340
79,151.671,0.96412,88299
80,150.925,0.964699,88300
81,150.21,0.966435,87818
82,149.525,0.967014,88298
83,148.868,0.967593,88323
84,148.238,0.968171,88300
85,147.634,0.96875,88682
86,147.054,0.969329,88230
87,146.498,0.970486,88300
88,145.963,0.972222,88299
89,145.45,0.972222,88300
90,144.956,0.972222,88299
91,144.482,0.972222,88298
92,144.027,0.972222,88300
93,143.588,0.972801,88298
94,143.167,0.972801,87798
95,142.761,0.972801,88800
96,142.371,0.972801,87797
97,141.995,0.972801,88298
98,141.633,0.97338,88343
99,141.284,0.973958,88299
100,140.948,0.974537,88298
101,140.624,0.974537,88799
102,140.311,0.974537,88800
103,140.01,0.974537,88321
104,139.719,0.974537,88298
105,139.439,0.974537,88799
106,139.168,0.974537,88299
107,138.906,0.974537,88300
108,138.653,0.975116,88299
109,138.409,0.975116,88800
110,138.173,0.975116,88321
111,137.945,0.975116,88322
112,137.724,0.975116,88298
113,137.51,0.975694,88299
114,137.304,0.975694,88320
115,137.104,0.975694,88297
116,136.91,0.975694,88298
117,136.722,0.976273,88800
118,136.54,0.976273,88300
119,136.364,0.976273,88299
120,136.193,0.976273,88300
121,136.027,0.976273,88325
122,135.866,0.976273,88800
123,135.71,0.976273,88300
124,135.559,0.976273,88323
125,135.411,0.976273,88299
126,135.268,0.976273,88299
127,135.129,0.976273,88342
128,134.994,0.976273,88322
129,134.863,0.976273,88299
130,134.735,0.976273,88801
131,134.611,0.976852,88323
132,134.49,0.976852,88800
133,134.372,0.976852,88299
134,134.258,0.976852,88299
135,134.146,0.976852,88299
136,134.037,0.976852,88299
137,133.931,0.976852,88299
138,133.828,0.976852,88300
139,133.727,0.976852,88322
140,133.628,0.976852,88300
141,133.532,0.976852,88299
142,133.439,0.977431,88319
143,133.347,0.977431,88297
144,133.258,0.977431,88799
145,133.171,0.977431,88801
146,133.085,0.977431,88300
147,133.002,0.977431,88319
148,132.92,0.977431,88299
149,132.841,0.977431,88299
150,132.762,0.977431,88299
151,132.686,0.977431,88298
152,132.611,0.977431,88823
153,132.538,0.977431,88320
154,132.467,0.977431,88347
155,132.396,0.977431,88799
156,132.328,0.977431,88300
157,132.26,0.977431,88800
158,132.194,0.977431,88321
159,132.129,0.977431,88817
160,132.066,0.977431,88822
161,132.003,0.977431,88822
162,131.942,0.977431,88800
163,131.882,0.977431,88299
164,131.823,0.977431,88321
165,131.765,0.977431,88298
166,131.708,0.977431,88299
167,131.653,0.977431,88297
168,131.598,0.977431,88298
169,131.544,0.977431,88299
170,131.491,0.977431,88299
171,131.439,0.977431,88299
172,131.388,0.976852,88300
173,131.337,0.976852,88318
174,131.288,0.976852,88300
175,131.239,0.976852,88800
176,131.191,0.976852,88322
177,131.144,0.976852,88323
178,131.097,0.976852,87849
179,131.051,0.976852,88321
180,131.006,0.976852,88284
181,130.962,0.976852,88343
182,130.918,0.976852,88322
183,130.875,0.976852,88298
184,130.832,0.976852,88319
185,130.79,0.976852,88300
186,130.749,0.976852,88300
187,130.708,0.976852,88298
188,130.668,0.976852,88299
189,130.629,0.976852,88320
190,130.59,0.976852,88320
191,130.551,0.976852,88320
192,130.513,0.976852,88298
193,130.475,0.976852,88299
194,130.438,0.976852,88853
195,130.402,0.976852,88320
196,130.366,0.976852,88324
197,130.33,0.976852,88298
198,130.295,0.976852,88542
199,130.26,0.976852,88299
200,130.226,0.976852,88298
201,130.192,0.976852,88820
202,130.159,0.976852,88319
203,130.125,0.976852,88298
204,130.093,0.976852,88321
205,130.06,0.976852,88322
206,130.028,0.976852,88344
207,129.997,0.976852,88299
208,129.966,0.976852,88325
209,129.935,0.976852,88299
210,129.904,0.977431,88347
211,129.874,0.977431,88300
212,129.844,0.977431,88298
213,129.814,0.977431,88298
214,129.785,0.976852,88320
215,129.756,0.976852,88318
216,129.728,0.976852,88298
217,129.699,0.976852,88298
218,129.671,0.976852,88298
219,129.643,0.976852,88298
220,129.616,0.976852,88297
221,129.589,0.976852,88797
222,129.562,0.976852,88365
223,129.535,0.976852,88324
224,129.508,0.976852,88300
225,129.482,0.976852,88801
226,129.456,0.976852,88298
227,129.43,0.976852,88299
228,129.405,0.976852,88299
229,129.379,0.976852,88799
230,129.354,0.976852,88319
231,129.329,0.976852,88321
232,129.305,0.976852,88800
233,129.28,0.976852,88300
234,129.256,0.977431,88299
235,129.232,0.977431,88298
236,129.208,0.978009,88801
237,129.184,0.978009,88299
238,129.161,0.978009,88297
239,129.137,0.978009,88320
240,129.114,0.978009,88321
241,129.091,0.978009,88299
242,129.068,0.978009,88325
243,129.046,0.978009,87925
244,129.023,0.978009,88367
245,129.001,0.978009,88299
246,128.978,0.978009,88299
247,128.956,0.978009,88300
248,128.934,0.978009,88298
249,128.912,0.978009,88298
250,128.891,0.978009,88321
251,128.869,0.978009,88298
252,128.848,0.978009,88298
253,128.826,0.978009,88296
254,128.805,0.978009,88299
255,128.784,0.978009,88299
256,128.762,0.978009,88324
257,128.741,0.978009,88323
258,128.72,0.978009,88298
259,128.7,0.978009,88297
260,128.679,0.978588,88298
261,128.658,0.978588,88297
262,128.637,0.978588,88299
263,128.617,0.978588,88298
264,128.596,0.978588,88298
265,128.576,0.978588,88342
266,128.555,0.978588,88318
267,128.535,0.978588,88297
268,128.514,0.978588,88300
269,128.494,0.978588,88300
270,128.474,0.978588,88323
271,128.453,0.978588,88299
272,128.433,0.978588,88299
273,128.413,0.978588,88299
274,128.392,0.978588,88297
275,128.372,0.978588,88299
276,128.352,0.978588,88298
277,128.331,0.978588,87797
278,128.311,0.978588,88298
279,128.29,0.978588,88411
280,128.27,0.978588,88300
281,128.249,0.978588,88297
282,128.229,0.978588,88300
283,128.208,0.978588,88323
284,128.187,0.978588,88322
285,128.167,0.979167,88300
286,128.146,0.979167,88299
287,128.125,0.979167,88323
288,128.104,0.979167,88299
289,128.083,0.979167,88321
290,128.061,0.979167,88299
291,128.04,0.979167,88816
292,128.018,0.979167,88299
293,127.997,0.979167,88299
294,127.975,0.979167,88321
295,127.953,0.979167,88297
296,127.931,0.979167,88800
297,127.909,0.979167,88800
298,127.886,0.979167,88322
299,127.863,0.979167,88315
300,127.841,0.979167,88799
301,127.817,0.979167,88299
302,127.794,0.979167,88299
303,127.771,0.979167,88299
304,127.747,0.979167,88299
305,127.723,0.979167,88800
306,127.699,0.979167,88300
307,127.674,0.979167,88298
308,127.649,0.979167,88799
309,127.624,0.979167,88297
310,127.599,0.979167,88299
311,127.573,0.979167,88297
312,127.547,0.979167,88799
313,127.521,0.979167,88321
314,127.494,0.979167,88299
315,127.467,0.979167,88318
316,127.44,0.979167,88298
317,127.412,0.979167,88297
318,127.384,0.979167,87879
319,127.356,0.979167,88478
320,127.327,0.979167,88300
321,127.298,0.979167,88300
322,127.268,0.979167,88322
323,127.238,0.979167,88299
324,127.207,0.979167,88299
325,127.176,0.979167,88299
326,127.144,0.979167,88300
327,127.112,0.979167,87819
328,127.08,0.979167,88298
329,127.047,0.979167,88299
330,127.013,0.979167,88298
331,126.979,0.979167,87798
332,126.944,0.979167,88298
333,126.909,0.979167,88299
334,126.873,0.979167,88325
335,126.836,0.979167,88299
336,126.799,0.979167,88300
337,126.762,0.979167,88297
338,126.723,0.979167,88299
339,126.684,0.979167,88299
340,126.645,0.979167,88321
341,126.604,0.979167,88319
342,126.563,0.979167,88298
343,126.522,0.979167,88298
344,126.48,0.979167,88314
345,126.437,0.979167,88300
346,126.393,0.979167,88297
347,126.349,0.979167,88297
348,126.304,0.979167,88799
349,126.258,0.979167,88801
350,126.211,0.979167,88541
351,126.164,0.979167,88298
352,126.116,0.979167,88298
353,126.067,0.979167,87799
354,126.018,0.979167,87797
355,125.968,0.979167,88799
356,125.917,0.979167,88299
357,125.866,0.979167,88345
358,125.813,0.979167,88299
359,125.761,0.979167,88319
360,125.707,0.979167,87823
361,125.653,0.979167,88299
362,125.598,0.979167,88320
363,125.542,0.979167,88800
364,125.486,0.979167,88300
365,125.429,0.979167,88327
366,125.372,0.979167,88298
367,125.314,0.979167,88297
368,125.256,0.979167,88300
369,125.197,0.979167,88340
370,125.137,0.979167,88300
371,125.078,0.979167,88297
372,125.017,0.979167,88323
373,124.956,0.979167,88416
374,124.895,0.979167,88300
375,124.834,0.979167,88299
376,124.772,0.979167,88297
377,124.71,0.979167,88300
378,124.647,0.979167,88300
379,124.585,0.979167,88298
380,124.522,0.978588,88299
381,124.459,0.978009,88300
382,124.395,0.978009,88346
383,124.332,0.978009,88300
384,124.269,0.978009,88345
385,124.205,0.978009,88299
386,124.142,0.978588,88300
387,124.078,0.978588,88322
388,124.015,0.978588,88298
389,123.951,0.978588,88320
390,123.888,0.978588,88320
391,123.825,0.978588,88322
392,123.762,0.978588,88300
393,123.699,0.978588,88299
394,123.636,0.978588,88827
395,123.574,0.978588,88846
396,123.512,0.978588,88312
397,123.45,0.979167,88343
398,123.388,0.979167,88299
399,123.327,0.979167,88299
400,123.266,0.979167,88298
401,123.205,0.979167,88299
402,123.145,0.979167,88300
403,123.085,0.979167,88300
404,123.025,0.979167,88299
405,122.966,0.979167,88333
406,122.907,0.979745,88322
407,122.849,0.979745,88299
408,122.791,0.979167,88322
409,122.733,0.979167,88298
410,122.676,0.979167,88799
411,122.62,0.979167,88299
412,122.564,0.979167,88299
413,122.509,0.979167,88320
414,122.454,0.979167,88299
415,122.399,0.979745,87798
416,122.345,0.979745,88298
417,122.292,0.979745,88297
418,122.239,0.979745,88298
419,122.186,0.979745,88345
420,122.134,0.979745,88299
421,122.083,0.979745,88298
422,122.032,0.979745,88298
423,121.982,0.979745,88345
424,121.932,0.979745,88317
425,121.883,0.979745,88299
426,121.834,0.979745,88299
427,121.786,0.979745,88298
428,121.738,0.979745,88299
429,121.691,0.979745,88300
430,121.644,0.980324,88800
431,121.598,0.980324,87799
432,121.553,0.980324,88299
433,121.508,0.980324,88799
434,121.463,0.980324,88800
435,121.419,0.980324,88297
436,121.376,0.980324,88343
437,121.333,0.980324,88299
438,121.29,0.980324,88298
439,121.248,0.980324,87839
440,121.206,0.980324,88820
441,121.165,0.980324,88299
442,121.125,0.980324,88320
443,121.085,0.980324,88299
444,121.045,0.980324,88298
445,121.006,0.980324,88299
446,120.967,0.980324,88347
447,120.929,0.980324,88319
448,120.892,0.980324,88298
449,120.854,0.980324,88298
450,120.817,0.980324,88297
451,120.781,0.980324,88320
452,120.745,0.980324,88820
453,120.709,0.980903,88297
454,120.674,0.980903,88299
455,120.64,0.980903,88297
456,120.605,0.980903,88297
457,120.571,0.980903,88799
458,120.538,0.980903,88298
459,120.505,0.980903,88298
460,120.472,0.980903,88799
461,120.44,0.980903,88801
462,120.408,0.980903,88799
463,120.376,0.980903,88821
464,120.345,0.980903,88821
465,120.314,0.980903,88299
466,120.284,0.980903,88298
467,120.254,0.980903,88298
468,120.224,0.980903,88299
469,120.195,0.980903,88300
470,120.166,0.980903,88297
471,120.137,0.980903,88322
472,120.109,0.980903,88300
473,120.081,0.980903,88299
474,120.053,0.980903,88300
475,120.025,0.980903,88326
476,119.998,0.980903,88297
477,119.972,0.980903,88799
478,119.945,0.980903,88322
479,119.919,0.980903,88298
480,119.893,0.980903,88799
481,119.867,0.980903,88300
482,119.842,0.980903,88300
483,119.817,0.980903,88319
484,119.792,0.980903,88300
485,119.768,0.980903,88871
486,119.744,0.980903,88300
487,119.72,0.980903,88297
488,119.696,0.980903,88301
489,119.673,0.980903,87946
490,119.65,0.980903,88299
491,119.627,0.980903,88800
492,119.604,0.980903,88325
493,119.582,0.980903,88319
494,119.56,0.980903,88299
495,119.538,0.980903,88320
496,119.516,0.980903,88300
497,119.495,0.980903,88300
498,119.474,0.980903,88799
499,119.453,0.980903,88321
500,119.432,0.980903,88299
501,119.412,0.980903,88328
502,119.392,0.980903,88298
503,119.371,0.980903,88299
504,119.352,0.980903,88800
505,119.332,0.980903,88299
506,119.313,0.980903,88298
507,119.293,0.980903,88800
508,119.274,0.980903,88320
509,119.256,0.980903,88297
510,119.237,0.980903,88340
511,119.219,0.980903,88297
512,119.2,0.980903,88322
513,119.182,0.980903,88297
514,119.165,0.980903,87798
515,119.147,0.980903,88299
516,119.129,0.980903,88300
517,119.112,0.980903,87797
518,119.095,0.980903,88322
519,119.078,0.980903,88299
520,119.061,0.980903,88300
521,119.045,0.980903,88323
522,119.028,0.980903,88299
523,119.012,0.980903,88299
524,118.996,0.980903,88299
525,118.98,0.980903,88300
526,118.964,0.980903,88299
527,118.949,0.980903,88297
528,118.933,0.980903,88300
529,118.918,0.980903,88299
530,118.903,0.980903,88799
531,118.888,0.980903,88343
532,118.873,0.980903,88300
533,118.858,0.980903,88321
534,118.844,0.981481,88299
535,118.829,0.981481,88299
536,118.815,0.981481,87796
537,118.801,0.981481,88297
538,118.787,0.981481,88317
539,118.773,0.981481,88298
540,118.759,0.981481,88345
541,118.745,0.98206,88320
542,118.732,0.98206,88298
543,118.719,0.98206,88323
544,118.705,0.98206,88298
545,118.692,0.98206,88297
546,118.679,0.98206,88300
547,118.666,0.98206,88323
548,118.654,0.983218,88298
549,118.641,0.983796,87798
550,118.629,0.983796,88299
551,118.616,0.983796,88299
552,118.604,0.983796,88300
553,118.592,0.983796,88298
554,118.58,0.983796,88300
555,118.568,0.983796,88323
556,118.556,0.983796,88800
557,118.544,0.983796,88299
558,118.533,0.983796,88300
559,118.521,0.983796,88299
560,118.51,0.983796,88298
561,118.499,0.983796,88298
562,118.487,0.983796,88298
563,118.476,0.983796,88345
564,118.465,0.983796,88298
565,118.454,0.983796,88297
566,118.443,0.983796,88299
567,118.433,0.983796,88320
568,118.422,0.983796,88297
569,118.412,0.983796,88298
570,118.401,0.983796,88325
571,118.391,0.983796,88298
572,118.381,0.983796,88297
573,118.37,0.983796,88322
574,118.36,0.983796,88298
575,118.35,0.983796,88297
576,118.34,0.983796,88298
577,118.33,0.983796,88300
578,118.321,0.983796,88297
579,118.311,0.983796,88318
580,118.301,0.983796,88320
581,118.292,0.983796,88298
582,118.282,0.983796,88322
583,118.273,0.983796,88371
584,118.264,0.983796,87818
585,118.255,0.983796,88297
586,118.245,0.983796,88298
587,118.236,0.983796,88298
588,118.227,0.984375,87798
589,118.218,0.984375,88822
590,118.21,0.984375,88299
591,118.201,0.984375,87841
592,118.192,0.984375,88299
593,118.183,0.984375,87798
594,118.175,0.984375,88299
595,118.166,0.984375,88298
596,118.158,0.984375,88300
597,118.149,0.984375,88299
598,118.141,0.984375,88300
599,118.133,0.984375,88298
600,118.125,0.984375,88299
601,118.116,0.984375,88368
602,118.108,0.984375,88299
603,118.1,0.984375,88322
604,118.092,0.984375,88299
605,118.084,0.984375,88300
606,118.076,0.984375,88300
607,118.069,0.984375,88299
608,118.061,0.984375,87796
609,118.053,0.984375,88299
610,118.046,0.984375,88322
611,118.038,0.984375,88320
612,118.03,0.984375,87798
613,118.023,0.984375,88298
614,118.015,0.984375,88299
615,118.008,0.984375,88820
616,118.001,0.984375,88299
617,117.993,0.984375,88298
618,117.986,0.984375,88299
619,117.979,0.984375,88299
620,117.972,0.984375,88298
621,117.965,0.984375,88299
622,117.958,0.984375,88299
623,117.951,0.984375,88299
624,117.944,0.984375,88348
625,117.937,0.984375,88343
626,117.93,0.984375,88299
627,117.923,0.984375,88299
628,117.916,0.984375,88822
629,117.909,0.984375,88313
630,117.903,0.984375,88799
631,117.896,0.984375,88300
632,117.889,0.984375,88299
633,117.883,0.984375,88299
634,117.876,0.984375,88316
635,117.87,0.984375,88299
636,117.863,0.984375,88299
637,117.857,0.984375,88298
638,117.85,0.984375,88342
639,117.844,0.984375,88320
640,117.838,0.984375,88298
641,117.831,0.984375,88298
642,117.825,0.984375,88298
643,117.819,0.984375,88319
644,117.813,0.984375,88800
645,117.806,0.984375,88299
646,117.8,0.984375,88300
647,117.794,0.984375,88800
648,117.788,0.984375,88299
649,117.782,0.984375,88343
650,117.776,0.984375,88299
651,117.77,0.984375,88300
652,117.764,0.984375,88298
653,117.758,0.984375,88299
654,117.752,0.984375,88298
655,117.746,0.984375,88298
656,117.741,0.984375,88298
657,117.735,0.984375,88319
658,117.729,0.984375,88843
659,117.723,0.984375,87820
660,117.718,0.984375,88324
661,117.712,0.984375,88800
662,117.706,0.984375,88299
663,117.701,0.984375,88799
664,117.695,0.984375,88299
665,117.689,0.984375,88823
666,117.684,0.984375,88823
667,117.678,0.984375,88316
668,117.673,0.984375,88337
669,117.667,0.984375,88299
670,117.662,0.984375,88820
671,117.657,0.984375,88314
672,117.651,0.984375,88299
673,117.646,0.984375,88319
674,117.64,0.984375,88800
675,117.635,0.984375,88300
676,117.63,0.984375,88320
677,117.625,0.984375,88299
678,117.619,0.984375,88300
679,117.614,0.984375,88299
680,117.609,0.984375,88800
681,117.604,0.984375,88300
682,117.598,0.984375,88299
683,117.593,0.984375,88299
684,117.588,0.984375,88317
685,117.583,0.984375,88323
686,117.578,0.984375,88321
687,117.573,0.984375,88799
688,117.568,0.984375,88299
689,117.563,0.984375,88799
690,117.558,0.984375,88299
691,117.553,0.984375,88300
692,117.548,0.984375,88800
693,117.543,0.984375,88799
694,117.538,0.984375,88400
695,117.533,0.984375,88299
696,117.528,0.984375,88801
697,117.523,0.984375,88299
698,117.519,0.984375,88324
699,117.514,0.984375,88800
700,117.509,0.984375,88300
701,117.504,0.984375,88821
702,117.499,0.984375,88298
703,117.495,0.984375,88798
704,117.49,0.984375,88298
705,117.485,0.984375,88299
706,117.481,0.984375,88800
707,117.476,0.984375,88299
708,117.471,0.984375,88825
709,117.467,0.984375,88299
710,117.462,0.984375,88300
711,117.457,0.984375,88822
712,117.453,0.984375,88300
713,117.448,0.984375,88319
714,117.444,0.984375,88336
715,117.439,0.984375,88300
716,117.435,0.984375,88297
717,117.43,0.984375,88299
718,117.426,0.984375,88799
719,117.421,0.984375,88299
720,117.417,0.984375,88800
721,117.412,0.984375,88299
722,117.408,0.984375,87798
723,117.403,0.984375,87798
724,117.399,0.984375,88321
725,117.395,0.984375,88299
726,117.39,0.984375,88343
727,117.386,0.984375,88299
728,117.382,0.984375,88321
729,117.377,0.984375,88827
730,117.373,0.984375,88320
731,117.369,0.984375,88319
732,117.364,0.984375,88299
733,117.36,0.984375,88298
734,117.356,0.984375,88299
735,117.352,0.984375,88321
736,117.347,0.984375,88300
737,117.343,0.984375,88318
738,117.339,0.984375,88321
739,117.335,0.984375,88798
740,117.331,0.984375,88323
741,117.327,0.984375,88320
742,117.322,0.984375,88299
743,117.318,0.984375,88799
744,117.314,0.984375,88800
745,117.31,0.984375,88320
746,117.306,0.984375,88300
747,117.302,0.984375,88298
748,117.298,0.984375,88802
749,117.294,0.984375,88799
750,117.29,0.984375,88799
751,117.286,0.984375,88298
752,117.282,0.984375,88299
753,117.278,0.984954,88297
754,117.274,0.984954,88297
755,117.27,0.984954,88299
756,117.266,0.984954,88187
757,117.262,0.984954,88800
758,117.258,0.984954,88322
759,117.254,0.984954,88299
760,117.25,0.984954,88299
761,117.247,0.984954,88299
762,117.243,0.984954,88298
763,117.239,0.984954,88319
764,117.235,0.984954,88323
765,117.231,0.984954,88298
766,117.227,0.984954,88801
767,117.224,0.984954,88347
768,117.22,0.984954,88300
769,117.216,0.984954,88846
770,117.212,0.984954,88331
771,117.209,0.984954,88799
772,117.205,0.984954,88298
773,117.201,0.984954,88322
774,117.198,0.984954,88318
775,117.194,0.984954,88299
776,117.19,0.984954,88300
777,117.187,0.984954,88299
778,117.183,0.984954,88321
779,117.179,0.984954,88297
780,117.176,0.984954,88298
781,117.172,0.984954,88297
782,117.168,0.984954,88298
783,117.165,0.984954,88298
784,117.161,0.984954,88297
785,117.158,0.984954,88342
786,117.154,0.984954,88299
787,117.151,0.984954,88342
788,117.147,0.984954,88299
789,117.144,0.984954,88299
790,117.14,0.984954,88299
791,117.137,0.984954,88298
792,117.133,0.984954,88319
793,117.13,0.984954,88297
794,117.126,0.984954,88800
795,117.123,0.984954,87919
796,117.119,0.984954,88323
797,117.116,0.984954,88297
798,117.113,0.984954,88399
799,117.109,0.984954,88299
800,117.106,0.984954,88300
801,117.103,0.984954,88321
802,117.099,0.984954,88298
803,117.096,0.984954,88299
804,117.093,0.984954,88299
805,117.089,0.984954,88298
806,117.086,0.984954,88298
807,117.083,0.984954,88612
808,117.079,0.984954,88323
809,117.076,0.984954,88298
810,117.073,0.984954,88298
811,117.07,0.984954,88341
812,117.066,0.984954,88298
813,117.063,0.984954,88297
814,117.06,0.984954,88319
815,117.057,0.984954,88321
816,117.054,0.984954,88323
817,117.05,0.984954,88299
818,117.047,0.984954,88300
819,117.044,0.984954,88822
820,117.041,0.984954,88322
821,117.038,0.984954,88828
822,117.035,0.984954,88298
823,117.032,0.984954,88322
824,117.029,0.984954,88321
825,117.026,0.984954,88325
826,117.023,0.984954,88299
827,117.02,0.984954,88299
828,117.016,0.984954,88321
829,117.013,0.984954,88298
830,117.01,0.984954,88298
831,117.007,0.984954,87798
832,117.004,0.984954,88823
833,117.002,0.984954,88299
834,116.999,0.984954,88298
835,116.996,0.984954,88298
836,116.993,0.984954,88320
837,116.99,0.984954,88297
838,116.987,0.984954,88800
839,116.984,0.984954,88344
840,116.981,0.984954,88299
841,116.978,0.984954,88299
842,116.975,0.984954,88298
843,116.972,0.984954,88324
844,116.97,0.984954,88799
845,116.967,0.984954,88799
846,116.964,0.984954,88299
847,116.961,0.984954,88298
848,116.958,0.984954,88345
849,116.956,0.984954,88299
850,116.953,0.984954,88324
851,116.95,0.984954,88300
852,116.947,0.984954,88323
853,116.945,0.984375,88299
854,116.942,0.984375,87797
855,116.939,0.984375,88297
856,116.936,0.984375,88299
857,116.934,0.984375,88299
858,116.931,0.984375,88332
859,116.928,0.984375,88321
860,116.926,0.984375,88298
861,116.923,0.984375,88298
862,116.92,0.984375,88799
863,116.918,0.984375,88298
864,116.915,0.984375,88319
865,116.913,0.984375,88299
866,116.91,0.984375,88299
867,116.907,0.984375,88298
868,116.905,0.984375,88297
869,116.902,0.984375,88321
870,116.9,0.984375,88299
871,116.897,0.984375,88298
872,116.895,0.984375,88297
873,116.892,0.984375,88801
874,116.89,0.984375,88297
875,116.887,0.984375,88299
876,116.885,0.984375,88297
877,116.882,0.984375,88319
878,116.88,0.984375,87795
879,116.877,0.984375,88824
880,116.875,0.984375,88299
881,116.872,0.984375,88343
882,116.87,0.984375,88320
883,116.868,0.984375,88322
884,116.865,0.984375,88300
885,116.863,0.984375,88298
886,116.86,0.984375,88299
887,116.858,0.984375,88300
888,116.856,0.984375,88321
889,116.853,0.984375,88318
890,116.851,0.984375,88345
891,116.849,0.984375,88323
892,116.846,0.984375,88314
893,116.844,0.984375,88322
894,116.842,0.984375,88799
895,116.84,0.984375,88342
896,116.837,0.984375,88299
897,116.835,0.984375,88299
898,116.833,0.984375,88800
899,116.831,0.984375,88297
900,116.828,0.984375,88824
901,116.826,0.984375,88320
902,116.824,0.984375,88320
903,116.822,0.984375,88318
904,116.82,0.984375,88300
905,116.817,0.984375,88299
906,116.815,0.984375,88316
907,116.813,0.984375,88324
908,116.811,0.984375,88319
909,116.809,0.984375,88298
910,116.807,0.984375,88799
911,116.805,0.984375,88321
912,116.803,0.984375,88311
913,116.8,0.984375,88324
914,116.798,0.984375,88297
915,116.796,0.984375,88298
916,116.794,0.984375,88362
917,116.792,0.984375,88300
918,116.79,0.984375,88300
919,116.788,0.984375,88322
920,116.786,0.984375,88299
921,116.784,0.984375,88298
922,116.782,0.984375,88320
923,116.78,0.984375,87797
924,116.778,0.984375,88320
925,116.776,0.984375,88822
926,116.774,0.984375,88297
927,116.772,0.984375,88299
928,116.77,0.984375,88297
929,116.768,0.984375,88799
930,116.766,0.984375,88431
931,116.765,0.984375,88299
932,116.763,0.984375,88324
933,116.761,0.984375,88300
934,116.759,0.984375,88817
935,116.757,0.984375,88300
936,116.755,0.984375,88301
937,116.753,0.984375,88298
938,116.751,0.984375,88821
939,116.75,0.984375,88296
940,116.748,0.984375,88799
941,116.746,0.984375,88299
942,116.744,0.984375,88298
943,116.742,0.984375,88299
944,116.741,0.984375,88321
945,116.739,0.984375,88299
946,116.737,0.984375,88299
947,116.735,0.984375,88330
948,116.734,0.984375,88299
949,116.732,0.984375,88300
950,116.73,0.984375,88324
951,116.728,0.984375,88299
952,116.727,0.984375,88321
953,116.725,0.984375,88321
954,116.723,0.984375,88320
955,116.722,0.984375,88320
956,116.72,0.984375,88298
957,116.718,0.984375,88300
958,116.717,0.984375,88322
959,116.715,0.984375,88298
960,116.713,0.984375,88300
961,116.712,0.984375,88298
962,116.71,0.984375,88324
963,116.709,0.984375,88323
964,116.707,0.984375,88320
965,116.705,0.984375,88298
966,116.704,0.984375,88323
967,116.702,0.984375,88317
968,116.701,0.984375,88298
969,116.699,0.984375,88299
970,116.698,0.984375,88800
971,116.696,0.984375,88299
972,116.694,0.984375,88799
973,116.693,0.984375,88299
974,116.691,0.984375,88801
975,116.69,0.984375,88299
976,116.688,0.984375,87798
977,116.687,0.984375,88299
978,116.685,0.984375,88299
979,116.684,0.984375,88299
980,116.683,0.984375,88821
981,116.681,0.984375,88801
982,116.68,0.984375,88801
983,116.678,0.984375,88801
984,116.677,0.984375,88321
985,116.675,0.984375,88299
986,116.674,0.984375,88300
987,116.673,0.984375,88321
988,116.671,0.984375,88299
989,116.67,0.984375,88298
990,116.668,0.984375,88300
991,116.667,0.984375,88446
992,116.666,0.984375,88320
993,116.664,0.984375,88799
994,116.663,0.984375,88321
995,116.662,0.984375,88299
996,116.66,0.984375,88300
997,116.659,0.984375,88297
998,116.658,0.984375,88298
999,116.656,0.984375,88297
Done! Press enter to close the program.
