Normalizing data...
Randomizing order of the data...
Creating Neural Network (21, 13, 4)
Current weights set to:
-0.0007416, -0.0750786, 0.00362255, 0.0745659, 0.0182714, -0.01536, -0.00823084, 0.0554735, 0.0976501, -0.0944395, 0.0756767, 0.0922544, 0.036314, -0.000796533, 0.0959166, 0.0378399, 0.0513169, -0.0131993, 0.0716483, -0.01395, -0.0926023, -0.0644765, 0.0171178, -0.0530259, -0.0842036, -0.0128269, -0.0195349, 0.0556139, -0.0666372, 0.0857479, 0.0860164, -0.0301004, -0.00664998, 0.0100986, 0.0613819, 0.0145604, 0.0990905, -0.0821039, 0.0305277, -0.0732475, 0.0118137, -0.0928282, 0.0541429, -0.0399396, -0.0361309, 0.00170598, -0.00148625, 0.00284127, -0.0714408, 0.0664541, 0.0141514, 0.0673208, -0.0221229, 0.0593554, 0.00545366, 0.00564898, -0.0406049, -0.0743095, -0.0273843, 0.00912809, 0.0235206, -0.0587268, 0.00707114, -0.0530931, 0.032432, 0.0106967, 0.0217017, -0.0996094, -0.0181494, -0.0730644, -0.00298166, -0.0504135, 0.0670278, 0.0985412, 0.0246864, -0.0323405, -0.0759941, -0.0493942, -0.0705069, 0.0799493, 0.0776849, -0.0941221, -0.0488632, -0.0563341, -0.0724174, -0.04785, 0.0669607, -0.0954344, -0.097058, -0.097766, 0.0370403, -0.0131626, -0.0819452, -0.047203, -0.0472701, -0.0276223, -0.0406842, 0.0482528, -0.0300211, -0.0741447, -0.0648244, 0.0559496, 0.00867641, 0.0216773, 0.0201697, 0.0590014, 0.0992676, 0.0291665, 0.0243934, -0.0270913, -0.042143, -0.087817, 0.0196142, -0.00774865, 0.0711295, 0.0995117, -0.0467574, 0.0737297, 0.0721976, 0.0820734, 0.0814631, -0.0382366, 0.0888302, 0.0934751, -0.0472335, -0.0370586, 0.0451094, -0.0700491, -0.0269082, -0.0244606, -0.00213324, 0.0660024, 0.0839106, -0.0196387, 0.0891903, -0.0780206, -0.0156224, 0.0991577, -0.00390332, 0.0399335, 0.0289407, 0.0268654, 0.0588488, 0.0238258, 0.0315653, -0.0560289, -0.0311075, 0.00052797, -0.0921751, -0.0848445, -0.00203558, 0.0577258, -0.0137913, 0.0805048, 0.049321, 0.0150243, -0.0803095, 0.0455855, -0.0874264, -0.0154759, 0.029075, -0.0233924, 0.00327464, 0.0771294, 0.0091586, 0.00687582, -0.0315165, -0.0893063, 0.0290384, 0.0608448, 0.0396466, 0.076574, -0.0421857, -0.0980346, -0.0860591, 0.0203711, -0.053032, -0.0893002, 0.0454695, 0.093646, -0.0994263, -0.00125431, -0.0726737, 0.032371, 0.0646962, -0.0340861, 0.0460982, 0.0187231, 0.0671255, -0.0941588, 0.0897519, -0.0177587, 0.0388409, -0.0332743, 0.0903439, 0.0967772, -0.0517258, 0.0734367, 0.0827448, -0.0707083, -0.0202185, -0.0828364, -0.0393841, -0.0030549, 0.0874386, 0.0189795, -0.0890927, -0.0113987, -0.0444624, -0.0266518, -0.091876, 0.00703452, 0.0969665, 0.0780633, 0.0495895, 0.0880856, -0.0793329, 0.056737, 0.0130039, -0.0469466, 0.0996033, 0.080108, 0.0175024, 0.0504929, 0.0702017, -0.00756554, -0.0305338, 0.0437605, -0.00513627, -0.050792, -0.0256081, 0.000460829, 0.0184973, -0.0275307, 0.0959777, 0.0401715, -0.0495346, 0.0299051, -0.0562731, 0.0965392, 0.0032075, -0.0559374, -0.0296121, -0.0498825, -0.081286, -0.0620838, 0.0603076, -0.0118015, -0.0858455, -0.0770806, 0.0901303, 0.0477584, -0.0220862, -0.0640065, 0.0429487, -0.00207831, -0.0527696, 0.0315165, -0.0426923, 0.0181127, 0.0987793, 0.0346599, 0.0921323, 0.0281655, 0.0833186, 0.0623524, -0.011063, 0.026603, -0.0641774, 0.0179846, 0.0126499, -0.00657064, -0.00781579, -0.0337382, 0.0520371, -0.0864315, 0.0438154, -0.00561846, -0.0387127, -0.0227088, -0.0385907, 0.0657094, 0.0237953, -0.0861812, -0.0808954, 0.072393, 0.0194617, -0.0855831, 0.0502609, -0.00699789, -0.0232337, -0.0988586, 0.0661184, -0.0385357, -0.00913419, -0.0023957, 0.068627, -0.0463546, -0.0110324, -0.042143, 0.0886776, 0.0977233, 0.0241615, 0.0098117, -0.0190893, -0.0853999, -0.0209143, 0.0693167, 0.00648518, 0.094763, 0.0605884, -0.0188086, -0.0650685, -0.0824519, -0.0333903, -0.0565233, -0.00353099, -0.0805841, -0.093347, -0.0288736, -0.0841426, -0.0828303, -0.0430158, -0.0446028, -0.0407636, -0.00743736, -0.0681997, -0.0247658, 0.0250649, -0.0555345, 0.0517747, 0.0167882, -0.0895627, 0.0148778, -0.0089877, -0.0425581, -0.0159154, -0.00500809, -0.0161779, -0.0294717, -0.00279244, -0.0823786, -0.027488, 0.00698569, 0.0634999, 0.0421735, 0.0774041, -0.0897885, -0.0604541, -0.0615528, -0.0295877, 0.0204382, 0.036845, -0.0244362, 0.0333659, 0.0246803, 0.0967467, 0.0221473, 0.0823603, -0.0912351, -0.040495, 0.0641469, -0.06068,


Starting training using BP on Car Evaluation Set
Press enter to start the training.

0,770.628,0.700231,88799
1,721.232,0.700231,88817
2,612.03,0.700231,88800
3,499.473,0.768519,88299
4,439.489,0.841435,88298
5,409.721,0.856481,88799
6,392.815,0.864583,88802
7,381.867,0.868056,89325
8,374.022,0.868056,88819
9,367.965,0.869213,89802
10,363.024,0.871528,88298
11,358.814,0.872106,88300
12,355.092,0.873264,88801
13,351.691,0.873843,88799
14,348.488,0.873843,88800
15,345.386,0.873843,88323
16,342.31,0.873843,88408
17,339.198,0.873843,88316
18,336.001,0.873843,88801
19,332.68,0.874421,88298
20,329.198,0.874421,88798
21,325.518,0.875,88800
22,321.605,0.874421,89803
23,317.426,0.873843,88801
24,312.955,0.874421,88055
25,308.185,0.876157,88315
26,303.13,0.877315,88297
27,297.829,0.877894,88825
28,292.345,0.882523,88825
29,286.762,0.886574,88298
30,281.172,0.888889,88830
31,275.669,0.891782,88801
32,270.338,0.895255,88296
33,265.245,0.896412,88298
34,260.435,0.899884,88298
35,255.932,0.901042,88799
36,251.744,0.90162,88821
37,247.863,0.902778,88299
38,244.271,0.903356,88316
39,240.945,0.905093,88298
40,237.859,0.906829,88298
41,234.983,0.906829,89300
42,232.289,0.906829,88802
43,229.748,0.907986,88800
44,227.335,0.909144,88799
45,225.022,0.912037,88325
46,222.789,0.914352,88298
47,220.613,0.914931,88298
48,218.478,0.917245,88298
49,216.37,0.917824,89303
50,214.281,0.91956,93816
51,212.204,0.921875,88800
52,210.138,0.921296,88816
53,208.087,0.921875,89904
54,206.057,0.92419,88799
55,204.056,0.924769,88801
56,202.092,0.925926,88298
57,200.174,0.927083,88297
58,198.31,0.929398,88799
59,196.503,0.928819,88317
60,194.757,0.929977,89803
61,193.073,0.931713,88297
62,191.451,0.931713,88800
63,189.89,0.93287,88298
64,188.386,0.933449,88799
65,186.937,0.936343,88298
66,185.54,0.936921,88300
67,184.193,0.936343,88297
68,182.892,0.938657,88298
69,181.635,0.938657,88298
70,180.42,0.938657,88319
71,179.244,0.939236,88300
72,178.105,0.939815,88296
73,177.002,0.939815,88818
74,175.932,0.940972,88298
75,174.895,0.940972,88297
76,173.888,0.94213,88298
77,172.912,0.942708,88346
78,171.964,0.944444,88299
79,171.044,0.945023,88317
80,170.151,0.945023,88801
81,169.284,0.945023,88298
82,168.442,0.946759,88799
83,167.625,0.946759,88297
84,166.831,0.947917,88298
85,166.061,0.947917,88300
86,165.314,0.948495,88318
87,164.588,0.949074,88298
88,163.884,0.950231,88799
89,163.201,0.950231,88298
90,162.538,0.951389,88344
91,161.894,0.951389,88317
92,161.27,0.951389,88297
93,160.664,0.951389,88800
94,160.076,0.951389,88325
95,159.505,0.952546,88321
96,158.951,0.953704,88298
97,158.414,0.954282,88298
98,157.892,0.954861,88297
99,157.385,0.954861,88296
100,156.893,0.954861,88298
101,156.414,0.956019,88323
102,155.95,0.956019,88338
103,155.498,0.956019,88801
104,155.059,0.956019,88802
105,154.632,0.956019,88297
106,154.216,0.957176,88298
107,153.811,0.957755,88298
108,153.417,0.957755,88298
109,153.034,0.957755,88299
110,152.659,0.958912,88800
111,152.295,0.958912,88299
112,151.939,0.958912,88297
113,151.592,0.958912,88298
114,151.253,0.960069,88800
115,150.921,0.960069,88800
116,150.597,0.961806,88296
117,150.281,0.962384,88298
118,149.971,0.962384,88298
119,149.667,0.962384,88801
120,149.37,0.962963,88324
121,149.079,0.962963,88298
122,148.793,0.962963,88298
123,148.513,0.962963,88802
124,148.237,0.962963,88298
125,147.967,0.962963,88297
126,147.701,0.962963,88297
127,147.439,0.962963,88320
128,147.182,0.962963,88297
129,146.928,0.963542,88299
130,146.678,0.963542,88298
131,146.432,0.964699,88298
132,146.189,0.965278,88298
133,145.949,0.965278,88801
134,145.711,0.965856,88298
135,145.477,0.966435,88319
136,145.245,0.966435,88319
137,145.015,0.967014,88298
138,144.788,0.967014,88212
139,144.563,0.967014,88299
140,144.339,0.967014,88298
141,144.118,0.967593,88800
142,143.897,0.967593,88320
143,143.679,0.967593,88801
144,143.462,0.967593,88800
145,143.246,0.967593,88343
146,143.031,0.967593,88299
147,142.817,0.967593,88332
148,142.604,0.967593,88799
149,142.392,0.967593,88298
150,142.181,0.967593,88298
151,141.971,0.967593,88820
152,141.761,0.967593,88322
153,141.552,0.967593,88298
154,141.343,0.967593,88313
155,141.134,0.967593,88299
156,140.927,0.967593,88298
157,140.719,0.967593,88800
158,140.512,0.967593,88300
159,140.306,0.967593,88801
160,140.1,0.967593,88298
161,139.894,0.967593,88297
162,139.689,0.967593,88298
163,139.485,0.967593,88298
164,139.28,0.967593,88799
165,139.077,0.968171,88819
166,138.874,0.968171,88298
167,138.672,0.968171,88404
168,138.471,0.968171,88298
169,138.27,0.968171,88297
170,138.071,0.968171,88298
171,137.873,0.968171,88297
172,137.675,0.96875,88298
173,137.479,0.96875,88298
174,137.284,0.96875,88298
175,137.09,0.96875,88297
176,136.898,0.96875,88298
177,136.708,0.96875,88297
178,136.519,0.96875,88321
179,136.332,0.96875,88298
180,136.146,0.969329,88297
181,135.962,0.969907,88299
182,135.781,0.970486,88298
183,135.601,0.970486,88801
184,135.423,0.970486,88324
185,135.248,0.970486,88299
186,135.074,0.970486,88105
187,134.903,0.970486,88299
188,134.734,0.970486,87820
189,134.567,0.971644,88299
190,134.403,0.971644,88300
191,134.241,0.971644,88319
192,134.082,0.971644,88318
193,133.924,0.971644,88298
194,133.77,0.972222,88800
195,133.618,0.972222,88299
196,133.468,0.972222,88298
197,133.321,0.972801,88801
198,133.176,0.972801,88297
199,133.034,0.972801,88324
200,132.894,0.97338,88800
201,132.757,0.97338,88818
202,132.622,0.97338,88298
203,132.489,0.97338,88298
204,132.359,0.97338,88300
205,132.232,0.97338,88298
206,132.107,0.97338,88336
207,131.984,0.97338,88298
208,131.864,0.97338,88298
209,131.745,0.97338,88319
210,131.63,0.97338,88298
211,131.516,0.97338,88298
212,131.405,0.97338,88317
213,131.296,0.97338,88298
214,131.189,0.97338,87820
215,131.084,0.973958,88299
216,130.982,0.973958,88298
217,130.882,0.974537,88800
218,130.783,0.974537,88300
219,130.687,0.974537,88801
220,130.592,0.975116,88298
221,130.5,0.975116,88299
222,130.41,0.975116,88300
223,130.321,0.975116,88297
224,130.234,0.975116,88299
225,130.149,0.975116,88297
226,130.066,0.975116,88298
227,129.985,0.975116,88298
228,129.905,0.975116,88298
229,129.827,0.975116,88300
230,129.751,0.975116,88800
231,129.676,0.975116,88322
232,129.603,0.975116,88297
233,129.532,0.975116,88297
234,129.462,0.975116,88298
235,129.393,0.975116,88298
236,129.326,0.975116,88319
237,129.261,0.975116,88320
238,129.196,0.975116,88299
239,129.133,0.975116,88317
240,129.072,0.975116,87880
241,129.011,0.975116,88345
242,128.952,0.975116,88800
243,128.895,0.975116,88298
244,128.838,0.975116,88298
245,128.783,0.975116,88298
246,128.728,0.975116,88298
247,128.675,0.975116,88321
248,128.623,0.975116,88314
249,128.572,0.975116,88341
250,128.523,0.975116,88298
251,128.474,0.975116,88298
252,128.426,0.975116,88801
253,128.379,0.975116,88298
254,128.333,0.975116,88297
255,128.288,0.975116,88297
256,128.244,0.975116,88684
257,128.201,0.975116,88298
258,128.159,0.975116,88347
259,128.117,0.975116,88799
260,128.077,0.975116,88298
261,128.037,0.975116,88297
262,127.998,0.975116,88214
263,127.96,0.975116,88800
264,127.922,0.975116,88317
265,127.886,0.975116,88800
266,127.85,0.975116,88300
267,127.814,0.975116,88298
268,127.78,0.975116,88300
269,127.746,0.975116,88296
270,127.712,0.975116,88300
271,127.68,0.975694,88298
272,127.648,0.975694,88799
273,127.616,0.975694,88799
274,127.585,0.975694,88298
275,127.555,0.975694,88300
276,127.525,0.976273,88800
277,127.496,0.976273,88319
278,127.468,0.976273,88321
279,127.439,0.976273,88298
280,127.412,0.976273,88298
281,127.385,0.976273,88799
282,127.358,0.976273,88802
283,127.332,0.976273,88296
284,127.306,0.976273,88801
285,127.281,0.976273,88298
286,127.256,0.976273,88298
287,127.232,0.976273,88825
288,127.208,0.976273,88801
289,127.185,0.976273,88801
290,127.162,0.976273,88298
291,127.139,0.976273,88392
292,127.116,0.976273,88299
293,127.095,0.976273,88299
294,127.073,0.976273,88299
295,127.052,0.976273,88297
296,127.031,0.976273,88299
297,127.01,0.976273,88315
298,126.99,0.976273,88361
299,126.97,0.976273,88325
300,126.951,0.976273,88298
301,126.931,0.976273,88300
302,126.912,0.976273,88360
303,126.894,0.976273,88297
304,126.875,0.976273,88299
305,126.857,0.976273,88297
306,126.839,0.976273,88299
307,126.822,0.976273,88802
308,126.805,0.976273,88298
309,126.788,0.976273,88299
310,126.771,0.976273,88321
311,126.754,0.976273,88137
312,126.738,0.976273,88801
313,126.722,0.976273,88300
314,126.706,0.976273,88314
315,126.69,0.976273,88299
316,126.675,0.976273,88297
317,126.66,0.976273,88298
318,126.645,0.976273,88299
319,126.63,0.976273,88317
320,126.615,0.976273,88828
321,126.601,0.976273,88300
322,126.587,0.976273,88298
323,126.573,0.976273,88298
324,126.559,0.976273,88298
325,126.545,0.976273,88318
326,126.531,0.976273,88299
327,126.518,0.976273,88298
328,126.505,0.976273,87795
329,126.492,0.976273,88322
330,126.479,0.976273,88298
331,126.466,0.976273,88298
332,126.453,0.976273,88802
333,126.441,0.976273,88298
334,126.429,0.976273,88298
335,126.416,0.976273,88297
336,126.404,0.976273,88320
337,126.392,0.976273,88297
338,126.381,0.976273,88800
339,126.369,0.976273,88299
340,126.357,0.976273,88297
341,126.346,0.976273,88298
342,126.334,0.976273,88299
343,126.323,0.976273,88298
344,126.312,0.976273,88312
345,126.301,0.976273,88800
346,126.29,0.976273,88799
347,126.279,0.976273,88298
348,126.268,0.976273,88296
349,126.257,0.976273,88297
350,126.247,0.976273,88420
351,126.236,0.976273,88297
352,126.226,0.976273,88801
353,126.216,0.976273,88298
354,126.205,0.976273,88321
355,126.195,0.976273,88299
356,126.185,0.976273,88298
357,126.175,0.976273,88320
358,126.165,0.976273,88299
359,126.155,0.976273,88183
360,126.145,0.976273,88316
361,126.135,0.976273,88326
362,126.125,0.976273,88298
363,126.116,0.976273,88297
364,126.106,0.976273,88298
365,126.096,0.976273,88297
366,126.087,0.976273,88298
367,126.077,0.976273,88322
368,126.068,0.976273,88297
369,126.058,0.976273,88323
370,126.049,0.976273,88319
371,126.04,0.976273,88298
372,126.03,0.976273,88300
373,126.021,0.976273,88801
374,126.012,0.976273,88827
375,126.003,0.976273,88298
376,125.994,0.976273,88325
377,125.985,0.976273,88298
378,125.975,0.976273,88347
379,125.966,0.976273,88298
380,125.957,0.976273,88298
381,125.948,0.976273,88297
382,125.939,0.976273,88801
383,125.93,0.976273,88322
384,125.921,0.976273,88297
385,125.913,0.976273,88318
386,125.904,0.976273,88298
387,125.895,0.976273,88299
388,125.886,0.976273,88299
389,125.877,0.976273,88801
390,125.868,0.976273,88299
391,125.859,0.976273,88326
392,125.851,0.976273,88801
393,125.842,0.976273,88799
394,125.833,0.976273,88318
395,125.824,0.976273,88298
396,125.816,0.976273,88298
397,125.807,0.976273,88298
398,125.798,0.976273,88300
399,125.789,0.976273,88801
400,125.781,0.976273,88298
401,125.772,0.976273,88320
402,125.763,0.976273,88298
403,125.754,0.976273,88298
404,125.746,0.976273,88298
405,125.737,0.976273,88298
406,125.728,0.976273,88300
407,125.72,0.976273,88298
408,125.711,0.976273,88296
409,125.702,0.976273,88298
410,125.693,0.976273,88800
411,125.685,0.976273,88300
412,125.676,0.976273,88312
413,125.667,0.976273,88326
414,125.658,0.976273,88298
415,125.65,0.976273,88297
416,125.641,0.976273,88298
417,125.632,0.976273,87849
418,125.623,0.976273,88346
419,125.615,0.976273,88801
420,125.606,0.975694,88652
421,125.597,0.975694,88297
422,125.588,0.975694,88298
423,125.579,0.975694,88297
424,125.571,0.975694,88298
425,125.562,0.975694,88298
426,125.553,0.975694,88297
427,125.544,0.975694,88298
428,125.535,0.975694,88317
429,125.526,0.975694,88298
430,125.518,0.975694,88298
431,125.509,0.975694,88298
432,125.5,0.975694,88299
433,125.491,0.975694,88317
434,125.482,0.975694,88298
435,125.473,0.975694,88327
436,125.464,0.975694,88299
437,125.455,0.975694,88300
438,125.446,0.975694,88847
439,125.437,0.975694,88297
440,125.428,0.975694,88300
441,125.419,0.975694,88322
442,125.41,0.975694,88299
443,125.401,0.975694,88364
444,125.392,0.975694,88324
445,125.383,0.975694,88296
446,125.374,0.975694,88298
447,125.365,0.975694,88298
448,125.356,0.975694,88297
449,125.347,0.975694,88298
450,125.338,0.975694,88298
451,125.328,0.975694,88297
452,125.319,0.975694,88298
453,125.31,0.975694,88300
454,125.301,0.975694,88334
455,125.292,0.975694,88801
456,125.282,0.975694,88298
457,125.273,0.975694,88325
458,125.264,0.976273,88300
459,125.255,0.976273,88801
460,125.246,0.976273,88800
461,125.236,0.976273,88300
462,125.227,0.976273,88298
463,125.218,0.976273,88298
464,125.208,0.976273,88299
465,125.199,0.976273,88799
466,125.19,0.976273,88801
467,125.18,0.976273,88300
468,125.171,0.976273,88316
469,125.162,0.976852,88298
470,125.152,0.976852,88298
471,125.143,0.976852,88800
472,125.133,0.976852,88298
473,125.124,0.976852,88801
474,125.115,0.976852,88326
475,125.105,0.976852,88297
476,125.096,0.976852,88298
477,125.086,0.976852,88319
478,125.077,0.976852,88297
479,125.067,0.976852,88801
480,125.058,0.976852,88298
481,125.048,0.976852,88322
482,125.039,0.976852,88318
483,125.029,0.976852,88297
484,125.02,0.976852,88323
485,125.01,0.976852,88298
486,125,0.976852,88298
487,124.991,0.976852,88297
488,124.981,0.976852,88298
489,124.972,0.976852,88299
490,124.962,0.976852,88801
491,124.953,0.976852,88299
492,124.943,0.976852,88299
493,124.933,0.976852,88298
494,124.924,0.976852,88299
495,124.914,0.976852,88299
496,124.904,0.976852,88299
497,124.895,0.976852,88326
498,124.885,0.976852,88300
499,124.875,0.976852,88827
500,124.866,0.976852,88297
501,124.856,0.976852,88298
502,124.846,0.976852,88298
503,124.837,0.976852,88297
504,124.827,0.976852,88316
505,124.817,0.976852,88800
506,124.807,0.976852,88823
507,124.798,0.976852,88298
508,124.788,0.976852,88321
509,124.778,0.976852,88297
510,124.769,0.976852,88298
511,124.759,0.976852,88821
512,124.749,0.976852,88799
513,124.739,0.976852,88313
514,124.73,0.976852,88299
515,124.72,0.976852,88298
516,124.71,0.976852,88298
517,124.7,0.976852,88298
518,124.69,0.976852,88801
519,124.681,0.976852,88298
520,124.671,0.976852,88319
521,124.661,0.976852,88298
522,124.651,0.976852,88323
523,124.641,0.976852,88298
524,124.632,0.976852,88297
525,124.622,0.976852,88800
526,124.612,0.976852,88298
527,124.602,0.976852,88299
528,124.592,0.976852,88799
529,124.583,0.976852,88298
530,124.573,0.976852,88298
531,124.563,0.976852,88346
532,124.553,0.976852,88298
533,124.543,0.976852,88296
534,124.533,0.976852,88297
535,124.524,0.976852,88299
536,124.514,0.976852,88298
537,124.504,0.976852,88318
538,124.494,0.976852,88297
539,124.484,0.976852,88298
540,124.474,0.976852,88801
541,124.465,0.976852,88299
542,124.455,0.976852,88297
543,124.445,0.976852,88298
544,124.435,0.976852,88298
545,124.425,0.976852,88799
546,124.415,0.976852,88298
547,124.406,0.976852,88320
548,124.396,0.976852,88298
549,124.386,0.976852,88341
550,124.376,0.976852,88298
551,124.366,0.976852,88326
552,124.356,0.976852,88297
553,124.346,0.976852,88298
554,124.337,0.976852,88298
555,124.327,0.976852,88799
556,124.317,0.976852,88323
557,124.307,0.976852,88298
558,124.297,0.976852,88336
559,124.287,0.976852,88801
560,124.277,0.976852,88298
561,124.268,0.976852,88298
562,124.258,0.976852,88298
563,124.248,0.976852,88801
564,124.238,0.976852,88297
565,124.228,0.976852,88298
566,124.218,0.976852,88297
567,124.209,0.976852,88299
568,124.199,0.976852,88299
569,124.189,0.976852,88299
570,124.179,0.976852,88298
571,124.169,0.976852,88300
572,124.159,0.976852,88297
573,124.15,0.976852,88298
574,124.14,0.976852,88325
575,124.13,0.976852,88297
576,124.12,0.976852,88299
577,124.11,0.976852,88297
578,124.1,0.976852,88300
579,124.091,0.976852,88298
580,124.081,0.976852,88297
581,124.071,0.976852,88799
582,124.061,0.976852,88298
583,124.051,0.976852,87796
584,124.042,0.976852,88321
585,124.032,0.976852,88801
586,124.022,0.976852,88296
587,124.012,0.976852,88297
588,124.002,0.976852,88326
589,123.992,0.976852,88297
590,123.983,0.976852,88323
591,123.973,0.976852,88299
592,123.963,0.976852,88800
593,123.953,0.976852,88349
594,123.944,0.976852,88802
595,123.934,0.976852,88800
596,123.924,0.977431,88298
597,123.914,0.977431,88298
598,123.904,0.977431,88298
599,123.895,0.977431,88299
600,123.885,0.977431,88299
601,123.875,0.977431,88299
602,123.865,0.977431,88411
603,123.855,0.977431,88801
604,123.846,0.977431,88801
605,123.836,0.977431,88802
606,123.826,0.977431,88298
607,123.816,0.977431,88316
608,123.807,0.977431,88801
609,123.797,0.977431,88314
610,123.787,0.977431,88296
611,123.777,0.977431,88336
612,123.768,0.977431,88298
613,123.758,0.977431,88299
614,123.748,0.977431,88296
615,123.738,0.977431,88800
616,123.729,0.977431,88317
617,123.719,0.977431,88799
618,123.709,0.977431,88799
619,123.699,0.977431,88801
620,123.69,0.977431,88818
621,123.68,0.977431,88298
622,123.67,0.977431,88298
623,123.66,0.977431,88298
624,123.651,0.977431,88801
625,123.641,0.977431,88801
626,123.631,0.977431,88800
627,123.621,0.977431,88315
628,123.612,0.977431,88799
629,123.602,0.977431,88316
630,123.592,0.977431,88298
631,123.582,0.977431,88298
632,123.573,0.977431,88298
633,123.563,0.977431,88318
634,123.553,0.977431,88296
635,123.543,0.977431,88297
636,123.534,0.977431,88297
637,123.524,0.977431,88298
638,123.514,0.977431,88299
639,123.504,0.977431,87796
640,123.495,0.977431,88353
641,123.485,0.977431,88801
642,123.475,0.977431,88333
643,123.466,0.977431,88298
644,123.456,0.977431,88298
645,123.446,0.977431,88299
646,123.436,0.977431,88300
647,123.427,0.977431,88801
648,123.417,0.977431,88299
649,123.407,0.977431,88298
650,123.397,0.977431,88298
651,123.388,0.977431,88298
652,123.378,0.977431,88320
653,123.368,0.977431,88297
654,123.358,0.977431,88298
655,123.349,0.977431,88298
656,123.339,0.977431,88801
657,123.329,0.977431,88320
658,123.32,0.977431,88299
659,123.31,0.977431,88320
660,123.3,0.977431,88298
661,123.29,0.977431,88373
662,123.281,0.977431,88298
663,123.271,0.977431,88297
664,123.261,0.977431,88800
665,123.251,0.977431,88299
666,123.242,0.977431,88801
667,123.232,0.977431,88801
668,123.222,0.977431,88802
669,123.212,0.977431,88799
670,123.203,0.977431,88299
671,123.193,0.977431,88799
672,123.183,0.977431,88365
673,123.173,0.977431,88800
674,123.164,0.977431,88297
675,123.154,0.977431,88300
676,123.144,0.977431,88799
677,123.134,0.977431,88800
678,123.125,0.977431,88297
679,123.115,0.977431,88801
680,123.105,0.977431,88298
681,123.095,0.977431,88800
682,123.086,0.977431,88802
683,123.076,0.977431,88298
684,123.066,0.977431,88800
685,123.056,0.977431,88298
686,123.047,0.977431,88802
687,123.037,0.977431,88297
688,123.027,0.977431,88822
689,123.017,0.977431,88297
690,123.007,0.977431,88296
691,122.998,0.977431,88799
692,122.988,0.977431,88297
693,122.978,0.977431,88297
694,122.968,0.977431,88800
695,122.959,0.977431,88323
696,122.949,0.977431,88799
697,122.939,0.977431,88801
698,122.929,0.977431,88802
699,122.92,0.977431,88297
700,122.91,0.977431,88319
701,122.9,0.977431,88323
702,122.89,0.977431,88325
703,122.88,0.977431,88827
704,122.871,0.977431,88801
705,122.861,0.977431,88799
706,122.851,0.977431,88297
707,122.841,0.977431,88323
708,122.832,0.977431,88326
709,122.822,0.977431,88297
710,122.812,0.977431,88298
711,122.802,0.977431,88299
712,122.792,0.977431,88298
713,122.783,0.977431,88298
714,122.773,0.977431,88298
715,122.763,0.977431,88297
716,122.753,0.977431,88298
717,122.744,0.977431,88298
718,122.734,0.977431,88801
719,122.724,0.977431,88297
720,122.714,0.977431,88824
721,122.704,0.977431,88800
722,122.695,0.978009,88327
723,122.685,0.978009,88802
724,122.675,0.978009,88300
725,122.665,0.978009,88299
726,122.656,0.978009,88316
727,122.646,0.978009,88298
728,122.636,0.978009,88298
729,122.626,0.978009,88298
730,122.617,0.978009,88297
731,122.607,0.978009,88799
732,122.597,0.978009,88298
733,122.587,0.978009,88298
734,122.578,0.978009,88298
735,122.568,0.978009,88298
736,122.558,0.978009,88298
737,122.548,0.978009,88298
738,122.539,0.978009,88316
739,122.529,0.978009,88297
740,122.519,0.978009,88298
741,122.509,0.978009,88297
742,122.5,0.978009,88298
743,122.49,0.978009,88297
744,122.48,0.978009,88297
745,122.47,0.978009,88298
746,122.461,0.978009,88298
747,122.451,0.978009,88299
748,122.441,0.978009,88298
749,122.432,0.978009,88298
750,122.422,0.978009,88386
751,122.412,0.978009,88297
752,122.403,0.978009,88298
753,122.393,0.978009,88300
754,122.383,0.978009,88298
755,122.373,0.978009,88298
756,122.364,0.978009,88298
757,122.354,0.978009,88801
758,122.344,0.979167,88298
759,122.335,0.979167,88097
760,122.325,0.979167,88298
761,122.315,0.979167,88799
762,122.306,0.979167,88319
763,122.296,0.979167,88299
764,122.286,0.979167,88298
765,122.277,0.979167,88298
766,122.267,0.979167,88317
767,122.258,0.979167,88299
768,122.248,0.979167,88300
769,122.238,0.979167,88300
770,122.229,0.979167,88299
771,122.219,0.979167,88298
772,122.209,0.979167,88298
773,122.2,0.979167,88299
774,122.19,0.979167,88799
775,122.181,0.979167,88801
776,122.171,0.979167,88299
777,122.161,0.979167,88298
778,122.152,0.979167,88802
779,122.142,0.979167,88298
780,122.133,0.979167,88800
781,122.123,0.979167,88300
782,122.113,0.979167,88341
783,122.104,0.979167,88297
784,122.094,0.979167,88298
785,122.085,0.979167,88321
786,122.075,0.979167,88803
787,122.066,0.979167,88297
788,122.056,0.979167,88298
789,122.046,0.979167,88801
790,122.037,0.979167,88799
791,122.027,0.979167,88298
792,122.018,0.979167,88322
793,122.008,0.979167,88800
794,121.999,0.979167,88800
795,121.989,0.979167,88297
796,121.979,0.979167,88297
797,121.97,0.979167,88322
798,121.96,0.979167,88298
799,121.951,0.979167,88298
800,121.941,0.979167,88298
801,121.931,0.979167,88297
802,121.922,0.979167,88298
803,121.912,0.979167,88801
804,121.903,0.979167,88834
805,121.893,0.979167,88299
806,121.883,0.979167,88310
807,121.874,0.979167,88670
808,121.864,0.979167,88323
809,121.855,0.979167,88298
810,121.845,0.979167,88320
811,121.835,0.979167,88299
812,121.826,0.979167,88297
813,121.816,0.979745,88297
814,121.806,0.979745,88298
815,121.796,0.979745,88298
816,121.787,0.979745,88298
817,121.777,0.979745,88193
818,121.767,0.979745,88297
819,121.758,0.979745,88298
820,121.748,0.979745,88298
821,121.738,0.979745,88298
822,121.728,0.979745,88300
823,121.718,0.979745,88298
824,121.708,0.979745,88299
825,121.698,0.979745,88800
826,121.689,0.979745,88321
827,121.679,0.979745,88326
828,121.669,0.979745,88298
829,121.659,0.979745,88298
830,121.649,0.979745,88296
831,121.639,0.979745,88298
832,121.628,0.979745,88298
833,121.618,0.979745,88300
834,121.608,0.979745,88851
835,121.598,0.979745,88298
836,121.588,0.979745,88300
837,121.577,0.979745,88800
838,121.567,0.979745,88299
839,121.557,0.979745,88298
840,121.546,0.979745,88297
841,121.536,0.979745,88802
842,121.525,0.979745,88298
843,121.515,0.979745,88297
844,121.504,0.979745,88801
845,121.493,0.979745,88800
846,121.483,0.979745,88298
847,121.472,0.979745,88799
848,121.461,0.979745,88297
849,121.45,0.979745,88799
850,121.439,0.979745,88297
851,121.428,0.979745,88298
852,121.417,0.979745,88296
853,121.406,0.979745,88334
854,121.394,0.979745,88800
855,121.383,0.979745,88317
856,121.372,0.979745,88298
857,121.36,0.979745,88823
858,121.348,0.979745,88297
859,121.337,0.979745,88299
860,121.325,0.979745,88332
861,121.313,0.979745,88297
862,121.301,0.979745,88299
863,121.289,0.979745,88802
864,121.277,0.979745,88298
865,121.264,0.979745,88801
866,121.252,0.979745,88298
867,121.239,0.979745,88406
868,121.227,0.979167,88798
869,121.214,0.979167,88298
870,121.201,0.979167,88316
871,121.188,0.979167,88299
872,121.175,0.979167,88297
873,121.161,0.979167,88300
874,121.148,0.979167,88298
875,121.134,0.979167,88298
876,121.121,0.979167,88317
877,121.107,0.979167,88343
878,121.093,0.979167,88298
879,121.079,0.979167,88300
880,121.064,0.979167,88297
881,121.05,0.979167,88801
882,121.035,0.979167,88298
883,121.02,0.979167,88296
884,121.005,0.979167,88297
885,120.99,0.979167,88300
886,120.974,0.979167,88799
887,120.959,0.979167,88802
888,120.943,0.979167,88801
889,120.927,0.979167,88800
890,120.911,0.979167,88297
891,120.895,0.979167,88817
892,120.878,0.979167,88298
893,120.861,0.979167,88298
894,120.844,0.979167,88297
895,120.827,0.979167,88800
896,120.809,0.979167,88298
897,120.792,0.979167,88298
898,120.774,0.979167,88300
899,120.756,0.979167,89300
900,120.737,0.979167,88297
901,120.719,0.979167,88315
902,120.7,0.979167,88317
903,120.681,0.979167,88297
904,120.661,0.979167,88799
905,120.642,0.979167,88298
906,120.622,0.979167,88298
907,120.601,0.979167,88297
908,120.581,0.979745,88801
909,120.56,0.979745,88298
910,120.539,0.979745,88298
911,120.518,0.979745,88299
912,120.496,0.979745,88298
913,120.474,0.979745,88318
914,120.452,0.979745,88299
915,120.43,0.979745,88297
916,120.407,0.979745,88801
917,120.384,0.979745,88200
918,120.36,0.980324,88801
919,120.337,0.980324,88569
920,120.313,0.980324,88298
921,120.288,0.980324,88298
922,120.264,0.980324,88801
923,120.239,0.980324,88298
924,120.213,0.980324,88298
925,120.188,0.980324,88801
926,120.162,0.980324,88298
927,120.135,0.980324,88298
928,120.109,0.980324,88820
929,120.082,0.980324,88298
930,120.054,0.980324,88798
931,120.026,0.980324,88801
932,119.998,0.980324,88801
933,119.97,0.980324,88299
934,119.941,0.980324,88318
935,119.912,0.980324,88801
936,119.883,0.980324,88298
937,119.853,0.980324,88316
938,119.823,0.980903,88298
939,119.792,0.980903,88318
940,119.761,0.980903,88300
941,119.73,0.980903,88801
942,119.699,0.980903,88321
943,119.667,0.980903,88297
944,119.635,0.980903,88298
945,119.602,0.980903,88298
946,119.569,0.980903,88300
947,119.536,0.981481,88801
948,119.502,0.981481,88298
949,119.469,0.981481,88297
950,119.434,0.981481,88819
951,119.4,0.981481,88801
952,119.365,0.981481,88318
953,119.33,0.981481,88298
954,119.295,0.981481,88800
955,119.259,0.981481,88298
956,119.223,0.981481,88298
957,119.187,0.981481,88297
958,119.151,0.981481,88300
959,119.114,0.981481,88799
960,119.077,0.981481,88298
961,119.04,0.981481,88848
962,119.003,0.981481,88801
963,118.966,0.981481,88801
964,118.928,0.981481,88298
965,118.89,0.981481,88326
966,118.852,0.981481,88800
967,118.814,0.981481,88297
968,118.776,0.981481,88298
969,118.738,0.981481,88799
970,118.699,0.981481,88317
971,118.661,0.981481,88298
972,118.622,0.981481,88298
973,118.583,0.981481,88332
974,118.545,0.981481,88300
975,118.506,0.981481,88801
976,118.467,0.981481,88297
977,118.428,0.981481,88213
978,118.39,0.981481,88297
979,118.351,0.981481,88298
980,118.312,0.981481,88330
981,118.273,0.981481,88801
982,118.235,0.981481,88298
983,118.196,0.981481,88801
984,118.158,0.981481,88315
985,118.119,0.981481,88298
986,118.081,0.981481,88300
987,118.043,0.981481,88801
988,118.005,0.981481,88801
989,117.967,0.981481,88300
990,117.929,0.981481,88298
991,117.892,0.981481,88801
992,117.854,0.981481,88298
993,117.817,0.981481,88297
994,117.78,0.981481,88801
995,117.744,0.981481,88799
996,117.707,0.981481,88314
997,117.671,0.981481,88799
998,117.635,0.98206,88298
999,117.599,0.98206,88800
Done! Press enter to close the program.
