Normalizing data...
Randomizing order of the data...
Creating Neural Network (21, 13, 4)
Current weights set to:
0.00517899, 0.00903653, -0.0132054, 0.0951964, -0.0840449, -0.0972045, 0.0338481, -0.0509262, 0.0289346, -0.0393109, 0.00755943, -0.0279031, -0.0315653, -0.00654012, -0.0753716, 0.0673635, 0.0654775, -0.0129795, -0.00972625, 0.0302591, 0.000790429, -0.00149236, 0.0351604, 0.0626514, -0.0127415, 0.0339152, 0.00741295, -0.0781915, 0.0480514, 0.0386517, -0.074041, 0.0854122, 0.0467513, 0.032255, 0.00148015, 0.0137425, 0.0256325, -0.0815729, -0.0688955, 0.0904538, -0.0915525, 0.00181585, 0.0733146, -0.0769219, -0.0761223, -0.0574267, -0.0909848, -0.0154454, 0.00593585, -0.019834, 0.0953612, 0.0770196, -0.0724052, -0.0425275, -0.0817682, -0.000875881, 0.0238685, -0.0234107, 0.0499496, 0.0981017, 0.0605762, 0.0175146, 0.0181982, 0.0878658, -0.0949461, -0.0490402, 0.092584, 0.014359, -0.0448775, 0.0765557, -0.00497147, -0.0505722, -0.0175512, 0.0176916, -0.0597949, 0.09447, -0.053386, -0.0957335, 0.0123325, 0.0750664, 0.0362041, 0.0745964, -0.0154942, -0.0920835, 0.0929991, 0.0276101, -0.0130589, 0.0212806, 0.0756951, 0.0568346, -0.0698233, 0.0101535, -0.0806818, 0.0971618, 0.0897275, -0.0924924, 0.046556, 0.0157994, -0.0417951, 0.0527512, 0.0873043, 0.0785882, -0.0286355, -0.0612659, 0.0627003, 0.023014, 0.0141514, -0.0814631, -0.0101779, 0.0690237, -0.086877, -0.0468062, -0.0366375, 0.09906, 0.0214393, 0.0817988, 0.0704764, -0.0615467, -0.097351, -0.00500809, -0.00487381, -0.0325297, 0.0196265, -0.00662557, 0.0680898, -0.00380566, 0.0347392, -0.0882321, 0.018955, 0.0336406, 0.0276894, 0.0908872, -0.0137303, 0.0822016, 0.0371136, -0.0226173, 0.0422163, -0.0112705, 0.0323038, 0.0338176, -0.0120823, 0.0835505, -0.0787835, -0.0604846, 0.0757378, 0.0385662, -0.0988769, -0.0362651, 0.014774, 0.075811, -0.0420026, 0.0923826, -0.0842036, -0.042436, 0.0210791, -0.010593, -0.0680715, 0.089465, -0.0213233, -0.0256569, 0.051207, -0.0323771, 0.0616321, 0.0969726, -0.00260933, -0.098706, 0.00052797, 0.0906064, 0.0952757, 0.0420392, 0.0630665, 0.0850826, 0.0565844, 0.0508347, -0.0223243, 0.0608203, -0.0570849, 0.0343791, 0.0497848, -0.0749199, 0.0618763, 0.0817011, 0.076867, -0.00819422, 0.052617, 0.0324503, -0.031431, -0.0538438, -0.0828608, 0.00807215, 0.0782342, 0.0751518, 0.0535142, -0.062859, -0.0481246, 0.0454756, 0.0472823, 0.00605792, -0.0988891, 0.00989105, 0.0773858, 0.0663869, -0.0939024, -0.0766472, 0.0927305, -0.0698965, 0.0548143, 0.0501755, 0.0157201, -0.0159948, 0.0248878, -0.0565783, -0.0709891, 0.0544298, 0.014359, 0.0778985, -0.0982849, -0.0463179, 0.0273843, 0.017777, 0.0112766, 0.039378, -0.0786615, -0.0996277, 0.0173376, 0.0178259, -0.0784845, -0.0828913, 0.0437971, -0.0771172, 0.00962249, -0.0270058, -0.0746818, -0.0985351, 0.0923276, 0.00591144, -0.0254616, -0.0631581, -0.0438154, -0.0531236, 0.0262368, -0.0587939, -0.0848384, 0.00259102, -0.0853206, -0.0514756, -0.0431257, 0.0415143, 0.0404889, 0.0391034, 0.0940489, -0.0353496, -0.0168798, -0.0730155, -0.0728141, 0.0424482, 0.0153783, 0.041551, -0.0750908, 0.0988403, 0.0760491, 0.0344584, 0.0280557, -0.0760918, 0.0570971, -0.0567675, 0.0838862, -0.00372021, -0.0385601, -0.0572192, -0.0833796, 0.0964904, -0.0122105, -0.0840022, -0.0594348, 0.0926817, 0.0986145, -0.0252052, -0.0779656, 0.0797845, -0.0724235, -0.0372295, -0.00364696, -0.0465499, -0.0172643, 0.070745, -0.0537828, 5.18815e-005, 0.00159001, -0.0035371, 0.0476424, -0.0161351, 0.0144017, -0.0203162, 0.0896603, -0.0871273, -0.0280251, -0.0561205, 0.0741874, -0.0357707, 0.0940977, 0.0758904, 0.00217597, -0.0491867, -0.00503861, 0.074633, 0.0523362, 0.0100253, -0.0582141, 0.000271615, -0.0412885, 0.0960692, -0.0971252, -0.0449934, 0.0933287, -0.0429365, -0.0585803, -0.0732414, 0.0601245, -0.0218848, 0.0111789, 0.0269448, -0.0934446, -0.0283303, -0.0895383, 0.0537278, -0.0410627, 0.0963927, 0.0504807, 0.0118564, -0.0121006, -0.0142064, -0.00556352, -0.0796014, -0.0898373, 0.0679189, 0.0235878, -0.060387, -0.0670705, -0.04279, 0.0864559, -0.0517624, -0.0529649, 0.0999939, -0.0124668, 0.0023957, 0.0752556, -0.0453536, -0.0282876, 0.00738243, -0.0181616, 0.0878292, -0.0393963, 0.0336283, 0.0497604, 0.0679495, -0.00290231, 0.00801111, 0.0316568, -0.0628101, -0.0456221, 0.0118625, 0.0809259,


Starting training using BP on Car Evaluation Set
Press enter to start the training.

0,765.503,0.700231,88826
1,707.318,0.700231,88297
2,590.178,0.700231,88296
3,485.794,0.796875,88298
4,432.378,0.846065,88342
5,405.535,0.856481,88297
6,389.999,0.859375,88295
7,379.742,0.862269,88329
8,372.273,0.864583,88296
9,366.439,0.864005,88296
10,361.642,0.865741,88322
11,357.537,0.866319,88297
12,353.904,0.867477,88296
13,350.595,0.868634,88319
14,347.498,0.869792,88298
15,344.529,0.870949,88298
16,341.617,0.872106,88297
17,338.703,0.87037,88296
18,335.74,0.87037,88297
19,332.689,0.87037,88321
20,329.523,0.870949,89806
21,326.225,0.870949,88298
22,322.79,0.871528,88297
23,319.218,0.871528,88216
24,315.509,0.872685,88297
25,311.664,0.871528,88297
26,307.681,0.871528,87796
27,303.558,0.872685,88299
28,299.296,0.872106,88298
29,294.903,0.875,88298
30,290.397,0.879051,88296
31,285.8,0.881944,88321
32,281.145,0.884259,88319
33,276.468,0.887731,88298
34,271.805,0.891204,88799
35,267.192,0.893519,88237
36,262.66,0.896991,88799
37,258.233,0.900463,88298
38,253.925,0.904514,88799
39,249.744,0.906829,88296
40,245.69,0.910301,88296
41,241.76,0.914931,88298
42,237.947,0.915509,88298
43,234.245,0.917824,89802
44,230.648,0.91956,88323
45,227.154,0.920718,88320
46,223.764,0.921296,88298
47,220.482,0.920718,88298
48,217.313,0.923032,88298
49,214.262,0.92419,88298
50,211.337,0.928819,88296
51,208.541,0.929977,88320
52,205.877,0.931134,88298
53,203.344,0.934028,88320
54,200.94,0.934606,88801
55,198.661,0.9375,88298
56,196.501,0.938079,88319
57,194.454,0.938657,88343
58,192.513,0.939815,88298
59,190.67,0.941551,88296
60,188.92,0.943287,88318
61,187.254,0.945602,88323
62,185.666,0.946181,88298
63,184.15,0.948495,88319
64,182.7,0.949653,88799
65,181.311,0.950231,88298
66,179.978,0.951968,88799
67,178.696,0.952546,88296
68,177.461,0.953704,88323
69,176.27,0.954861,88319
70,175.118,0.954861,88298
71,174.004,0.95544,88799
72,172.923,0.95544,88296
73,171.874,0.95544,88799
74,170.854,0.95544,88296
75,169.861,0.95544,88297
76,168.893,0.954861,88298
77,167.948,0.954861,88298
78,167.025,0.95544,88297
79,166.122,0.956019,88297
80,165.238,0.957176,88297
81,164.372,0.957755,87795
82,163.523,0.957755,88298
83,162.69,0.957755,88297
84,161.871,0.958333,88314
85,161.067,0.958912,88298
86,160.277,0.959491,88297
87,159.5,0.959491,88323
88,158.736,0.959491,88299
89,157.985,0.961227,88298
90,157.247,0.961806,88320
91,156.521,0.962384,88799
92,155.809,0.962384,88297
93,155.111,0.962963,88799
94,154.426,0.962963,88318
95,153.756,0.963542,88297
96,153.101,0.963542,88298
97,152.462,0.96412,88297
98,151.838,0.964699,88298
99,151.231,0.964699,88297
100,150.64,0.965278,88800
101,150.066,0.965278,88298
102,149.509,0.965278,88342
103,148.969,0.965278,88799
104,148.446,0.965856,88823
105,147.939,0.967014,88298
106,147.449,0.967014,88799
107,146.975,0.967014,88330
108,146.517,0.967014,88296
109,146.075,0.967014,88297
110,145.647,0.967014,88319
111,145.235,0.967014,88801
112,144.837,0.967593,89301
113,144.454,0.967593,88296
114,144.083,0.967593,88296
115,143.726,0.968171,89302
116,143.382,0.968171,88799
117,143.05,0.96875,88799
118,142.73,0.969329,88341
119,142.421,0.969329,88295
120,142.123,0.96875,88295
121,141.836,0.96875,88329
122,141.56,0.96875,88297
123,141.293,0.969329,88298
124,141.036,0.969329,88299
125,140.787,0.969907,88296
126,140.548,0.969907,88321
127,140.317,0.970486,88297
128,140.095,0.970486,88295
129,139.88,0.970486,88298
130,139.673,0.970486,88297
131,139.473,0.970486,88298
132,139.28,0.971065,88297
133,139.094,0.971065,88297
134,138.915,0.971065,88297
135,138.741,0.971065,88298
136,138.574,0.971065,88799
137,138.412,0.971065,88298
138,138.256,0.971065,88297
139,138.106,0.971644,88799
140,137.96,0.971644,88799
141,137.819,0.971644,88297
142,137.683,0.971644,88797
143,137.552,0.971644,88298
144,137.425,0.971644,88821
145,137.302,0.971644,88799
146,137.183,0.971644,88296
147,137.068,0.971644,88798
148,136.957,0.971644,88298
149,136.849,0.971644,88798
150,136.745,0.972222,88296
151,136.645,0.972801,88296
152,136.547,0.972801,88299
153,136.452,0.972801,88297
154,136.361,0.972801,88298
155,136.272,0.972801,88297
156,136.186,0.972801,88297
157,136.103,0.972801,88297
158,136.022,0.972801,88320
159,135.943,0.972801,88297
160,135.867,0.972801,88345
161,135.794,0.972801,88296
162,135.722,0.972801,88800
163,135.652,0.972801,88297
164,135.585,0.972801,87820
165,135.519,0.972801,88801
166,135.455,0.972801,88297
167,135.393,0.972801,88799
168,135.333,0.972801,88297
169,135.274,0.972801,88320
170,135.217,0.972801,88297
171,135.161,0.972801,88297
172,135.107,0.972801,88298
173,135.054,0.972801,88299
174,135.003,0.972801,88297
175,134.953,0.972801,88847
176,134.904,0.972801,88299
177,134.856,0.972801,88298
178,134.81,0.972801,88321
179,134.764,0.97338,88297
180,134.72,0.97338,88296
181,134.677,0.97338,88848
182,134.634,0.97338,88800
183,134.593,0.97338,87796
184,134.553,0.97338,88315
185,134.513,0.97338,88312
186,134.474,0.97338,88296
187,134.436,0.97338,88298
188,134.399,0.97338,88296
189,134.362,0.97338,88382
190,134.327,0.97338,88386
191,134.291,0.97338,88298
192,134.257,0.97338,88298
193,134.223,0.97338,88296
194,134.19,0.97338,88298
195,134.157,0.97338,88319
196,134.125,0.97338,88343
197,134.093,0.97338,88298
198,134.062,0.97338,88799
199,134.032,0.97338,88297
200,134.002,0.97338,88346
201,133.972,0.97338,88296
202,133.942,0.97338,88800
203,133.914,0.97338,88323
204,133.885,0.97338,88296
205,133.857,0.97338,88297
206,133.829,0.97338,88298
207,133.802,0.97338,88296
208,133.775,0.97338,88297
209,133.748,0.97338,88295
210,133.721,0.97338,88299
211,133.695,0.97338,88798
212,133.669,0.97338,88296
213,133.643,0.97338,88296
214,133.618,0.97338,88298
215,133.593,0.97338,88339
216,133.568,0.97338,87795
217,133.543,0.97338,88297
218,133.518,0.97338,88296
219,133.494,0.97338,88338
220,133.47,0.97338,88299
221,133.446,0.97338,88296
222,133.422,0.97338,88297
223,133.398,0.97338,88297
224,133.375,0.97338,88823
225,133.352,0.97338,88298
226,133.328,0.97338,88297
227,133.305,0.97338,88344
228,133.282,0.97338,88297
229,133.26,0.97338,88297
230,133.237,0.97338,88299
231,133.215,0.97338,88298
232,133.192,0.97338,88297
233,133.17,0.97338,88799
234,133.148,0.97338,88296
235,133.126,0.97338,88330
236,133.104,0.97338,88799
237,133.082,0.97338,88298
238,133.06,0.97338,88297
239,133.039,0.97338,88320
240,133.017,0.97338,88317
241,132.996,0.97338,88298
242,132.974,0.97338,88311
243,132.953,0.97338,88799
244,132.932,0.973958,89300
245,132.911,0.973958,88800
246,132.89,0.973958,88297
247,132.869,0.973958,88295
248,132.848,0.973958,89302
249,132.827,0.973958,88297
250,132.807,0.973958,88799
251,132.786,0.974537,88296
252,132.765,0.974537,88296
253,132.745,0.974537,88800
254,132.725,0.974537,91306
255,132.704,0.974537,100841
256,132.684,0.974537,89342
257,132.664,0.974537,88799
258,132.644,0.974537,89299
259,132.624,0.974537,88799
260,132.604,0.974537,88299
261,132.584,0.974537,88321
262,132.564,0.974537,88321
263,132.544,0.974537,88299
264,132.525,0.974537,88798
265,132.505,0.974537,88316
266,132.485,0.974537,88816
267,132.466,0.974537,88298
268,132.447,0.974537,88298
269,132.427,0.975116,88801
270,132.408,0.975116,88297
271,132.389,0.975116,88299
272,132.369,0.975116,88298
273,132.35,0.975116,88312
274,132.331,0.975116,88298
275,132.312,0.975116,88298
276,132.293,0.975116,88582
277,132.274,0.975116,88297
278,132.255,0.975116,88799
279,132.236,0.975116,88347
280,132.217,0.975116,88296
281,132.199,0.975116,88297
282,132.18,0.975116,88314
283,132.161,0.975116,88298
284,132.143,0.975116,88798
285,132.124,0.975116,88297
286,132.105,0.975116,88297
287,132.087,0.975116,88319
288,132.069,0.975116,88297
289,132.05,0.975116,88298
290,132.032,0.975116,88297
291,132.013,0.975116,88798
292,131.995,0.975116,88799
293,131.977,0.975116,88799
294,131.959,0.975116,88298
295,131.94,0.975116,88298
296,131.922,0.975116,88326
297,131.904,0.975116,88295
298,131.886,0.975116,88298
299,131.868,0.975116,88295
300,131.85,0.975116,88298
301,131.832,0.975116,88297
302,131.814,0.975116,88319
303,131.796,0.975116,88321
304,131.778,0.975116,88297
305,131.76,0.975116,89303
306,131.742,0.975116,88798
307,131.724,0.975116,88297
308,131.706,0.975116,88318
309,131.688,0.975116,88344
310,131.67,0.975116,88298
311,131.652,0.975116,88297
312,131.635,0.975116,88297
313,131.617,0.975116,88295
314,131.599,0.975116,87796
315,131.581,0.975116,88319
316,131.563,0.975116,88296
317,131.546,0.975116,88298
318,131.528,0.975116,88296
319,131.51,0.975694,88298
320,131.492,0.975694,88298
321,131.474,0.975694,88322
322,131.457,0.975694,88823
323,131.439,0.975694,88296
324,131.421,0.975694,88297
325,131.403,0.975694,88298
326,131.385,0.975694,88297
327,131.368,0.975694,88319
328,131.35,0.975694,88297
329,131.332,0.975694,88295
330,131.314,0.975694,88796
331,131.296,0.975694,88799
332,131.279,0.975694,88799
333,131.261,0.975694,88296
334,131.243,0.976273,88319
335,131.225,0.976273,88799
336,131.207,0.976273,88317
337,131.189,0.976273,88297
338,131.171,0.976273,88299
339,131.153,0.976273,88800
340,131.135,0.976273,88298
341,131.117,0.976273,88323
342,131.099,0.976273,88320
343,131.081,0.976273,88298
344,131.063,0.976273,88297
345,131.045,0.976273,88297
346,131.027,0.976273,88820
347,131.009,0.976273,88296
348,130.991,0.976273,88298
349,130.973,0.976273,88298
350,130.955,0.976273,88360
351,130.936,0.976273,88298
352,130.918,0.976273,88823
353,130.9,0.976273,88298
354,130.882,0.976273,88297
355,130.863,0.976273,88798
356,130.845,0.976273,88298
357,130.826,0.976273,89300
358,130.808,0.976273,95825
359,130.789,0.976273,91307
360,130.771,0.976273,88799
361,130.752,0.976273,88298
362,130.734,0.976273,88298
363,130.715,0.976273,88320
364,130.696,0.976273,88297
365,130.678,0.976273,88296
366,130.659,0.976273,88299
367,130.64,0.976852,88296
368,130.621,0.976852,87795
369,130.602,0.976852,88298
370,130.583,0.976852,88296
371,130.564,0.976852,88297
372,130.545,0.976852,88297
373,130.526,0.976852,89301
374,130.507,0.976852,88299
375,130.488,0.976852,88297
376,130.469,0.976852,88321
377,130.45,0.976852,88320
378,130.43,0.976852,88297
379,130.411,0.976852,90305
380,130.392,0.976852,88297
381,130.372,0.976852,88800
382,130.353,0.976852,88799
383,130.333,0.976852,87795
384,130.314,0.976852,88296
385,130.294,0.976852,88296
386,130.275,0.976852,88295
387,130.255,0.976852,88800
388,130.235,0.976852,88821
389,130.215,0.976852,90803
390,130.195,0.976852,88321
391,130.176,0.976852,88252
392,130.156,0.976852,88296
393,130.136,0.976852,88298
394,130.116,0.976852,88315
395,130.096,0.976852,88821
396,130.076,0.976852,88297
397,130.055,0.976852,88296
398,130.035,0.976852,88297
399,130.015,0.976852,88297
400,129.995,0.976852,88801
401,129.974,0.976852,88297
402,129.954,0.976852,88799
403,129.934,0.976852,88323
404,129.913,0.976852,88737
405,129.893,0.976852,88297
406,129.872,0.976852,88298
407,129.852,0.976852,88369
408,129.831,0.976852,88313
409,129.811,0.976852,88298
410,129.79,0.976852,89369
411,129.769,0.976852,88849
412,129.749,0.976852,88298
413,129.728,0.976852,88799
414,129.707,0.976852,88297
415,129.686,0.977431,88298
416,129.666,0.977431,88299
417,129.645,0.977431,88298
418,129.624,0.977431,88297
419,129.603,0.977431,88297
420,129.582,0.977431,88296
421,129.561,0.977431,88296
422,129.54,0.977431,88300
423,129.519,0.978009,88799
424,129.498,0.978009,88297
425,129.478,0.978009,88299
426,129.457,0.978009,88297
427,129.436,0.978009,88299
428,129.415,0.978009,88296
429,129.394,0.978009,88800
430,129.373,0.978009,88342
431,129.352,0.978009,88298
432,129.331,0.978009,88297
433,129.31,0.978009,88298
434,129.289,0.978009,88799
435,129.268,0.978009,88828
436,129.247,0.978009,88298
437,129.226,0.978009,88297
438,129.205,0.978009,88297
439,129.184,0.978009,88322
440,129.163,0.978009,88295
441,129.142,0.978009,88297
442,129.121,0.978009,88824
443,129.1,0.978009,88297
444,129.079,0.978009,88797
445,129.059,0.978009,88322
446,129.038,0.978009,88343
447,129.017,0.978009,88822
448,128.996,0.978009,88296
449,128.976,0.978009,88322
450,128.955,0.978009,88297
451,128.934,0.978009,87796
452,128.914,0.978009,88351
453,128.893,0.978009,88320
454,128.873,0.978009,88296
455,128.853,0.978009,88319
456,128.832,0.978009,88297
457,128.812,0.978009,88321
458,128.792,0.978009,87796
459,128.771,0.978009,88297
460,128.751,0.978009,88297
461,128.731,0.978009,88801
462,128.711,0.978009,88297
463,128.691,0.978009,88322
464,128.672,0.978009,88297
465,128.652,0.978009,88297
466,128.632,0.978009,88297
467,128.613,0.978009,88799
468,128.593,0.978009,88297
469,128.574,0.978009,88300
470,128.554,0.978009,88798
471,128.535,0.978009,88325
472,128.516,0.978009,88319
473,128.497,0.978009,88297
474,128.478,0.978009,88318
475,128.459,0.978009,88344
476,128.44,0.978009,88298
477,128.421,0.978009,89219
478,128.402,0.978009,88298
479,128.384,0.978009,88799
480,128.366,0.978009,88297
481,128.347,0.978009,88297
482,128.329,0.978009,88297
483,128.311,0.978009,88464
484,128.293,0.978009,88320
485,128.275,0.978009,88799
486,128.257,0.978009,88296
487,128.24,0.978009,88297
488,128.222,0.978009,88298
489,128.205,0.978009,88298
490,128.187,0.978009,88798
491,128.17,0.978009,88296
492,128.153,0.978009,88297
493,128.136,0.978009,88298
494,128.119,0.978009,88298
495,128.103,0.978009,88800
496,128.086,0.978009,88298
497,128.07,0.978009,88298
498,128.053,0.978009,88297
499,128.037,0.978009,88297
500,128.021,0.978009,88297
501,128.005,0.978009,88297
502,127.989,0.978009,88296
503,127.974,0.978009,88298
504,127.958,0.978009,87795
505,127.943,0.978009,88297
506,127.927,0.978009,88296
507,127.912,0.978009,88296
508,127.897,0.978009,88297
509,127.882,0.978009,88298
510,127.868,0.978009,87795
511,127.853,0.978009,88322
512,127.838,0.978009,88297
513,127.824,0.978588,88297
514,127.81,0.978588,88295
515,127.796,0.978588,88297
516,127.782,0.978588,88297
517,127.768,0.978588,88297
518,127.754,0.978588,88298
519,127.741,0.978588,88297
520,127.727,0.978588,88317
521,127.714,0.978588,88337
522,127.701,0.978588,88798
523,127.688,0.979167,88298
524,127.675,0.979167,88298
525,127.662,0.979167,88297
526,127.649,0.979167,88297
527,127.637,0.979167,88298
528,127.625,0.979167,88296
529,127.612,0.979167,88321
530,127.6,0.979167,88321
531,127.588,0.979167,88319
532,127.576,0.979167,88297
533,127.564,0.979167,88297
534,127.553,0.979167,87818
535,127.541,0.979167,88296
536,127.53,0.979167,88298
537,127.519,0.979167,88296
538,127.508,0.979167,88296
539,127.496,0.979167,88801
540,127.486,0.979167,88798
541,127.475,0.979167,88799
542,127.464,0.979167,88295
543,127.454,0.979167,88798
544,127.443,0.979167,88323
545,127.433,0.979167,88799
546,127.423,0.979167,88297
547,127.413,0.979167,88322
548,127.403,0.979167,88296
549,127.393,0.979167,88297
550,127.383,0.979167,88298
551,127.373,0.979167,88323
552,127.364,0.979167,88297
553,127.354,0.979167,88798
554,127.345,0.979167,88340
555,127.336,0.979167,88298
556,127.327,0.979167,88800
557,127.318,0.979167,88298
558,127.309,0.979167,88324
559,127.3,0.979167,88296
560,127.291,0.979167,88297
561,127.283,0.979167,88321
562,127.274,0.979167,88298
563,127.266,0.979167,88801
564,127.257,0.979167,88297
565,127.249,0.979167,88798
566,127.241,0.979167,88798
567,127.233,0.979167,88799
568,127.225,0.979167,88297
569,127.217,0.979167,88298
570,127.209,0.979167,88297
571,127.202,0.979167,88321
572,127.194,0.979167,88346
573,127.187,0.979167,88319
574,127.179,0.979167,88298
575,127.172,0.979167,88298
576,127.165,0.979167,88823
577,127.157,0.979167,88296
578,127.15,0.979167,88297
579,127.143,0.979167,88297
580,127.136,0.979167,88297
581,127.129,0.979167,88800
582,127.123,0.979167,88297
583,127.116,0.979167,88297
584,127.109,0.979167,88319
585,127.103,0.979167,88296
586,127.096,0.979167,88319
587,127.09,0.979167,88297
588,127.083,0.979167,88799
589,127.077,0.979167,88824
590,127.071,0.979167,88297
591,127.065,0.979167,88344
592,127.059,0.979167,88295
593,127.053,0.979167,88315
594,127.047,0.979167,88298
595,127.041,0.979167,88298
596,127.035,0.979167,88297
597,127.029,0.979167,88297
598,127.024,0.979167,88329
599,127.018,0.979167,88320
600,127.012,0.979167,88297
601,127.007,0.979167,88297
602,127.001,0.979167,88318
603,126.996,0.979167,88320
604,126.99,0.979167,88297
605,126.985,0.979167,88799
606,126.98,0.979167,88297
607,126.975,0.979167,88297
608,126.97,0.979167,87796
609,126.964,0.979167,88322
610,126.959,0.979167,88318
611,126.954,0.979167,88296
612,126.949,0.979167,88297
613,126.944,0.979167,88320
614,126.94,0.979167,88297
615,126.935,0.979167,88298
616,126.93,0.979167,88799
617,126.925,0.979167,88298
618,126.921,0.979167,88822
619,126.916,0.979167,88300
620,126.911,0.979167,88296
621,126.907,0.979167,88367
622,126.902,0.979167,88319
623,126.898,0.979167,88315
624,126.893,0.979167,88297
625,126.889,0.979167,88799
626,126.885,0.979167,88297
627,126.88,0.979167,88297
628,126.876,0.979167,88297
629,126.872,0.979167,88296
630,126.867,0.979167,88297
631,126.863,0.979167,88297
632,126.859,0.979167,88319
633,126.855,0.979167,88799
634,126.851,0.979167,88297
635,126.847,0.979167,88298
636,126.843,0.979167,88324
637,126.839,0.979167,88450
638,126.835,0.979167,88799
639,126.831,0.979167,88297
640,126.827,0.979167,88799
641,126.823,0.979167,88344
642,126.819,0.979167,88320
643,126.816,0.979167,88298
644,126.812,0.979167,88821
645,126.808,0.979167,88297
646,126.804,0.979167,88298
647,126.801,0.979167,88297
648,126.797,0.979167,88297
649,126.793,0.979167,88297
650,126.79,0.979167,88298
651,126.786,0.979167,88297
652,126.783,0.979167,88296
653,126.779,0.979167,88313
654,126.775,0.979167,88297
655,126.772,0.979167,88300
656,126.768,0.979167,88320
657,126.765,0.979167,88296
658,126.762,0.979167,88298
659,126.758,0.979167,87818
660,126.755,0.979167,88319
661,126.751,0.979167,88799
662,126.748,0.979167,88332
663,126.745,0.979167,88800
664,126.741,0.979167,88799
665,126.738,0.979167,88298
666,126.735,0.979167,88320
667,126.731,0.979167,88823
668,126.728,0.979167,88799
669,126.725,0.979167,88298
670,126.722,0.979167,88322
671,126.719,0.979167,88297
672,126.715,0.979167,88297
673,126.712,0.979167,88800
674,126.709,0.979167,88297
675,126.706,0.979167,88799
676,126.703,0.979167,88320
677,126.7,0.979167,88800
678,126.697,0.979167,88295
679,126.694,0.979167,88346
680,126.69,0.979167,88800
681,126.687,0.979167,88295
682,126.684,0.979167,88799
683,126.681,0.979167,88797
684,126.678,0.979167,88837
685,126.675,0.979167,88798
686,126.672,0.979167,88327
687,126.669,0.979167,88298
688,126.666,0.979167,88297
689,126.663,0.979167,88298
690,126.661,0.979167,88298
691,126.658,0.979167,88298
692,126.655,0.979167,88299
693,126.652,0.979167,88798
694,126.649,0.979167,88843
695,126.646,0.979167,88318
696,126.643,0.979167,88799
697,126.64,0.979167,88297
698,126.637,0.979167,88799
699,126.634,0.979167,88320
700,126.632,0.979167,88320
701,126.629,0.979167,88297
702,126.626,0.979167,88297
703,126.623,0.979167,88297
704,126.62,0.979167,88296
705,126.617,0.979167,88295
706,126.615,0.979167,88298
707,126.612,0.979167,88297
708,126.609,0.979167,88297
709,126.606,0.979167,88827
710,126.603,0.979167,88296
711,126.601,0.979167,88322
712,126.598,0.979167,88297
713,126.595,0.979167,88321
714,126.592,0.979167,88298
715,126.59,0.979167,88799
716,126.587,0.979167,88320
717,126.584,0.979167,88298
718,126.581,0.979167,88319
719,126.579,0.979167,88297
720,126.576,0.979167,88798
721,126.573,0.979167,88297
722,126.57,0.979167,88297
723,126.568,0.979167,88297
724,126.565,0.979167,88320
725,126.562,0.979167,88296
726,126.559,0.979167,88825
727,126.557,0.979167,88299
728,126.554,0.979167,88298
729,126.551,0.979167,88297
730,126.548,0.979167,88298
731,126.546,0.979167,88296
732,126.543,0.979167,88297
733,126.54,0.979167,88298
734,126.538,0.979167,87794
735,126.535,0.979167,87816
736,126.532,0.979167,88798
737,126.529,0.979167,88298
738,126.527,0.979167,88297
739,126.524,0.979167,88295
740,126.521,0.979167,88798
741,126.518,0.979167,88297
742,126.516,0.979167,88362
743,126.513,0.979167,88297
744,126.51,0.979167,88798
745,126.508,0.979167,88322
746,126.505,0.979167,88286
747,126.502,0.979167,88799
748,126.499,0.979167,88297
749,126.497,0.979167,88295
750,126.494,0.979167,88297
751,126.491,0.979167,88297
752,126.488,0.979167,88296
753,126.486,0.979167,88315
754,126.483,0.979167,88297
755,126.48,0.979167,88297
756,126.477,0.979167,88798
757,126.475,0.979167,88322
758,126.472,0.979167,88296
759,126.469,0.979167,88318
760,126.466,0.979167,88319
761,126.464,0.979167,88799
762,126.461,0.979167,88296
763,126.458,0.979167,88297
764,126.455,0.979167,88321
765,126.453,0.979167,88297
766,126.45,0.979167,88297
767,126.447,0.979167,88323
768,126.444,0.979167,88347
769,126.441,0.979167,88299
770,126.439,0.979167,87818
771,126.436,0.979167,88298
772,126.433,0.979167,88817
773,126.43,0.979167,88296
774,126.427,0.979167,88296
775,126.424,0.979167,88298
776,126.422,0.979167,88298
777,126.419,0.979167,88298
778,126.416,0.979167,88297
779,126.413,0.979167,88297
780,126.41,0.979167,88296
781,126.407,0.979167,88799
782,126.404,0.979167,88298
783,126.402,0.979167,88298
784,126.399,0.979167,88320
785,126.396,0.979167,88297
786,126.393,0.979167,88297
787,126.39,0.979167,88799
788,126.387,0.979167,88345
789,126.384,0.979167,88296
790,126.381,0.979167,88297
791,126.378,0.979167,88321
792,126.375,0.979167,88297
793,126.373,0.979167,88296
794,126.37,0.979167,88528
795,126.367,0.979167,88297
796,126.364,0.979167,88320
797,126.361,0.979167,88297
798,126.358,0.979167,88298
799,126.355,0.979167,88798
800,126.352,0.979167,88297
801,126.349,0.979167,88801
802,126.346,0.979167,88297
803,126.343,0.979167,88296
804,126.34,0.979167,88298
805,126.337,0.979167,88298
806,126.334,0.979167,88320
807,126.331,0.979167,88295
808,126.328,0.979167,88297
809,126.325,0.979167,88298
810,126.322,0.979167,88797
811,126.319,0.979167,88298
812,126.316,0.979167,88798
813,126.313,0.979167,88319
814,126.31,0.979167,88296
815,126.306,0.979167,88299
816,126.303,0.979167,88297
817,126.3,0.979167,88297
818,126.297,0.979167,88297
819,126.294,0.979167,88800
820,126.291,0.979167,88319
821,126.288,0.979167,88296
822,126.285,0.979167,88297
823,126.282,0.979167,88798
824,126.279,0.979167,88297
825,126.275,0.979167,88319
826,126.272,0.979167,88297
827,126.269,0.979167,88297
828,126.266,0.979167,88298
829,126.263,0.979167,88823
830,126.26,0.979167,88798
831,126.256,0.979167,88296
832,126.253,0.979167,88297
833,126.25,0.979167,88343
834,126.247,0.979167,88298
835,126.244,0.979167,88297
836,126.24,0.979167,88297
837,126.237,0.979167,88297
838,126.234,0.979167,88320
839,126.231,0.979167,88297
840,126.228,0.979167,88798
841,126.224,0.979167,88824
842,126.221,0.979167,88800
843,126.218,0.979167,88296
844,126.215,0.979167,88297
845,126.211,0.979167,88317
846,126.208,0.979167,88297
847,126.205,0.979167,88298
848,126.202,0.979167,88297
849,126.198,0.979167,88296
850,126.195,0.979167,88298
851,126.192,0.979167,88320
852,126.188,0.979167,88363
853,126.185,0.979167,88297
854,126.182,0.979167,88298
855,126.179,0.979167,88298
856,126.175,0.979167,88297
857,126.172,0.979167,88295
858,126.169,0.979745,88298
859,126.165,0.979745,88299
860,126.162,0.979745,88798
861,126.159,0.979745,88298
862,126.155,0.979745,88298
863,126.152,0.979745,88298
864,126.149,0.979745,88297
865,126.145,0.979745,88298
866,126.142,0.979745,88295
867,126.139,0.979745,88797
868,126.135,0.979745,88298
869,126.132,0.979745,88320
870,126.128,0.979745,88297
871,126.125,0.979745,88297
872,126.122,0.979745,88323
873,126.118,0.979745,88320
874,126.115,0.979745,88297
875,126.112,0.979745,88296
876,126.108,0.979745,88798
877,126.105,0.979745,88297
878,126.101,0.979745,88297
879,126.098,0.979745,88297
880,126.095,0.979745,90303
881,126.091,0.979745,88298
882,126.088,0.979745,88799
883,126.084,0.979745,88297
884,126.081,0.979745,87842
885,126.077,0.979745,88297
886,126.074,0.979745,88297
887,126.071,0.979745,88297
888,126.067,0.979745,88320
889,126.064,0.979745,88297
890,126.06,0.979745,88342
891,126.057,0.979745,88319
892,126.053,0.979745,88323
893,126.05,0.979745,88297
894,126.047,0.979745,88297
895,126.043,0.979745,88320
896,126.04,0.979745,88297
897,126.036,0.979745,88297
898,126.033,0.979745,88340
899,126.029,0.979745,88384
900,126.026,0.979745,88297
901,126.022,0.979745,88798
902,126.019,0.979745,88319
903,126.015,0.979745,88319
904,126.012,0.979745,88320
905,126.008,0.979745,88295
906,126.005,0.979745,88321
907,126.002,0.979745,88322
908,125.998,0.979745,88320
909,125.995,0.979745,88322
910,125.991,0.979745,88320
911,125.988,0.979745,88330
912,125.984,0.979745,88799
913,125.981,0.979745,88319
914,125.977,0.979745,88799
915,125.974,0.979745,88297
916,125.97,0.979745,88299
917,125.967,0.979745,88298
918,125.963,0.979745,88320
919,125.96,0.979745,88297
920,125.956,0.979745,88317
921,125.953,0.979745,88321
922,125.949,0.979745,88320
923,125.946,0.979745,88297
924,125.942,0.979745,88297
925,125.939,0.979745,88299
926,125.935,0.979745,88298
927,125.932,0.979745,88798
928,125.928,0.979745,88296
929,125.925,0.979745,89361
930,125.921,0.979745,88297
931,125.918,0.979745,88330
932,125.915,0.979745,88321
933,125.911,0.979745,88339
934,125.908,0.979745,88296
935,125.904,0.979745,88799
936,125.901,0.979745,88297
937,125.897,0.979745,88318
938,125.894,0.979745,88319
939,125.89,0.979745,88318
940,125.887,0.979745,88369
941,125.883,0.979745,88818
942,125.88,0.979745,88318
943,125.876,0.979745,88319
944,125.873,0.979745,88297
945,125.869,0.979745,88391
946,125.866,0.979745,88319
947,125.862,0.979745,88297
948,125.859,0.979745,88366
949,125.855,0.979745,88298
950,125.852,0.979745,88297
951,125.848,0.979745,88296
952,125.845,0.980324,88298
953,125.841,0.980324,88318
954,125.838,0.980324,88855
955,125.834,0.980324,88823
956,125.831,0.980324,88797
957,125.827,0.980324,88327
958,125.824,0.980324,88319
959,125.82,0.980324,88297
960,125.817,0.980324,88297
961,125.814,0.980324,88298
962,125.81,0.980324,88340
963,125.807,0.980324,88318
964,125.803,0.980324,88296
965,125.8,0.980324,88324
966,125.796,0.980324,88341
967,125.793,0.980324,88319
968,125.789,0.980324,88297
969,125.786,0.980324,88298
970,125.782,0.980324,88296
971,125.779,0.980324,88297
972,125.775,0.980324,88297
973,125.772,0.980324,88318
974,125.768,0.980324,88319
975,125.765,0.980324,88322
976,125.761,0.980324,88298
977,125.758,0.980324,88344
978,125.755,0.980324,88295
979,125.751,0.980324,88297
980,125.748,0.980324,87892
981,125.744,0.980324,88800
982,125.741,0.980324,88297
983,125.737,0.980324,88298
984,125.734,0.980324,88343
985,125.73,0.980324,88343
986,125.727,0.980324,88341
987,125.723,0.980324,88344
988,125.72,0.980324,88317
989,125.716,0.980324,88319
990,125.713,0.980324,88297
991,125.71,0.980324,88822
992,125.706,0.980324,88339
993,125.703,0.980324,88297
994,125.699,0.980324,88297
995,125.696,0.980324,88298
996,125.692,0.980324,88297
997,125.689,0.980324,88344
998,125.685,0.980324,88798
999,125.682,0.980324,87796
Done! Press enter to close the program.
