Normalizing data...
Randomizing order of the data...
Creating Neural Network (21, 13, 4)
Current weights set to:
0.00483718, 0.0937864, -0.0667898, -0.00160833, 0.0457198, 0.0953612, -0.0890988, 0.0528062, -0.0843074, -0.00138859, 0.0229041, -0.0324747, 0.0713126, 0.0766167, 0.0219764, 0.0683706, 0.0828486, 0.0752251, 0.000320444, -0.010654, 0.0163182, -0.00779138, 0.0772271, -0.0651845, 0.0720573, 0.0864559, -0.00356151, 0.0122959, 0.011185, -0.0765007, 0.0145848, 0.0922727, 0.00126652, -0.0363567, -0.0381939, -0.0488388, 0.0123264, 0.0988708, 0.0559923, -0.0461898, -0.00550249, 0.0448836, -0.0483261, 0.0315958, -0.0314066, -0.00555132, 0.00505081, 0.012534, 0.0607654, 0.0383099, 0.0361675, 0.0596301, 0.0126255, -0.0400616, -0.0303079, 0.073571, -0.00204169, -0.0896237, 0.0354228, 0.0162389, 0.0773125, -0.0306192, -0.0901914, 0.0111118, -0.0782281, 0.0991638, 0.0797723, -0.0231422, -0.0628773, 0.0969481, 0.00995819, 0.0504501, 0.0196142, 0.0526231, -0.00512406, -0.0441084, 0.0746208, -0.0823054, 0.0769524, -0.0249977, -0.0705191, 0.091876, -0.08811, 0.0762932, -0.0282571, 0.0333903, -0.0374371, 0.0583728, -0.0560778, -0.000497452, -0.0973815, 0.0640431, 0.0263222, -0.0767632, 0.0111789, -0.0786798, 0.0388714, -0.0671987, 0.0396893, 0.0677114, 0.0934141, -0.080285, -0.0675832, -0.0861446, -0.0723991, 0.0621082, 0.0816523, 0.00298776, 0.051738, -0.0906919, 0.0988525, 0.0222327, -0.0603565, -0.065978, -0.0167943, 0.0222022, -0.00492264, -0.0416791, 0.0685904, -0.0990173, -0.0753594, -0.0402631, 0.0303201, -0.0911313, 0.0486984, 0.0636525, -0.0670278, 0.0299844, -0.0186926, 0.0282937, 0.000393689, -0.00279855, 0.010715, 0.0285562, 0.0892514, -0.00356761, 0.011301, 0.0448836, -0.0525987, 0.0166601, 0.0185522, 0.0634693, 0.0381878, -0.0980834, 0.0981262, -0.00590533, 0.0120762, 0.0614673, 0.0402997, -0.0882748, 0.00675375, 0.0944395, -0.0889279, -0.0717643, 0.0570421, 0.0851558, -0.00883511, -0.0995849, -0.00423292, 0.0254311, -0.0658925, 0.0806024, -0.0730277, -0.0799249, 0.0748344, -0.0839045, 0.0525681, 0.0318216, -0.0802362, -0.0962828, -0.0662221, 0.0219703, -0.0500839, -0.0943907, -0.0313578, 0.0430219, -0.0319376, 0.0326884, -0.0332926, -0.0605518, -0.0786737, -0.0981384, 0.00231025, 0.0129856, 0.0304117, -0.0265786, 0.0275552, -0.0914426, -0.0432966, -0.0253883, 0.0263649, 0.0772393, 0.0385296, -0.0840632, -0.00922575, -0.0276833, -0.0721915, -0.0937925, -0.0992676, 0.0349101, 0.0583361, 0.0726615, -0.0113132, 0.0252113, 0.0769402, -0.00756554, 0.0701468, -0.044261, 0.0688406, -0.0583544, 0.0215735, -0.017246, -0.0916807, -0.0317606, -0.0132542, -0.0878536, -0.033903, 0.09494, -0.00711386, 0.0760247, -0.0954588, 0.0585437, -0.0421796, 0.0362407, -0.00792566, 0.0917905, -0.0306192, 0.07116, 0.0679312, -0.0459761, 0.0183813, -0.0981628, -0.0114353, -0.0830256, 0.0662709, 0.0139317, 0.0869686, -0.0881344, 0.0288736, 0.0315348, 0.0760979, -0.0559374, -0.0426191, 0.0992553, -0.0722953, -0.0184118, -0.00218818, -0.0713065, -0.0421613, 0.0236976, 0.0103244, 0.0657094, 0.0501694, -0.0442183, 0.0294351, 0.0345134, 0.0485153, 0.0968749, 0.0466292, -0.0849116, 0.0497421, 0.0459151, 0.0963683, 0.0100131, 0.0282937, -0.0667837, -0.0730705, -0.0430647, -0.0763909, 0.0831172, 0.0372723, -0.0568896, 0.0217139, -0.00570391, -0.038908, -0.021952, -0.0378643, 0.0439314, -0.0204993, 0.0806513, 0.0015717, 0.0218604, -0.0566271, -0.0629627, 0.0652944, -0.0988647, -0.0132237, 0.0853877, 0.0178442, -0.0488571, 0.0126072, -0.0161534, 0.0840327, -0.000485244, -0.0681875, 0.0180639, 0.0515793, -0.0508469, -0.062682, 0.00426954, -0.0132847, -0.0434004, -0.00599689, 0.0444319, 0.0938231, -0.022074, 0.0259194, 0.0895138, 0.0505417, 0.0885067, -0.0179479, 0.067272, 0.049498, 0.0828364, 0.0618336, -0.0693045, 0.0779046, -0.039317, 0.0816462, 0.0834407, 0.066332, 0.00584429, 0.0636586, -0.0615894, 0.0378338, 0.0636952, 0.0280984, 0.0658864, 0.088757, -0.0761773, 0.0703421, 0.0872311, -0.0676077, 0.0140233, -0.0959838, -0.0293191, 0.0368145, -0.0881954, -0.048674, 0.0852474, 0.0880795, 0.0798273, -0.0380352, 0.0690847, 0.010062, -0.0687307, 0.0417035, 0.0686026, 0.0722343, 0.0317179, 0.0720939, 0.00450758, -0.08352, -0.0565661, 0.00235908, 0.0210303, 0.0344523, -0.0814142, -0.00517289, -0.0253822, -0.0736137, -0.0524888, -0.0948607,


Starting training using BP on Car Evaluation Set
Press enter to start the training.

0,775.398,0.700231,89301
1,728.656,0.700231,88799
2,623.366,0.700231,88298
3,506.728,0.821759,88800
4,443.696,0.869213,88298
5,412.943,0.870949,88363
6,395.592,0.870949,88298
7,384.376,0.873264,88318
8,376.357,0.874421,88297
9,370.187,0.874421,88799
10,365.171,0.875579,88801
11,360.917,0.875579,88297
12,357.182,0.875579,88298
13,353.802,0.876157,88800
14,350.662,0.876736,88298
15,347.672,0.876157,88321
16,344.762,0.876157,88342
17,341.873,0.876157,88300
18,338.957,0.876157,88298
19,335.975,0.876157,88297
20,332.895,0.876157,88296
21,329.692,0.875579,88799
22,326.348,0.876157,88297
23,322.846,0.876157,88798
24,319.169,0.877894,88298
25,315.302,0.878472,88317
26,311.232,0.878472,88297
27,306.955,0.879051,88821
28,302.476,0.879051,88297
29,297.814,0.879051,88799
30,293,0.881366,88321
31,288.076,0.884259,88799
32,283.093,0.887731,88297
33,278.109,0.890046,88799
34,273.178,0.892361,88799
35,268.355,0.895833,88299
36,263.684,0.899306,88800
37,259.2,0.898727,88800
38,254.926,0.900463,88345
39,250.876,0.900463,88297
40,247.054,0.902778,88798
41,243.455,0.903356,88297
42,240.068,0.903356,88297
43,236.881,0.905093,88298
44,233.875,0.905671,88799
45,231.032,0.906829,88297
46,228.333,0.909144,88298
47,225.759,0.910301,88799
48,223.295,0.912616,88324
49,220.923,0.914931,88298
50,218.63,0.917245,88297
51,216.407,0.91956,88299
52,214.244,0.921296,88298
53,212.136,0.922454,88297
54,210.08,0.923611,88297
55,208.074,0.924769,88800
56,206.119,0.925347,88297
57,204.214,0.925926,88798
58,202.361,0.925347,88298
59,200.56,0.925347,88799
60,198.812,0.925926,88814
61,197.116,0.925926,88800
62,195.47,0.927083,88297
63,193.873,0.927662,88317
64,192.323,0.927662,88297
65,190.817,0.928241,88799
66,189.351,0.930556,88298
67,187.925,0.931713,88800
68,186.534,0.933449,88821
69,185.176,0.933449,88318
70,183.849,0.935185,88316
71,182.551,0.935764,88798
72,181.28,0.936921,88298
73,180.036,0.936921,88337
74,178.816,0.936921,88799
75,177.62,0.938079,88309
76,176.446,0.939815,88298
77,175.296,0.940394,88318
78,174.167,0.94213,88300
79,173.06,0.94213,88297
80,171.975,0.94213,88313
81,170.912,0.94213,88296
82,169.87,0.942708,88297
83,168.85,0.943866,88299
84,167.851,0.945602,88315
85,166.875,0.945602,88798
86,165.92,0.945602,90304
87,164.986,0.946181,88800
88,164.074,0.947338,88798
89,163.184,0.948495,88298
90,162.316,0.948495,88800
91,161.468,0.950231,88798
92,160.642,0.95081,88824
93,159.837,0.951389,90790
94,159.052,0.952546,88818
95,158.288,0.953125,88800
96,157.544,0.953704,88800
97,156.819,0.95544,88845
98,156.114,0.956019,88339
99,155.428,0.956597,88312
100,154.76,0.957176,88404
101,154.11,0.957176,88799
102,153.478,0.957176,88344
103,152.863,0.957176,88799
104,152.265,0.957755,88799
105,151.683,0.958912,88295
106,151.117,0.959491,88320
107,150.566,0.959491,88297
108,150.03,0.960069,88297
109,149.509,0.960648,88344
110,149.001,0.960648,88299
111,148.508,0.960648,88381
112,148.027,0.960648,89805
113,147.559,0.961227,88799
114,147.103,0.961806,88800
115,146.66,0.961806,88823
116,146.228,0.961806,88295
117,145.807,0.961806,88296
118,145.397,0.962384,90559
119,144.997,0.962963,88297
120,144.608,0.96412,88799
121,144.228,0.96412,88800
122,143.858,0.965856,90305
123,143.497,0.966435,88798
124,143.145,0.966435,88798
125,142.802,0.966435,88798
126,142.468,0.966435,88298
127,142.141,0.966435,88297
128,141.822,0.966435,88679
129,141.511,0.967014,88297
130,141.208,0.967014,88298
131,140.911,0.968171,88298
132,140.622,0.968171,88799
133,140.339,0.968171,88799
134,140.063,0.968171,88296
135,139.794,0.968171,88298
136,139.531,0.968171,88322
137,139.274,0.96875,88801
138,139.022,0.96875,88799
139,138.777,0.969329,90806
140,138.537,0.969329,88740
141,138.303,0.969907,88800
142,138.074,0.969907,89803
143,137.85,0.970486,88298
144,137.631,0.970486,88321
145,137.417,0.970486,88297
146,137.208,0.970486,88299
147,137.003,0.971644,88298
148,136.804,0.971644,88799
149,136.608,0.971644,88319
150,136.417,0.972222,88300
151,136.23,0.972222,88298
152,136.047,0.972222,88800
153,135.869,0.972222,89801
154,135.694,0.972222,88297
155,135.523,0.972222,88298
156,135.356,0.972222,88319
157,135.193,0.972222,88297
158,135.033,0.972222,88294
159,134.877,0.972222,88823
160,134.724,0.972222,88298
161,134.575,0.972222,88844
162,134.429,0.972222,88818
163,134.286,0.972222,88799
164,134.146,0.972222,88298
165,134.009,0.972222,88319
166,133.876,0.972222,88299
167,133.745,0.972222,88799
168,133.617,0.972801,88297
169,133.492,0.972801,88298
170,133.37,0.97338,88297
171,133.251,0.97338,88298
172,133.134,0.97338,88298
173,133.02,0.97338,89324
174,132.908,0.97338,88800
175,132.799,0.97338,88297
176,132.692,0.97338,88296
177,132.587,0.97338,88801
178,132.485,0.97338,88297
179,132.385,0.97338,88295
180,132.287,0.97338,88318
181,132.191,0.97338,88298
182,132.097,0.97338,88298
183,132.005,0.97338,88320
184,131.916,0.97338,88799
185,131.828,0.97338,88800
186,131.742,0.97338,88332
187,131.657,0.97338,93816
188,131.575,0.97338,88799
189,131.494,0.97338,88325
190,131.415,0.97338,88800
191,131.338,0.97338,88320
192,131.262,0.97338,88826
193,131.188,0.973958,88296
194,131.115,0.974537,88297
195,131.044,0.974537,88321
196,130.974,0.974537,88297
197,130.906,0.974537,88798
198,130.838,0.974537,88800
199,130.773,0.974537,88823
200,130.708,0.974537,88298
201,130.645,0.974537,88297
202,130.582,0.974537,88798
203,130.521,0.974537,88297
204,130.461,0.974537,88298
205,130.403,0.974537,88297
206,130.345,0.974537,88799
207,130.288,0.974537,88295
208,130.232,0.973958,88799
209,130.177,0.973958,88297
210,130.124,0.974537,88799
211,130.071,0.974537,88296
212,130.018,0.974537,88331
213,129.967,0.974537,88798
214,129.917,0.974537,88296
215,129.867,0.974537,88350
216,129.818,0.974537,88298
217,129.77,0.974537,89301
218,129.722,0.974537,88799
219,129.675,0.974537,88297
220,129.629,0.974537,88799
221,129.584,0.974537,88800
222,129.539,0.974537,88323
223,129.494,0.974537,88844
224,129.451,0.974537,88298
225,129.407,0.974537,88296
226,129.365,0.974537,88298
227,129.322,0.974537,88801
228,129.281,0.974537,88297
229,129.239,0.974537,88799
230,129.199,0.974537,88298
231,129.158,0.974537,88321
232,129.118,0.974537,88297
233,129.079,0.974537,88296
234,129.04,0.974537,88320
235,129.001,0.974537,88297
236,128.963,0.974537,88322
237,128.925,0.974537,88297
238,128.887,0.974537,88298
239,128.85,0.974537,88298
240,128.812,0.974537,88320
241,128.776,0.974537,88298
242,128.739,0.974537,88298
243,128.703,0.974537,89299
244,128.667,0.974537,88798
245,128.631,0.974537,88298
246,128.596,0.974537,88298
247,128.56,0.974537,88297
248,128.525,0.974537,88799
249,128.49,0.974537,88821
250,128.456,0.974537,88800
251,128.421,0.974537,88298
252,128.387,0.974537,88297
253,128.353,0.974537,88298
254,128.319,0.974537,88297
255,128.285,0.974537,88803
256,128.252,0.974537,88296
257,128.218,0.974537,88352
258,128.185,0.974537,88298
259,128.151,0.974537,88298
260,128.118,0.974537,88296
261,128.085,0.974537,88799
262,128.052,0.974537,88799
263,128.02,0.974537,88799
264,127.987,0.974537,88297
265,127.954,0.974537,88322
266,127.922,0.974537,88298
267,127.889,0.973958,88297
268,127.857,0.973958,88296
269,127.825,0.973958,88799
270,127.793,0.973958,88297
271,127.761,0.973958,88296
272,127.729,0.973958,88332
273,127.697,0.973958,88298
274,127.665,0.973958,88295
275,127.633,0.973958,88298
276,127.601,0.973958,88298
277,127.569,0.973958,88297
278,127.537,0.973958,88800
279,127.506,0.973958,88297
280,127.474,0.973958,88345
281,127.442,0.973958,88799
282,127.411,0.973958,88800
283,127.379,0.973958,88821
284,127.348,0.973958,88346
285,127.316,0.973958,88297
286,127.285,0.974537,88347
287,127.253,0.974537,88799
288,127.222,0.974537,88821
289,127.19,0.974537,88297
290,127.159,0.974537,88298
291,127.127,0.974537,88298
292,127.096,0.974537,88801
293,127.064,0.974537,88823
294,127.033,0.974537,88883
295,127.002,0.974537,88390
296,126.97,0.974537,88299
297,126.939,0.974537,88800
298,126.907,0.974537,88297
299,126.876,0.974537,88297
300,126.844,0.974537,88799
301,126.813,0.974537,88799
302,126.782,0.974537,88298
303,126.75,0.974537,88298
304,126.719,0.974537,88299
305,126.687,0.974537,88319
306,126.656,0.974537,88298
307,126.624,0.974537,88324
308,126.592,0.974537,88825
309,126.561,0.974537,88298
310,126.529,0.974537,88799
311,126.498,0.974537,88298
312,126.466,0.974537,88298
313,126.434,0.974537,88297
314,126.402,0.974537,88298
315,126.371,0.974537,88799
316,126.339,0.975116,88298
317,126.307,0.975116,88299
318,126.275,0.975116,88296
319,126.243,0.975116,88799
320,126.211,0.975116,88319
321,126.179,0.975116,88322
322,126.147,0.975116,88297
323,126.115,0.975116,88297
324,126.083,0.975116,88340
325,126.051,0.975116,88348
326,126.019,0.975116,88321
327,125.986,0.975116,88826
328,125.954,0.975116,88800
329,125.921,0.975116,88297
330,125.889,0.975116,88299
331,125.856,0.975116,88297
332,125.824,0.975116,88297
333,125.791,0.975116,88799
334,125.758,0.975116,88323
335,125.725,0.975116,88323
336,125.692,0.975116,88299
337,125.659,0.975116,88296
338,125.626,0.975116,88298
339,125.593,0.975116,88800
340,125.56,0.975116,88328
341,125.526,0.975116,88820
342,125.493,0.975116,88798
343,125.459,0.975116,88799
344,125.425,0.976273,88800
345,125.392,0.976273,88319
346,125.358,0.976273,88298
347,125.324,0.976273,88813
348,125.289,0.976273,88299
349,125.255,0.976852,88798
350,125.221,0.976852,88298
351,125.186,0.977431,88297
352,125.151,0.977431,88298
353,125.117,0.977431,89301
354,125.082,0.977431,88797
355,125.046,0.977431,88298
356,125.011,0.977431,88799
357,124.976,0.977431,90805
358,124.94,0.977431,88798
359,124.904,0.977431,92813
360,124.868,0.977431,96325
361,124.832,0.977431,96326
362,124.795,0.977431,89300
363,124.759,0.977431,90809
364,124.722,0.977431,88798
365,124.685,0.977431,88796
366,124.648,0.977431,88821
367,124.611,0.978588,88800
368,124.573,0.978588,88295
369,124.535,0.978588,88799
370,124.497,0.978588,88320
371,124.459,0.978588,88314
372,124.42,0.978588,88799
373,124.381,0.978588,88296
374,124.342,0.978588,88800
375,124.303,0.978588,88799
376,124.263,0.978588,88297
377,124.223,0.978588,88799
378,124.183,0.978588,88299
379,124.142,0.978588,88799
380,124.101,0.978588,88798
381,124.06,0.978588,89083
382,124.019,0.978588,88799
383,123.977,0.978588,89804
384,123.935,0.978588,88344
385,123.892,0.978588,88297
386,123.85,0.978588,88298
387,123.806,0.978588,88298
388,123.763,0.978588,88296
389,123.719,0.978588,88800
390,123.675,0.978588,88297
391,123.63,0.978588,88799
392,123.585,0.978588,88297
393,123.539,0.978588,88298
394,123.493,0.978588,88298
395,123.447,0.978588,88296
396,123.4,0.978588,88798
397,123.353,0.978588,88295
398,123.305,0.978588,88298
399,123.257,0.979167,88800
400,123.209,0.979167,88297
401,123.16,0.979167,88327
402,123.11,0.979167,88299
403,123.06,0.979167,88799
404,123.01,0.979167,88297
405,122.959,0.979167,88799
406,122.907,0.979167,88799
407,122.855,0.979167,88319
408,122.803,0.979167,88319
409,122.75,0.979167,88296
410,122.696,0.979167,88800
411,122.642,0.979167,88297
412,122.587,0.979167,88298
413,122.532,0.979167,88800
414,122.476,0.979167,88343
415,122.42,0.978588,88298
416,122.363,0.978009,88799
417,122.306,0.978009,88801
418,122.248,0.978009,88298
419,122.189,0.978009,88297
420,122.13,0.978009,88322
421,122.07,0.978009,88800
422,122.009,0.978009,88314
423,121.948,0.978009,88296
424,121.887,0.978009,88799
425,121.825,0.978588,88297
426,121.762,0.978588,88799
427,121.698,0.978588,88799
428,121.634,0.978588,88799
429,121.57,0.978588,88295
430,121.505,0.978588,88296
431,121.439,0.979167,88298
432,121.372,0.979167,88821
433,121.306,0.979167,88297
434,121.238,0.979167,88297
435,121.17,0.979167,88297
436,121.102,0.979167,88297
437,121.033,0.979167,88800
438,120.964,0.979167,88297
439,120.894,0.979167,88823
440,120.824,0.979745,88297
441,120.753,0.979745,88818
442,120.682,0.979745,88800
443,120.611,0.979745,88800
444,120.54,0.979745,88834
445,120.468,0.979745,88298
446,120.396,0.979745,88799
447,120.324,0.979745,88296
448,120.252,0.979745,88297
449,120.18,0.979745,88340
450,120.107,0.979745,88298
451,120.035,0.979745,88296
452,119.963,0.980324,88298
453,119.891,0.980324,89301
454,119.819,0.979745,88800
455,119.747,0.979745,92835
456,119.676,0.979745,88821
457,119.605,0.980324,88324
458,119.534,0.980324,88799
459,119.464,0.980903,88298
460,119.394,0.980903,88799
461,119.324,0.980903,88298
462,119.256,0.980903,89303
463,119.187,0.980903,98334
464,119.119,0.980903,90305
465,119.052,0.981481,88299
466,118.986,0.981481,88799
467,118.92,0.981481,88298
468,118.855,0.980903,88318
469,118.791,0.980903,88798
470,118.728,0.980903,88297
471,118.665,0.980903,88797
472,118.603,0.980903,88319
473,118.542,0.980903,88295
474,118.482,0.980903,88298
475,118.423,0.980903,88297
476,118.364,0.980903,88298
477,118.307,0.980903,88298
478,118.25,0.980903,88800
479,118.194,0.980903,89303
480,118.139,0.980903,88799
481,118.085,0.980903,88826
482,118.032,0.980903,88320
483,117.98,0.980903,88295
484,117.928,0.980903,89803
485,117.878,0.980903,88799
486,117.828,0.980903,88798
487,117.78,0.980903,88799
488,117.732,0.980903,88298
489,117.685,0.980903,88299
490,117.639,0.980903,88298
491,117.594,0.981481,88798
492,117.549,0.981481,88297
493,117.505,0.981481,88318
494,117.463,0.981481,89800
495,117.421,0.981481,90306
496,117.379,0.981481,88753
497,117.339,0.981481,88296
498,117.299,0.981481,88799
499,117.26,0.981481,88317
500,117.222,0.981481,88821
501,117.185,0.981481,88318
502,117.148,0.981481,88298
503,117.112,0.981481,89802
504,117.076,0.981481,88819
505,117.042,0.981481,89300
506,117.008,0.981481,88298
507,116.974,0.981481,88799
508,116.942,0.981481,88322
509,116.91,0.981481,88737
510,116.878,0.981481,88817
511,116.847,0.981481,88297
512,116.817,0.981481,88850
513,116.787,0.981481,88311
514,116.758,0.981481,88297
515,116.729,0.981481,89871
516,116.701,0.981481,88849
517,116.674,0.981481,88298
518,116.647,0.981481,88799
519,116.62,0.981481,88801
520,116.594,0.981481,88800
521,116.569,0.981481,88798
522,116.544,0.981481,88799
523,116.519,0.981481,88297
524,116.495,0.981481,88297
525,116.471,0.981481,88800
526,116.448,0.981481,88296
527,116.425,0.981481,88298
528,116.403,0.981481,88297
529,116.381,0.981481,88297
530,116.359,0.981481,88801
531,116.338,0.981481,88800
532,116.317,0.981481,88299
533,116.297,0.981481,88298
534,116.277,0.981481,88299
535,116.257,0.981481,88342
536,116.237,0.981481,88297
537,116.218,0.981481,88297
538,116.2,0.981481,89301
539,116.181,0.981481,88800
540,116.163,0.98206,92340
541,116.145,0.98206,88797
542,116.128,0.98206,88799
543,116.111,0.98206,89300
544,116.094,0.98206,88799
545,116.077,0.98206,88799
546,116.061,0.98206,88299
547,116.045,0.98206,88822
548,116.029,0.98206,88297
549,116.014,0.98206,88823
550,115.998,0.98206,88319
551,115.983,0.981481,88342
552,115.969,0.981481,88321
553,115.954,0.981481,88799
554,115.94,0.981481,88321
555,115.926,0.981481,88297
556,115.912,0.981481,88298
557,115.898,0.981481,88352
558,115.885,0.981481,88321
559,115.871,0.981481,88801
560,115.858,0.981481,88319
561,115.846,0.981481,88299
562,115.833,0.981481,88322
563,115.82,0.981481,88298
564,115.808,0.981481,88799
565,115.796,0.981481,88317
566,115.784,0.98206,88798
567,115.773,0.98206,88299
568,115.761,0.982639,88322
569,115.75,0.982639,88298
570,115.738,0.982639,88298
571,115.727,0.982639,88298
572,115.716,0.982639,88297
573,115.706,0.982639,88800
574,115.695,0.982639,88800
575,115.685,0.982639,88296
576,115.674,0.982639,88826
577,115.664,0.982639,88320
578,115.654,0.982639,88297
579,115.644,0.982639,88320
580,115.635,0.982639,88320
581,115.625,0.982639,89301
582,115.616,0.982639,88716
583,115.606,0.982639,88800
584,115.597,0.982639,88298
585,115.588,0.982639,88799
586,115.579,0.982639,88799
587,115.57,0.982639,88298
588,115.561,0.982639,88799
589,115.553,0.982639,88823
590,115.544,0.982639,88297
591,115.536,0.982639,88297
592,115.527,0.982639,88800
593,115.519,0.982639,88297
594,115.511,0.982639,88298
595,115.503,0.982639,88799
596,115.495,0.982639,89297
597,115.487,0.982639,88799
598,115.479,0.982639,88298
599,115.472,0.982639,87796
600,115.464,0.982639,88299
601,115.457,0.982639,88298
602,115.449,0.982639,87796
603,115.442,0.982639,88296
604,115.435,0.982639,88298
605,115.428,0.982639,88800
606,115.421,0.982639,88298
607,115.414,0.982639,88298
608,115.407,0.982639,88298
609,115.4,0.982639,88298
610,115.393,0.982639,88298
611,115.387,0.982639,88300
612,115.38,0.982639,88799
613,115.374,0.982639,88800
614,115.367,0.982639,88300
615,115.361,0.982639,88298
616,115.355,0.982639,88322
617,115.348,0.982639,88297
618,115.342,0.982639,88298
619,115.336,0.982639,88800
620,115.33,0.982639,88297
621,115.324,0.982639,88297
622,115.318,0.982639,88298
623,115.312,0.982639,88799
624,115.307,0.982639,88800
625,115.301,0.982639,88798
626,115.295,0.982639,88872
627,115.29,0.982639,88800
628,115.284,0.982639,88299
629,115.278,0.982639,88799
630,115.273,0.982639,88799
631,115.268,0.982639,88297
632,115.262,0.982639,88297
633,115.257,0.982639,88297
634,115.252,0.982639,88319
635,115.246,0.982639,88823
636,115.241,0.982639,88319
637,115.236,0.982639,88798
638,115.231,0.982639,88297
639,115.226,0.982639,88321
640,115.221,0.982639,88296
641,115.216,0.982639,89334
642,115.211,0.982639,88297
643,115.206,0.982639,88297
644,115.202,0.982639,88341
645,115.197,0.982639,88298
646,115.192,0.982639,88298
647,115.187,0.982639,88800
648,115.183,0.982639,88297
649,115.178,0.982639,88322
650,115.174,0.982639,88799
651,115.169,0.982639,88297
652,115.165,0.982639,88322
653,115.16,0.982639,88298
654,115.156,0.982639,88297
655,115.151,0.982639,88799
656,115.147,0.982639,88349
657,115.143,0.982639,88298
658,115.138,0.982639,88799
659,115.134,0.982639,88341
660,115.13,0.982639,88297
661,115.126,0.98206,88297
662,115.121,0.98206,88297
663,115.117,0.98206,88322
664,115.113,0.98206,88298
665,115.109,0.98206,88799
666,115.105,0.98206,88824
667,115.101,0.98206,88799
668,115.097,0.98206,88800
669,115.093,0.98206,88799
670,115.089,0.98206,88801
671,115.085,0.98206,88297
672,115.081,0.98206,88297
673,115.077,0.98206,88798
674,115.073,0.98206,88297
675,115.069,0.98206,88800
676,115.066,0.98206,88321
677,115.062,0.98206,88346
678,115.058,0.98206,88320
679,115.054,0.98206,88298
680,115.05,0.98206,88799
681,115.047,0.98206,88322
682,115.043,0.98206,88799
683,115.039,0.98206,88799
684,115.036,0.98206,88324
685,115.032,0.98206,88297
686,115.028,0.98206,88799
687,115.025,0.98206,88297
688,115.021,0.98206,88296
689,115.017,0.98206,88320
690,115.014,0.98206,88299
691,115.01,0.98206,88820
692,115.006,0.98206,88297
693,115.003,0.98206,88297
694,114.999,0.98206,88322
695,114.996,0.98206,88297
696,114.992,0.98206,88823
697,114.989,0.98206,88298
698,114.985,0.98206,88315
699,114.982,0.98206,88297
700,114.978,0.98206,88298
701,114.975,0.98206,88298
702,114.971,0.98206,88801
703,114.968,0.98206,88831
704,114.964,0.98206,88799
705,114.961,0.98206,88800
706,114.957,0.98206,88797
707,114.954,0.98206,88299
708,114.95,0.98206,88319
709,114.947,0.98206,88799
710,114.943,0.98206,88799
711,114.94,0.98206,88295
712,114.936,0.98206,88297
713,114.933,0.98206,88296
714,114.929,0.98206,88319
715,114.926,0.98206,88319
716,114.922,0.98206,88299
717,114.919,0.98206,88298
718,114.915,0.98206,88822
719,114.912,0.98206,88298
720,114.908,0.98206,88799
721,114.905,0.98206,88319
722,114.902,0.98206,88300
723,114.898,0.98206,88321
724,114.895,0.98206,88799
725,114.891,0.98206,88297
726,114.888,0.98206,88346
727,114.884,0.98206,88320
728,114.88,0.98206,88315
729,114.877,0.98206,88298
730,114.873,0.98206,88297
731,114.87,0.98206,88297
732,114.866,0.98206,88300
733,114.863,0.98206,88297
734,114.859,0.98206,88799
735,114.856,0.98206,88298
736,114.852,0.98206,88801
737,114.848,0.98206,88821
738,114.845,0.98206,88297
739,114.841,0.98206,88298
740,114.838,0.98206,88298
741,114.834,0.98206,88826
742,114.83,0.98206,88450
743,114.827,0.98206,88799
744,114.823,0.98206,88800
745,114.819,0.98206,88799
746,114.816,0.981481,88345
747,114.812,0.981481,88322
748,114.808,0.981481,88298
749,114.804,0.981481,88319
750,114.801,0.981481,88298
751,114.797,0.981481,88800
752,114.793,0.981481,88800
753,114.789,0.981481,88799
754,114.785,0.981481,88297
755,114.782,0.981481,88297
756,114.778,0.981481,88297
757,114.774,0.981481,88799
758,114.77,0.981481,88315
759,114.766,0.981481,88798
760,114.762,0.981481,88297
761,114.758,0.981481,88824
762,114.754,0.981481,88296
763,114.75,0.981481,88799
764,114.746,0.981481,88319
765,114.742,0.981481,88317
766,114.738,0.981481,88298
767,114.734,0.981481,88334
768,114.73,0.981481,88297
769,114.726,0.981481,88799
770,114.722,0.981481,88299
771,114.718,0.981481,88320
772,114.714,0.981481,88321
773,114.709,0.981481,88800
774,114.705,0.981481,88299
775,114.701,0.981481,88297
776,114.697,0.981481,88297
777,114.692,0.981481,88298
778,114.688,0.981481,88799
779,114.684,0.981481,88297
780,114.68,0.981481,88296
781,114.675,0.981481,88320
782,114.671,0.981481,88297
783,114.666,0.981481,88798
784,114.662,0.981481,88344
785,114.658,0.981481,88296
786,114.653,0.981481,88298
787,114.649,0.981481,88800
788,114.644,0.981481,88297
789,114.64,0.981481,88335
790,114.635,0.981481,88799
791,114.631,0.981481,88325
792,114.626,0.981481,88298
793,114.621,0.981481,88799
794,114.617,0.981481,88298
795,114.612,0.981481,88297
796,114.607,0.981481,88297
797,114.603,0.981481,88799
798,114.598,0.981481,88799
799,114.593,0.981481,88341
800,114.589,0.981481,88821
801,114.584,0.981481,88800
802,114.579,0.981481,88297
803,114.574,0.981481,88297
804,114.569,0.981481,88319
805,114.565,0.981481,88320
806,114.56,0.981481,88298
807,114.555,0.981481,88297
808,114.55,0.981481,88298
809,114.545,0.981481,88799
810,114.54,0.981481,88297
811,114.535,0.981481,88297
812,114.53,0.981481,88296
813,114.525,0.981481,88801
814,114.52,0.981481,88798
815,114.515,0.981481,88297
816,114.51,0.981481,88321
817,114.505,0.981481,88297
818,114.5,0.981481,88321
819,114.495,0.981481,88297
820,114.49,0.981481,88298
821,114.485,0.981481,88297
822,114.479,0.981481,88298
823,114.474,0.981481,88822
824,114.469,0.981481,88797
825,114.464,0.981481,88823
826,114.459,0.981481,89303
827,114.453,0.981481,88297
828,114.448,0.981481,88297
829,114.443,0.981481,88321
830,114.438,0.981481,88800
831,114.432,0.981481,88323
832,114.427,0.981481,88298
833,114.422,0.981481,88296
834,114.417,0.981481,88298
835,114.411,0.981481,88298
836,114.406,0.981481,88299
837,114.401,0.981481,88799
838,114.395,0.981481,88297
839,114.39,0.981481,88800
840,114.384,0.981481,88317
841,114.379,0.981481,88297
842,114.374,0.981481,88298
843,114.368,0.981481,88298
844,114.363,0.981481,88298
845,114.357,0.981481,88298
846,114.352,0.981481,88798
847,114.347,0.981481,88362
848,114.341,0.981481,88298
849,114.336,0.981481,88799
850,114.33,0.981481,88826
851,114.325,0.981481,88788
852,114.319,0.981481,88298
853,114.314,0.981481,88801
854,114.308,0.981481,88799
855,114.303,0.980903,88298
856,114.297,0.980903,88298
857,114.292,0.980903,88298
858,114.286,0.980903,88316
859,114.281,0.980903,88298
860,114.276,0.980324,88298
861,114.27,0.980324,88298
862,114.265,0.980324,88823
863,114.259,0.980324,88297
864,114.254,0.980324,88319
865,114.248,0.980324,88298
866,114.243,0.980324,88298
867,114.237,0.980324,88297
868,114.232,0.980324,88297
869,114.226,0.980324,88324
870,114.221,0.980324,88297
871,114.215,0.980324,88297
872,114.21,0.980324,88322
873,114.204,0.980324,88348
874,114.199,0.980324,88297
875,114.193,0.980324,88318
876,114.188,0.980324,88298
877,114.183,0.980324,88817
878,114.177,0.980324,88797
879,114.172,0.980324,88296
880,114.166,0.980324,88800
881,114.161,0.980324,88298
882,114.155,0.980324,88800
883,114.15,0.980324,88799
884,114.145,0.980324,88799
885,114.139,0.980324,88798
886,114.134,0.980324,88298
887,114.129,0.980324,88800
888,114.123,0.980324,88297
889,114.118,0.980324,88297
890,114.113,0.980324,88297
891,114.107,0.980324,88799
892,114.102,0.980324,88296
893,114.097,0.980324,88298
894,114.091,0.980324,88295
895,114.086,0.980324,88320
896,114.081,0.980324,88322
897,114.076,0.980324,88800
898,114.071,0.980324,88297
899,114.065,0.980324,88531
900,114.06,0.980324,88298
901,114.055,0.980324,88320
902,114.05,0.980324,88297
903,114.045,0.980324,88799
904,114.039,0.980324,88298
905,114.034,0.980324,88799
906,114.029,0.980324,88297
907,114.024,0.980324,88298
908,114.019,0.980324,88298
909,114.014,0.980324,88799
910,114.009,0.980903,88297
911,114.004,0.980903,88822
912,113.999,0.980903,88798
913,113.994,0.980903,88296
914,113.989,0.980903,88802
915,113.984,0.980903,88297
916,113.979,0.980903,88297
917,113.974,0.980903,88297
918,113.969,0.980903,88820
919,113.964,0.980903,88296
920,113.96,0.980903,88299
921,113.955,0.980903,88297
922,113.95,0.980903,88297
923,113.945,0.980903,88297
924,113.94,0.980903,88297
925,113.936,0.980903,89318
926,113.931,0.980903,88799
927,113.926,0.980903,88297
928,113.921,0.980903,88800
929,113.917,0.980903,88297
930,113.912,0.980903,88320
931,113.907,0.980903,88298
932,113.903,0.980903,88297
933,113.898,0.980903,88298
934,113.893,0.980903,88322
935,113.889,0.980903,88298
936,113.884,0.980903,88799
937,113.88,0.980903,88800
938,113.875,0.980903,88321
939,113.871,0.980903,88300
940,113.866,0.980903,88297
941,113.862,0.980903,88798
942,113.857,0.980903,88800
943,113.853,0.980903,88320
944,113.848,0.980903,88297
945,113.844,0.980903,88298
946,113.84,0.980903,87821
947,113.835,0.980903,88298
948,113.831,0.980903,88296
949,113.827,0.980903,88799
950,113.822,0.980903,88320
951,113.818,0.980903,88297
952,113.814,0.980903,88296
953,113.809,0.980903,88298
954,113.805,0.980903,88799
955,113.801,0.980903,88800
956,113.797,0.980903,88821
957,113.793,0.980903,88365
958,113.788,0.980903,88297
959,113.784,0.980903,88800
960,113.78,0.980903,88297
961,113.776,0.980903,88799
962,113.772,0.980903,88822
963,113.768,0.980903,88297
964,113.764,0.980903,88799
965,113.76,0.980903,88298
966,113.756,0.980903,88298
967,113.752,0.980903,88802
968,113.748,0.980903,88298
969,113.744,0.980903,88297
970,113.74,0.980903,88296
971,113.736,0.980903,88300
972,113.732,0.980903,88798
973,113.728,0.980903,88298
974,113.724,0.980903,88821
975,113.72,0.980903,88297
976,113.716,0.980903,88298
977,113.712,0.980903,88322
978,113.709,0.980903,88320
979,113.705,0.980903,88799
980,113.701,0.980903,88295
981,113.697,0.980903,89301
982,113.693,0.980903,88799
983,113.69,0.980903,88799
984,113.686,0.980903,88297
985,113.682,0.980903,88298
986,113.678,0.980903,88798
987,113.675,0.980903,88319
988,113.671,0.980903,88298
989,113.667,0.980903,88343
990,113.664,0.980903,88297
991,113.66,0.980903,88296
992,113.656,0.980903,88800
993,113.653,0.980903,88345
994,113.649,0.980903,88800
995,113.646,0.980903,88342
996,113.642,0.980903,88799
997,113.639,0.980903,88824
998,113.635,0.980903,88297
999,113.631,0.980903,88298
Done! Press enter to close the program.
