Normalizing data...
Randomizing order of the data...
Creating Neural Network (21, 13, 4)
Current weights set to:
0.0627064, -0.0725822, 0.0679983, -0.0853328, 0.051793, 0.0620045, -0.092468, 0.0197119, 0.00512406, -0.0217261, 0.084991, -0.0566942, -0.0377972, 0.0363445, -0.0157994, 0.0414045, 0.0326151, 0.0751274, 0.085406, -0.0175695, -0.0161596, -0.0260964, -0.0944761, 0.0512131, -0.0455245, 0.0376934, 0.0671133, 0.0673574, -0.075927, -0.087286, -0.0230811, 0.07434, 0.0708853, 0.0381634, 0.095587, 0.0555651, 0.0487106, -0.0594409, 0.0795709, 0.0335795, -0.0857784, -0.0230323, -0.0234474, 0.00878628, -0.0641469, 0.0332316, -0.0443464, 0.0938414, 0.0155736, -0.016422, -0.0463485, 0.0999939, -0.0451277, 0.0178076, -0.0815485, -0.0683401, 0.0960631, 0.042259, 0.0311075, 0.0454451, -0.0297342, 0.0609363, -0.0124668, -0.0702139, 0.083282, -0.0571276, -0.0786554, 0.0617115, 0.0705802, 0.0821467, 0.0488815, 0.096643, -0.0472945, -0.0433454, 0.017716, -0.0522691, -0.0776849, 0.0920774, 0.0400678, -0.0890988, -0.00590533, 0.0370037, -0.00793176, 0.0918088, -0.0511643, 0.0558031, -0.0395795, 0.0910215, -0.0971129, -0.0547777, 0.0174718, 0.00365917, -0.0657338, 0.0811029, -0.0938475, 0.0897336, 0.0966369, -0.0986328, 0.0158422, -0.0285623, 0.0524216, -0.0682913, -0.069451, -0.0863765, 0.0563646, -0.0400372, -0.0694021, 0.0437849, -0.079339, 0.0656606, -0.0709098, 0.0676504, 0.0930296, -0.089172, 0.0243385, -0.0631642, 0.078869, -0.00150456, -0.0503708, 0.0246376, -0.0611194, -0.0951598, 0.00146794, 0.0662709, 0.093292, -0.00839564, -0.0724479, 0.0198523, -0.036082, 0.00470901, -0.0441328, -0.0956847, 0.0854854, 0.0654897, 0.0459212, -0.0294717, 0.0172338, 0.0607715, -0.0564257, 0.0618397, 0.0862178, -0.0619922, -0.0793756, -0.0796258, 0.093469, -0.0882382, -0.0196081, 0.0952879, 0.0143468, 0.0877255, 0.0105625, 0.00912809, 0.0242042, -0.0893918, 0.0645802, 0.0387982, 0.0807672, -0.0578784, 0.0527635, -0.0329264, -0.00564287, -0.0247902, 0.0244911, 0.0611927, 0.0172887, -0.00905484, -0.0774163, -0.0654225, 0.0836116, -0.0358074, -0.00874355, 0.048027, -0.0694571, 0.0244179, -0.0811762, 0.00663167, 0.0327799, -0.0222694, 0.096411, -0.0913999, -0.0190893, 0.096588, 0.0739189, -0.0976501, 0.0352702, -0.0167089, -0.00545366, 0.00800501, 0.0864071, 0.0135594, 0.0890561, -0.0404401, -0.0465621, -0.0335612, 0.0110141, -0.075866, 0.0515854, -0.0532029, 0.0943724, 0.054265, -0.0399701, 0.00662557, -0.0854854, -0.0702445, -0.0785272, -0.0285867, 0.0340861, 0.0452132, 0.00456252, 0.077929, -0.0851802, -0.000503555, -0.039555, -0.0705741, 0.0766594, -0.0565722, -0.0952574, -0.0251259, 0.0853755, -0.058092, 0.056151, 0.0180639, 0.0499496, 0.00674764, 0.0628895, -0.0367901, 0.0109897, 0.0564745, -0.0516099, -0.0969726, -0.0986267, -0.0406842, 0.00729087, -0.044322, 0.0604724, -0.084344, 0.0830805, -0.0432173, -0.0169408, -0.0638356, -0.0413312, 0.0127842, 0.0843135, 0.0719291, 0.0910886, 0.0218482, -0.0379925, -0.0472884, 0.0215491, -0.0313822, -0.0627003, 0.0897824, 0.0921934, 0.09906, -0.0447737, 0.0993042, 0.000680563, -0.0184118, 0.0262246, -0.0972106, 0.0239662, -0.0391522, 0.089935, 0.0607349, 0.0424299, 0.0102329, 0.0824946, 0.0956359, -0.00432447, 0.0895627, 0.0886532, -0.039201, -0.0987976, 0.0140049, -0.0401898, -0.0889096, 0.0672231, -0.0593127, 0.0794183, -0.0681814, 0.0308512, 0.0790277, 0.0568224, -0.0178625, 0.0529893, -0.0688162, 0.0309122, 0.0091525, -0.0989563, 0.0688833, -0.0352214, -0.0110813, -0.0491867, -0.0472701, 0.0126255, -0.0492599, -0.0612598, 0.000424207, -0.059801, 0.0408185, -0.00415357, 0.0100192, 0.0800043, -0.0183447, 0.094525, -0.0554857, 0.00249947, -0.0165502, -0.0605274, -0.0159581, -0.0153966, 0.0636036, 0.0340556, 0.0518418, 0.056682, 0.0307474, -0.0467696, -0.0796381, -0.0907224, 0.0894711, -0.0455367, -0.0963378, 0.040965, -0.0780633, -0.0423017, 0.0423994, 0.0282998, 0.00283517, 0.0257607, -0.0123753, 0.0994629, 0.00360424, -0.0236, 0.0897092, 0.092523, 0.0425398, 0.0572253, 0.0985229, -0.020188, 0.0367107, -0.0852657, -0.0187414, 0.0395367, -0.087817, -0.0111667, 0.0640797, 0.0558702, -0.0713736, -0.0361309, 0.00374462, 0.0288614, 0.0746757, 0.0076632, -0.00425733, -0.0246742, -0.00982391, 0.0296304, -0.0751885, -0.0979614, -0.0282632, 0.0892819, 0.0644581, -0.0676138,


Starting training using BP on Car Evaluation Set
Press enter to start the training.

0,774.497,0.700231,88797
1,724.662,0.700231,88322
2,611.868,0.700231,88298
3,498.259,0.83044,88801
4,439.436,0.870949,88296
5,410.3,0.872106,88826
6,393.604,0.871528,90828
7,382.658,0.875579,88299
8,374.718,0.876736,90349
9,368.522,0.876736,88857
10,363.417,0.875579,88802
11,359.026,0.876736,89300
12,355.115,0.877894,89804
13,351.521,0.877315,93816
14,348.131,0.877315,96827
15,344.858,0.877315,89301
16,341.633,0.877894,89301
17,338.403,0.878472,88801
18,335.124,0.878472,88801
19,331.761,0.877894,88799
20,328.282,0.877894,88914
21,324.658,0.877894,89302
22,320.864,0.877894,88800
23,316.877,0.876736,89301
24,312.681,0.876736,89302
25,308.269,0.877315,88298
26,303.644,0.877315,91864
27,298.822,0.878472,92310
28,293.832,0.881366,94821
29,288.71,0.885417,90304
30,283.504,0.887731,94820
31,278.262,0.890046,94318
32,273.035,0.893519,89379
33,267.87,0.896412,90807
34,262.807,0.899306,91810
35,257.878,0.901042,89802
36,253.103,0.902778,88296
37,248.496,0.904514,88298
38,244.061,0.906829,88297
39,239.796,0.906829,88801
40,235.697,0.907407,88298
41,231.758,0.91088,88299
42,227.974,0.914352,88314
43,224.337,0.918403,88297
44,220.846,0.921296,88296
45,217.496,0.921875,88298
46,214.285,0.923032,97831
47,211.213,0.925926,88799
48,208.277,0.926505,88298
49,205.474,0.926505,88825
50,202.802,0.927662,91308
51,200.255,0.928241,90806
52,197.83,0.928241,88800
53,195.521,0.929398,88825
54,193.322,0.929398,91809
55,191.228,0.929398,94820
56,189.231,0.930556,93316
57,187.326,0.931134,88799
58,185.508,0.932292,88799
59,183.771,0.933449,92311
60,182.109,0.934606,89803
61,180.517,0.936343,89301
62,178.991,0.936921,92813
63,177.527,0.938657,89803
64,176.12,0.940972,94319
65,174.768,0.942708,88800
66,173.466,0.942708,91807
67,172.212,0.943287,89299
68,171.002,0.943287,89804
69,169.836,0.943866,92312
70,168.709,0.945023,97830
71,167.621,0.945602,91337
72,166.568,0.945602,89301
73,165.55,0.945602,89301
74,164.565,0.945602,98834
75,163.611,0.946181,93817
76,162.687,0.946181,88800
77,161.792,0.946181,91308
78,160.925,0.947338,91309
79,160.084,0.947917,93816
80,159.269,0.948495,91809
81,158.478,0.949074,90808
82,157.711,0.949074,93834
83,156.967,0.949653,93818
84,156.245,0.95081,88800
85,155.544,0.952546,88361
86,154.864,0.952546,88298
87,154.205,0.952546,93313
88,153.564,0.953704,88801
89,152.942,0.953704,89300
90,152.338,0.954282,89302
91,151.752,0.95544,88826
92,151.182,0.95544,88799
93,150.629,0.956019,88801
94,150.091,0.956597,93313
95,149.569,0.956597,88801
96,149.061,0.957176,91810
97,148.567,0.958333,89803
98,148.087,0.958333,88800
99,147.62,0.958333,94818
100,147.165,0.959491,89303
101,146.723,0.959491,88297
102,146.292,0.960069,88805
103,145.872,0.961227,89802
104,145.463,0.961806,89301
105,145.064,0.961806,88298
106,144.675,0.961806,89299
107,144.295,0.962384,89302
108,143.924,0.963542,88799
109,143.562,0.964699,92813
110,143.208,0.965278,88800
111,142.862,0.965278,88799
112,142.523,0.965856,88800
113,142.192,0.965856,88801
114,141.867,0.966435,89802
115,141.55,0.966435,88800
116,141.238,0.967014,89803
117,140.932,0.967014,88298
118,140.632,0.967014,88298
119,140.338,0.967014,88800
120,140.05,0.967014,94317
121,139.766,0.967593,89303
122,139.487,0.967593,88297
123,139.214,0.967593,88800
124,138.945,0.967593,89300
125,138.681,0.968171,88801
126,138.421,0.968171,89301
127,138.166,0.968171,91808
128,137.916,0.968171,92313
129,137.67,0.968171,89803
130,137.428,0.968171,88299
131,137.19,0.968171,94820
132,136.957,0.968171,92311
133,136.728,0.968171,91308
134,136.503,0.968171,88798
135,136.282,0.96875,88300
136,136.066,0.96875,88299
137,135.854,0.96875,89302
138,135.645,0.96875,90305
139,135.442,0.968171,88800
140,135.242,0.968171,88801
141,135.046,0.968171,89303
142,134.854,0.968171,88800
143,134.667,0.96875,88799
144,134.484,0.96875,89302
145,134.304,0.96875,89302
146,134.129,0.96875,88825
147,133.957,0.96875,90807
148,133.79,0.96875,88297
149,133.626,0.96875,88798
150,133.466,0.96875,89804
151,133.31,0.96875,88799
152,133.157,0.96875,90808
153,133.009,0.96875,93315
154,132.864,0.969907,88798
155,132.722,0.969907,91308
156,132.584,0.969907,88298
157,132.449,0.969907,88800
158,132.317,0.969907,89301
159,132.189,0.969907,98333
160,132.064,0.969907,88296
161,131.942,0.970486,88800
162,131.823,0.970486,92311
163,131.707,0.971065,90806
164,131.594,0.971065,92311
165,131.484,0.971065,90808
166,131.377,0.971065,89802
167,131.272,0.971065,88798
168,131.17,0.971065,88800
169,131.07,0.971065,90806
170,130.973,0.971065,88300
171,130.878,0.971065,90806
172,130.786,0.971065,88299
173,130.696,0.971065,88800
174,130.608,0.971065,88821
175,130.522,0.971065,88800
176,130.438,0.971065,89301
177,130.356,0.971065,89299
178,130.276,0.971065,88800
179,130.198,0.971065,89300
180,130.121,0.971065,88554
181,130.047,0.971065,89300
182,129.974,0.971065,89301
183,129.903,0.971065,89827
184,129.833,0.971065,88802
185,129.765,0.971065,89300
186,129.698,0.972222,89301
187,129.632,0.972222,88801
188,129.568,0.972222,89303
189,129.506,0.972222,88801
190,129.444,0.972222,88799
191,129.384,0.972222,88801
192,129.325,0.972222,90805
193,129.267,0.972222,88802
194,129.21,0.972222,88298
195,129.154,0.972222,88798
196,129.098,0.972222,88800
197,129.044,0.972222,88800
198,128.991,0.972222,88298
199,128.939,0.972222,95320
200,128.887,0.972222,88800
201,128.836,0.972222,88297
202,128.786,0.972222,88800
203,128.737,0.972222,90326
204,128.688,0.972801,88800
205,128.64,0.972801,89301
206,128.592,0.972801,88800
207,128.545,0.972801,88823
208,128.499,0.972801,89802
209,128.453,0.972801,92814
210,128.408,0.972801,89302
211,128.363,0.972801,88800
212,128.318,0.972801,88799
213,128.274,0.972801,88322
214,128.23,0.972801,88800
215,128.186,0.972801,89301
216,128.143,0.972801,88799
217,128.1,0.972801,88297
218,128.058,0.97338,92813
219,128.015,0.97338,88799
220,127.973,0.97338,88299
221,127.931,0.97338,88298
222,127.889,0.97338,88300
223,127.848,0.97338,92813
224,127.806,0.97338,89302
225,127.765,0.97338,92815
226,127.723,0.97338,88799
227,127.682,0.97338,89301
228,127.641,0.97338,91308
229,127.6,0.97338,91307
230,127.559,0.973958,90806
231,127.518,0.973958,100842
232,127.477,0.973958,92313
233,127.436,0.973958,89803
234,127.395,0.973958,88799
235,127.354,0.973958,88801
236,127.313,0.973958,90305
237,127.271,0.973958,88298
238,127.23,0.973958,88801
239,127.189,0.973958,90304
240,127.148,0.973958,89826
241,127.106,0.973958,90806
242,127.065,0.973958,89301
243,127.023,0.973958,90108
244,126.981,0.973958,90806
245,126.94,0.97338,89299
246,126.898,0.97338,88297
247,126.856,0.97338,88864
248,126.813,0.97338,96826
249,126.771,0.97338,88826
250,126.728,0.97338,93316
251,126.686,0.97338,88800
252,126.643,0.97338,89301
253,126.6,0.97338,89301
254,126.557,0.97338,91810
255,126.514,0.97338,90807
256,126.47,0.97338,92812
257,126.427,0.973958,88801
258,126.383,0.973958,88800
259,126.339,0.973958,92312
260,126.295,0.973958,89804
261,126.25,0.973958,90304
262,126.206,0.973958,90305
263,126.161,0.973958,91810
264,126.117,0.973958,90303
265,126.072,0.973958,88801
266,126.026,0.973958,88800
267,125.981,0.973958,93315
268,125.936,0.973958,89301
269,125.89,0.973958,89301
270,125.844,0.973958,90305
271,125.798,0.973958,91067
272,125.752,0.973958,90831
273,125.706,0.973958,89302
274,125.659,0.973958,88800
275,125.613,0.973958,89804
276,125.566,0.974537,88799
277,125.519,0.974537,90304
278,125.472,0.974537,88799
279,125.425,0.974537,89324
280,125.378,0.974537,89302
281,125.33,0.974537,88800
282,125.283,0.974537,88799
283,125.235,0.974537,88298
284,125.188,0.974537,88799
285,125.14,0.974537,89302
286,125.092,0.974537,89803
287,125.044,0.974537,90806
288,124.996,0.974537,88298
289,124.948,0.974537,88800
290,124.9,0.974537,89802
291,124.852,0.974537,88800
292,124.804,0.974537,88298
293,124.756,0.974537,93817
294,124.708,0.974537,89384
295,124.66,0.974537,88800
296,124.612,0.974537,90805
297,124.564,0.974537,89303
298,124.516,0.974537,89803
299,124.469,0.974537,91570
300,124.421,0.974537,88800
301,124.373,0.973958,94821
302,124.325,0.973958,89301
303,124.278,0.973958,89323
304,124.231,0.973958,88299
305,124.183,0.973958,88324
306,124.136,0.973958,88799
307,124.089,0.973958,90806
308,124.042,0.973958,93315
309,123.996,0.973958,89303
310,123.949,0.973958,89802
311,123.903,0.973958,88800
312,123.857,0.974537,89302
313,123.811,0.974537,93314
314,123.766,0.974537,88297
315,123.72,0.974537,89804
316,123.675,0.974537,91308
317,123.63,0.974537,91307
318,123.585,0.974537,92312
319,123.541,0.974537,88800
320,123.497,0.974537,88799
321,123.453,0.974537,88800
322,123.41,0.974537,89304
323,123.367,0.974537,88801
324,123.324,0.974537,90807
325,123.281,0.974537,97330
326,123.239,0.974537,89804
327,123.197,0.975116,96325
328,123.155,0.975116,96324
329,123.114,0.975116,88799
330,123.073,0.975116,88798
331,123.033,0.975116,88802
332,122.993,0.975116,90303
333,122.953,0.975116,89340
334,122.913,0.975116,87796
335,122.874,0.975116,93816
336,122.836,0.975116,93315
337,122.798,0.975116,88599
338,122.76,0.975116,88800
339,122.722,0.975116,89301
340,122.685,0.975116,88296
341,122.648,0.975116,88800
342,122.612,0.975116,88801
343,122.576,0.975116,92813
344,122.541,0.975694,88297
345,122.506,0.975694,88798
346,122.471,0.975694,88799
347,122.437,0.975694,88801
348,122.403,0.975694,90804
349,122.369,0.975694,94819
350,122.336,0.975694,91308
351,122.303,0.975694,91809
352,122.271,0.975694,93866
353,122.239,0.975694,88297
354,122.208,0.975694,89301
355,122.177,0.975694,88798
356,122.146,0.975694,88800
357,122.116,0.975694,92813
358,122.086,0.975694,88800
359,122.057,0.975694,89806
360,122.028,0.975694,89803
361,121.999,0.975694,88800
362,121.971,0.975694,92564
363,121.943,0.975694,88820
364,121.916,0.975694,88797
365,121.888,0.975694,89302
366,121.862,0.975694,89302
367,121.835,0.975694,89829
368,121.81,0.975694,89803
369,121.784,0.975694,94694
370,121.759,0.975694,90304
371,121.734,0.975694,92310
372,121.71,0.975694,88800
373,121.686,0.975694,89303
374,121.662,0.975694,91307
375,121.639,0.975694,91811
376,121.616,0.975694,90877
377,121.593,0.975694,89301
378,121.571,0.975694,91809
379,121.549,0.975694,88801
380,121.527,0.975694,89302
381,121.506,0.975694,90304
382,121.485,0.975694,90305
383,121.464,0.975694,93317
384,121.444,0.975694,89804
385,121.424,0.975694,91309
386,121.405,0.975694,88801
387,121.385,0.975694,92813
388,121.366,0.975694,97328
389,121.348,0.975694,88800
390,121.329,0.975694,89302
391,121.311,0.975116,89323
392,121.293,0.975694,98834
393,121.276,0.975694,89303
394,121.259,0.975694,90807
395,121.242,0.975694,89802
396,121.225,0.975694,88802
397,121.209,0.975694,88322
398,121.193,0.975694,88798
399,121.177,0.975694,91811
400,121.161,0.975694,88798
401,121.146,0.975694,88800
402,121.131,0.975694,89805
403,121.116,0.975694,88298
404,121.102,0.975694,88801
405,121.087,0.975694,88298
406,121.073,0.975694,91307
407,121.06,0.975694,95354
408,121.046,0.975694,90831
409,121.033,0.975694,88299
410,121.02,0.975694,88799
411,121.007,0.975694,88799
412,120.994,0.975694,89802
413,120.981,0.975694,88800
414,120.969,0.975694,89803
415,120.957,0.975694,93817
416,120.945,0.975694,88800
417,120.934,0.975694,90304
418,120.922,0.975694,88798
419,120.911,0.975694,89302
420,120.9,0.975694,88800
421,120.889,0.975694,88298
422,120.878,0.975694,89804
423,120.868,0.975694,88799
424,120.858,0.975694,93317
425,120.847,0.975694,88298
426,120.837,0.975694,88800
427,120.828,0.975694,92311
428,120.818,0.975694,88299
429,120.809,0.975694,88802
430,120.799,0.975694,90303
431,120.79,0.975694,88297
432,120.781,0.975694,89302
433,120.772,0.975694,88800
434,120.764,0.976273,89299
435,120.755,0.976273,88800
436,120.747,0.976273,92311
437,120.738,0.976273,90804
438,120.73,0.976273,88802
439,120.722,0.976273,93315
440,120.714,0.976273,89302
441,120.707,0.976273,91809
442,120.699,0.976273,89301
443,120.691,0.976273,88298
444,120.684,0.976273,92312
445,120.677,0.976273,89301
446,120.67,0.976273,88320
447,120.663,0.976273,88801
448,120.656,0.976273,90304
449,120.649,0.976273,88797
450,120.642,0.976273,91308
451,120.636,0.976273,91810
452,120.629,0.976273,89301
453,120.623,0.976273,88798
454,120.617,0.976273,88862
455,120.611,0.976273,88800
456,120.605,0.976273,93314
457,120.599,0.976273,95322
458,120.593,0.976273,88297
459,120.587,0.976273,90825
460,120.581,0.976273,88818
461,120.576,0.976273,90807
462,120.57,0.976273,89423
463,120.565,0.976273,88799
464,120.559,0.976273,88299
465,120.554,0.976273,88798
466,120.549,0.976273,90805
467,120.544,0.976273,90806
468,120.539,0.976273,90806
469,120.534,0.976273,90808
470,120.529,0.976273,91308
471,120.524,0.976273,89801
472,120.519,0.976273,89804
473,120.515,0.976273,88800
474,120.51,0.976273,89300
475,120.505,0.976273,90807
476,120.501,0.976273,91307
477,120.497,0.976273,88800
478,120.492,0.976273,88800
479,120.488,0.976273,90306
480,120.484,0.975694,88799
481,120.48,0.975694,88824
482,120.475,0.975694,89300
483,120.471,0.975694,90304
484,120.467,0.975694,88817
485,120.463,0.975694,93818
486,120.46,0.975694,88799
487,120.456,0.975694,88802
488,120.452,0.975694,88799
489,120.448,0.975694,93354
490,120.444,0.975694,89283
491,120.441,0.975694,88801
492,120.437,0.975694,91809
493,120.434,0.975694,91809
494,120.43,0.975694,90806
495,120.427,0.975694,91307
496,120.423,0.975694,89300
497,120.42,0.975694,91810
498,120.416,0.975694,88299
499,120.413,0.975694,88299
500,120.41,0.975694,92312
501,120.407,0.975694,88299
502,120.403,0.975694,89300
503,120.4,0.975694,88802
504,120.397,0.975694,92311
505,120.394,0.975694,89301
506,120.391,0.975694,89303
507,120.388,0.975694,88800
508,120.385,0.975694,88799
509,120.382,0.975694,89300
510,120.379,0.975694,89831
511,120.376,0.975694,88845
512,120.373,0.975694,88296
513,120.37,0.975694,93818
514,120.368,0.975694,102345
515,120.365,0.975694,95321
516,120.362,0.975694,107862
517,120.359,0.975694,107362
518,120.357,0.975694,107361
519,120.354,0.975694,114386
520,120.351,0.975694,108366
521,120.349,0.975694,94320
522,120.346,0.975694,97328
523,120.344,0.975694,89802
524,120.341,0.975694,92814
525,120.338,0.975694,98858
526,120.336,0.975694,91809
527,120.333,0.975694,93816
528,120.331,0.975694,96348
529,120.329,0.975694,95324
530,120.326,0.975694,102844
531,120.324,0.975694,95321
532,120.321,0.975694,88799
533,120.319,0.975694,88798
534,120.317,0.975694,93815
535,120.314,0.975694,92337
536,120.312,0.975694,88972
537,120.31,0.975694,90806
538,120.307,0.975694,99837
539,120.305,0.975694,96326
540,120.303,0.975694,99335
541,120.301,0.975694,103348
542,120.298,0.975694,110371
543,120.296,0.975694,109370
544,120.294,0.975694,112379
545,120.292,0.975694,112881
546,120.29,0.975694,111877
547,120.288,0.975694,113382
548,120.285,0.975694,104854
549,120.283,0.975694,98833
550,120.281,0.975694,105856
551,120.279,0.975694,113382
552,120.277,0.975694,119402
553,120.275,0.975694,107864
554,120.273,0.975694,106358
555,120.271,0.975694,102344
556,120.269,0.975694,103850
557,120.267,0.975694,104352
558,120.265,0.975694,100840
559,120.263,0.975694,114384
560,120.261,0.975694,97328
561,120.259,0.975694,89803
562,120.257,0.975694,98330
563,120.255,0.975694,108867
564,120.253,0.975694,106360
565,120.251,0.975694,108363
566,120.249,0.976273,91809
567,120.247,0.976273,90305
568,120.245,0.976273,89303
569,120.243,0.976273,90808
570,120.241,0.976273,88801
571,120.24,0.976273,89802
572,120.238,0.976273,88800
573,120.236,0.976273,92312
574,120.234,0.976273,89301
575,120.232,0.976273,88297
576,120.23,0.976273,89302
577,120.228,0.976273,94318
578,120.226,0.976273,88799
579,120.225,0.976273,88798
580,120.223,0.976273,88299
581,120.221,0.976273,90806
582,120.219,0.976273,93314
583,120.217,0.976273,93817
584,120.216,0.976273,89804
585,120.214,0.976273,89301
586,120.212,0.976273,92311
587,120.21,0.976273,91809
588,120.208,0.976273,88298
589,120.207,0.976273,88823
590,120.205,0.976273,93815
591,120.203,0.976273,91809
592,120.201,0.976273,89804
593,120.199,0.976273,88801
594,120.198,0.976273,89303
595,120.196,0.976273,88801
596,120.194,0.976273,88820
597,120.192,0.976273,90305
598,120.191,0.976273,88802
599,120.189,0.976273,88357
600,120.187,0.976273,88297
601,120.185,0.976273,88299
602,120.184,0.976273,88799
603,120.182,0.976273,92311
604,120.18,0.976273,89300
605,120.178,0.976273,89301
606,120.177,0.976273,88799
607,120.175,0.976273,88800
608,120.173,0.976273,90304
609,120.171,0.976273,88297
610,120.17,0.976273,89300
611,120.168,0.976273,88797
612,120.166,0.976273,89805
613,120.164,0.976273,88298
614,120.163,0.976273,91309
615,120.161,0.976273,88800
616,120.159,0.976273,89298
617,120.158,0.976273,88801
618,120.156,0.976273,88799
619,120.154,0.976273,88801
620,120.152,0.976273,88800
621,120.151,0.976273,94818
622,120.149,0.976273,88297
623,120.147,0.976273,89805
624,120.145,0.976273,88297
625,120.144,0.976273,88800
626,120.142,0.976273,90804
627,120.14,0.976273,88800
628,120.139,0.976273,92313
629,120.137,0.976273,90303
630,120.135,0.976273,88800
631,120.133,0.976273,88800
632,120.132,0.976273,88801
633,120.13,0.976273,93817
634,120.128,0.976273,91308
635,120.126,0.976273,88798
636,120.125,0.976273,91810
637,120.123,0.976273,88802
638,120.121,0.976273,89803
639,120.12,0.976273,93817
640,120.118,0.976273,88298
641,120.116,0.976273,89804
642,120.114,0.976273,88799
643,120.113,0.976273,91306
644,120.111,0.976273,89298
645,120.109,0.976273,88799
646,120.107,0.976273,93816
647,120.106,0.976273,100841
648,120.104,0.976273,112881
649,120.102,0.976273,105854
650,120.1,0.976273,98333
651,120.099,0.976273,89300
652,120.097,0.976273,94821
653,120.095,0.976273,100339
654,120.093,0.976273,88800
655,120.091,0.976273,93843
656,120.09,0.976273,88801
657,120.088,0.976273,88800
658,120.086,0.976273,88297
659,120.084,0.976273,88801
660,120.082,0.976273,88823
661,120.081,0.976273,88298
662,120.079,0.976273,88799
663,120.077,0.976273,93821
664,120.075,0.976273,93314
665,120.073,0.976273,98834
666,120.072,0.976273,88299
667,120.07,0.976273,106359
668,120.068,0.976273,93816
669,120.066,0.976273,96825
670,120.064,0.976273,90302
671,120.062,0.976273,95824
672,120.061,0.976273,88801
673,120.059,0.976273,88800
674,120.057,0.976273,105856
675,120.055,0.976273,90343
676,120.053,0.976273,89301
677,120.051,0.976273,89301
678,120.049,0.976273,92311
679,120.047,0.976273,90306
680,120.045,0.976273,89302
681,120.044,0.976273,89803
682,120.042,0.976273,95823
683,120.04,0.976273,88799
684,120.038,0.976273,89301
685,120.036,0.976273,92312
686,120.034,0.976273,91338
687,120.032,0.976273,98331
688,120.03,0.976273,89804
689,120.028,0.976273,88799
690,120.026,0.976273,94318
691,120.024,0.976273,90305
692,120.022,0.976273,88298
693,120.02,0.976273,90806
694,120.018,0.976273,89301
695,120.016,0.976273,92814
696,120.014,0.976273,89805
697,120.012,0.976273,88799
698,120.01,0.976273,104377
699,120.008,0.976273,88799
700,120.006,0.976273,90331
701,120.004,0.976273,88798
702,120.002,0.976273,91308
703,120,0.976273,91308
704,119.997,0.976273,92313
705,119.995,0.976273,88799
706,119.993,0.976273,89302
707,119.991,0.976273,90806
708,119.989,0.976273,88798
709,119.987,0.976273,88799
710,119.985,0.976273,88801
711,119.982,0.976273,89301
712,119.98,0.976273,88800
713,119.978,0.976273,88799
714,119.976,0.976273,88297
715,119.974,0.976273,91306
716,119.971,0.976273,89804
717,119.969,0.976273,98331
718,119.967,0.976273,88838
719,119.965,0.976273,88801
720,119.962,0.976273,88800
721,119.96,0.976273,89302
722,119.958,0.976273,93314
723,119.955,0.976273,92813
724,119.953,0.976273,91335
725,119.951,0.976273,88800
726,119.948,0.976273,89301
727,119.946,0.976273,90806
728,119.943,0.976273,89303
729,119.941,0.976273,88797
730,119.939,0.976273,89301
731,119.936,0.976273,91808
732,119.934,0.976273,90305
733,119.931,0.976273,88801
734,119.929,0.976273,88801
735,119.926,0.976273,94319
736,119.924,0.976273,89823
737,119.921,0.976273,88800
738,119.919,0.976273,88799
739,119.916,0.976273,89301
740,119.913,0.976273,88799
741,119.911,0.976273,91808
742,119.908,0.976273,98332
743,119.905,0.976273,137965
744,119.903,0.976273,91809
745,119.9,0.976273,89802
746,119.897,0.976273,89301
747,119.895,0.976273,89302
748,119.892,0.976273,90305
749,119.889,0.976273,93315
750,119.886,0.976273,88800
751,119.883,0.976273,88800
752,119.881,0.976273,92311
753,119.878,0.976273,94820
754,119.875,0.976273,88800
755,119.872,0.976273,92311
756,119.869,0.976273,89803
757,119.866,0.976273,92312
758,119.863,0.976273,89804
759,119.86,0.976273,93314
760,119.857,0.976273,92311
761,119.854,0.976273,89301
762,119.851,0.976273,89303
763,119.848,0.976273,88298
764,119.845,0.976273,88799
765,119.841,0.976273,88296
766,119.838,0.976273,102847
767,119.835,0.976273,95323
768,119.832,0.976273,95319
769,119.829,0.976273,96325
770,119.825,0.976273,89301
771,119.822,0.976273,88799
772,119.819,0.976273,91809
773,119.815,0.976273,97830
774,119.812,0.976273,103350
775,119.808,0.976273,88799
776,119.805,0.976273,99337
777,119.801,0.976273,92359
778,119.798,0.976273,95321
779,119.794,0.976273,107862
780,119.791,0.976273,96326
781,119.787,0.976273,99836
782,119.784,0.976273,91308
783,119.78,0.976273,103850
784,119.776,0.976273,89804
785,119.772,0.976273,90305
786,119.769,0.976273,89303
787,119.765,0.976273,100841
788,119.761,0.976273,95323
789,119.757,0.976273,95823
790,119.753,0.976273,91309
791,119.749,0.976273,93817
792,119.745,0.976273,92311
793,119.741,0.976273,89897
794,119.737,0.976273,91811
795,119.733,0.976273,107903
796,119.729,0.976273,105356
797,119.725,0.976273,92310
798,119.72,0.976273,93316
799,119.716,0.976273,91308
800,119.712,0.976273,112879
801,119.708,0.976273,101341
802,119.703,0.976273,102346
803,119.699,0.976273,94354
804,119.694,0.976273,94319
805,119.69,0.976273,106361
806,119.685,0.976273,92312
807,119.681,0.976273,114387
808,119.676,0.976273,91809
809,119.671,0.976273,95825
810,119.667,0.976273,94318
811,119.662,0.976273,102345
812,119.657,0.976273,95319
813,119.652,0.976852,88800
814,119.647,0.976852,88299
815,119.642,0.976852,89303
816,119.638,0.976852,88799
817,119.633,0.976852,95821
818,119.627,0.976852,92311
819,119.622,0.976852,92813
820,119.617,0.976852,94821
821,119.612,0.976852,88297
822,119.607,0.976852,88821
823,119.601,0.976852,89301
824,119.596,0.976852,90305
825,119.591,0.976852,90337
826,119.585,0.976852,96827
827,119.58,0.976852,90303
828,119.574,0.976852,88799
829,119.569,0.976852,88297
830,119.563,0.976852,88297
831,119.557,0.976852,88298
832,119.552,0.976852,89303
833,119.546,0.976852,91809
834,119.54,0.976852,91810
835,119.534,0.976852,89301
836,119.528,0.976852,88800
837,119.522,0.976852,96346
838,119.516,0.976852,108363
839,119.51,0.976852,109871
840,119.504,0.976852,93880
841,119.498,0.976852,89302
842,119.492,0.976852,93814
843,119.486,0.977431,90806
844,119.479,0.977431,90806
845,119.473,0.977431,91326
846,119.467,0.977431,97858
847,119.46,0.977431,88296
848,119.454,0.977431,88799
849,119.447,0.977431,90306
850,119.441,0.977431,94318
851,119.434,0.977431,95323
852,119.427,0.977431,90806
853,119.421,0.977431,88300
854,119.414,0.977431,94318
855,119.407,0.977431,91306
856,119.4,0.977431,92812
857,119.393,0.977431,97328
858,119.386,0.977431,91810
859,119.379,0.977431,89804
860,119.372,0.977431,88799
861,119.365,0.977431,89804
862,119.358,0.977431,89302
863,119.351,0.977431,90851
864,119.344,0.977431,90305
865,119.337,0.977431,91309
866,119.329,0.977431,90808
867,119.322,0.977431,89804
868,119.315,0.977431,88800
869,119.307,0.977431,92813
870,119.3,0.977431,88816
871,119.292,0.977431,90304
872,119.285,0.977431,92812
873,119.277,0.977431,88800
874,119.27,0.978009,90806
875,119.262,0.978009,91808
876,119.254,0.978009,89302
877,119.247,0.978009,89803
878,119.239,0.978009,89802
879,119.231,0.978009,91306
880,119.223,0.978009,89300
881,119.216,0.978009,90808
882,119.208,0.978009,88297
883,119.2,0.978009,91308
884,119.192,0.978009,91810
885,119.184,0.978009,91309
886,119.176,0.978009,90808
887,119.168,0.978009,93146
888,119.16,0.978009,90806
889,119.152,0.978009,89802
890,119.144,0.978009,90805
891,119.136,0.978009,88298
892,119.128,0.978009,90305
893,119.12,0.978009,91046
894,119.112,0.978009,88799
895,119.104,0.978009,89803
896,119.096,0.978009,95821
897,119.088,0.978009,89301
898,119.08,0.978009,88799
899,119.071,0.978009,95323
900,119.063,0.978009,93315
901,119.055,0.978009,88800
902,119.047,0.978009,88297
903,119.039,0.978009,88797
904,119.031,0.978009,88800
905,119.022,0.978009,90305
906,119.014,0.978009,88798
907,119.006,0.978009,90305
908,118.998,0.978009,106360
909,118.99,0.978009,91810
910,118.981,0.978009,95823
911,118.973,0.978009,100840
912,118.965,0.978588,89803
913,118.957,0.978588,94329
914,118.949,0.978588,89801
915,118.941,0.978588,90807
916,118.932,0.978588,97828
917,118.924,0.978588,89802
918,118.916,0.978588,91350
919,118.908,0.978588,89301
920,118.9,0.978588,90807
921,118.892,0.978588,91810
922,118.884,0.978588,90806
923,118.876,0.978588,91809
924,118.868,0.978588,88825
925,118.86,0.978588,89302
926,118.852,0.978588,89803
927,118.844,0.978588,88821
928,118.836,0.978588,88297
929,118.828,0.978588,88799
930,118.82,0.978588,91808
931,118.812,0.978588,90806
932,118.804,0.978588,90806
933,118.796,0.978588,88826
934,118.788,0.978588,90805
935,118.78,0.978588,90304
936,118.773,0.978588,88800
937,118.765,0.978588,88799
938,118.757,0.978588,88298
939,118.75,0.978588,93315
940,118.742,0.978588,88798
941,118.734,0.978588,95825
942,118.727,0.978588,90305
943,118.719,0.978588,92813
944,118.712,0.978588,92815
945,118.704,0.978588,90807
946,118.697,0.978588,88799
947,118.689,0.978588,90806
948,118.682,0.978588,90807
949,118.674,0.978588,88799
950,118.667,0.978588,88299
951,118.66,0.978588,88800
952,118.653,0.978588,91310
953,118.645,0.978588,93315
954,118.638,0.978588,88296
955,118.631,0.978588,93816
956,118.624,0.978588,100339
957,118.617,0.978588,90304
958,118.61,0.978588,90304
959,118.603,0.979167,95322
960,118.596,0.979167,88300
961,118.589,0.979167,88799
962,118.582,0.979167,99837
963,118.576,0.979167,89301
964,118.569,0.979167,88800
965,118.562,0.979167,95822
966,118.555,0.979167,89301
967,118.549,0.979167,90305
968,118.542,0.979167,90305
969,118.536,0.979167,88798
970,118.529,0.979167,88800
971,118.523,0.979167,88799
972,118.516,0.979167,95863
973,118.51,0.979167,92814
974,118.504,0.979167,91333
975,118.497,0.979167,91811
976,118.491,0.979167,92813
977,118.485,0.979167,88799
978,118.479,0.979167,89301
979,118.473,0.979167,88800
980,118.466,0.979167,91306
981,118.46,0.979167,89303
982,118.454,0.979167,89300
983,118.449,0.979167,88798
984,118.443,0.979167,88800
985,118.437,0.979167,91309
986,118.431,0.979167,88298
987,118.425,0.979167,92823
988,118.42,0.979167,89801
989,118.414,0.979167,93315
990,118.408,0.979167,98332
991,118.403,0.979167,92311
992,118.397,0.979167,89302
993,118.392,0.979167,91809
994,118.386,0.979167,88833
995,118.381,0.979167,89301
996,118.375,0.979167,89302
997,118.37,0.979167,88798
998,118.365,0.979167,88347
999,118.36,0.979167,88800
Done! Press enter to close the program.
