Normalizing data...
Randomizing order of the data...
Creating Neural Network (21, 13, 4)
Current weights set to:
0.0627247, -0.00697348, -0.0229713, 0.0615406, -0.0852535, 0.0859737, -0.0734672, 0.00184637, -0.0940977, -0.0592517, 0.0840876, -0.0564257, 0.0973327, -0.0626637, -0.0803522, -0.0527757, -0.0037019, -0.012418, 0.0965819, -0.073986, 0.0535203, 0.068395, -0.00282907, 0.0940306, 0.0436079, -0.0948119, -0.00282907, -0.0320841, -0.0149327, 0.037138, -0.00477004, 0.00334788, -0.0440901, -0.0048616, 0.00379955, 0.0474837, 0.0612598, 0.0240699, -0.0924863, 0.0886776, -0.0908383, 0.0803217, -0.004532, 0.0847591, 0.0508713, -0.0639393, -0.0264687, -0.0489853, -0.0582385, -0.0786676, 0.0630177, 0.0892514, 0.079284, -0.0646962, 0.0919004, -0.0609546, 0.0740593, 0.0579211, -0.0151036, -0.067394, -0.0895444, -0.00682089, -0.0413862, -0.0656972, -0.0471175, 0.0753349, 0.0279885, -0.0537278, -0.0460128, 0.0691824, -0.0696524, -0.0387127, 0.0211097, 0.0957823, 0.0733268, -0.0558824, -0.00285958, -0.0851863, 0.0127354, 0.0226722, 0.0121372, 0.0948119, 0.0669301, 0.0701407, 0.0618519, -0.0974792, -0.0263833, -0.0405744, -0.0305338, 0.0427168, -0.00443434, 0.0710746, -0.0131993, 0.0795648, -0.0186377, -0.0640248, -0.00879849, 0.0709586, -0.012479, -0.00591144, -0.0655873, 0.0469405, -0.0318644, -0.0496139, 0.0996033, 0.0635487, -0.0616077, -0.0905942, 0.0229041, 0.0632862, -0.0818354, -0.0305277, 0.0355998, 0.0734855, 0.0618824, 0.0579882, 0.0833003, -0.0262062, 0.0810541, 0.0889889, -0.0216773, -0.0358806, -0.0344584, 0.0241798, -0.0585131, -0.0358928, -0.0899899, -0.0812189, -0.0103427, 0.0756157, 0.0515976, -0.0666433, 0.0252235, -0.0607715, -0.0747917, -0.00706503, -0.016245, -0.0837153, 0.0426862, 0.0746147, 0.0961791, -0.0725761, -0.0980224, 0.00494095, 0.0215613, 0.0790887, 0.0326884, -0.0516465, -0.0930418, -0.0908628, -0.0158361, 0.0678335, -0.0696402, -0.0170751, 0.0624622, -0.0609546, -0.0168371, 0.0708975, -0.0776543, -0.000637837, 0.0483077, 0.0391583, 0.0206519, 0.0127781, -0.0696219, 0.0841914, 0.0371685, 0.0321574, 0.0939329, 0.0429243, 0.069451, 0.0399762, 0.0662343, 0.00943327, -0.0924131, -0.051146, -0.0392865, -0.0104038, -0.00458693, -0.0569506, -0.0225867, 0.0248146, -0.0158177, 0.0422895, 0.0365764, -0.0838313, 0.0851985, 0.069042, 0.0017243, -0.0197668, -0.0726005, -0.0993896, 0.048442, -0.0323099, -0.073632, -0.0127415, 0.0350871, -0.0237953, 0.070867, 0.0174963, 0.0317423, 0.0886105, -0.0668142, -0.0880062, 0.0635792, -0.0322489, 0.009653, 0.0272378, 0.0249672, -0.0607593, -0.00263375, -0.0498764, 0.0204871, -0.0066744, -0.0864254, -0.0350566, 0.0891964, 0.0371563, 0.0638783, -0.0262246, -0.0316935, 0.0287027, -0.03455, -0.0483077, 0.0526109, -0.0764336, 0.0316996, -0.0820002, 0.00579546, 0.0659047, -0.0756157, -0.0953185, -0.0199622, -0.0452376, -0.0203467, -0.0965819, 0.1, 0.0170751, 0.0140782, 0.0723685, -0.0324992, -0.0814997, -0.0828791, -0.0161107, 0.0432661, 0.0434309, -0.0639332, -0.005356, 0.0617115, 0.0754082, 0.0598743, -0.080871, -0.0646962, -0.090875, 0.00803552, 0.0880062, -0.0953917, 0.0253945, 0.0308329, -0.0275735, -0.00978118, -0.0398297, 0.0270913, 0.0556688, -0.097058, -0.000943022, -0.0141575, -0.0667592, 0.0684927, -0.0716422, 0.0580248, -0.0772393, -0.0772637, -0.025895, 0.0644887, -0.0351054, -0.0659291, -0.0398541, -0.0533738, 0.0964782, -0.0911557, 0.0167211, -0.0341838, 0.0772271, 0.0363689, 0.0705741, -0.0420637, 0.0511887, 0.0295022, 0.0480209, 0.0491989, 0.0242164, 0.017307, 0.0221534, -0.0604419, 0.0386761, -0.0541795, 0.0354106, -0.0399884, 0.0266945, -0.0566637, 0.0288003, 0.00989715, 0.0232093, 0.00635701, 0.00903043, -0.0194739, -0.080047, 0.0624928, 0.0847346, -0.0285318, 0.0417707, -0.0333964, -0.0968566, -0.094409, -0.0735832, 0.0863826, -0.081634, 0.0491928, -0.0108493, 0.0335734, 0.0225501, 0.0434858, 0.0533067, -0.00273751, -0.028782, -0.0463546, 0.0281594, 0.0352763, -0.0660268, -0.0583361, -0.0847163, -0.0199499, 0.00184027, 0.0693533, 0.0247291, -0.0847346, -0.0174963, 0.037553, -0.0178808, 0.0793512, -0.0853023, -0.0319315, 0.00812098, -0.0477828, 0.032963, 0.0343181, 0.0513413, -0.0185156, 0.0140782, 0.0470809, 0.0560472, -0.0956236, 0.0363384, 0.00164495, -0.0541246, -0.0784539, 0.0830195, 0.0924436, 0.00483108, 0.079162, 0.0211829, 0.00155339,


Starting training using BP on Car Evaluation Set
Press enter to start the training.

0,770.558,0.700231,88797
1,724.371,0.700231,91308
2,619.233,0.700231,88299
3,504.425,0.786458,88298
4,441.993,0.858218,94318
5,411.414,0.864583,88799
6,394.282,0.869213,88322
7,383.269,0.87037,90304
8,375.406,0.869792,89303
9,369.353,0.872106,88799
10,364.435,0.874421,88825
11,360.272,0.874421,96345
12,356.629,0.874421,88800
13,353.349,0.875,88841
14,350.319,0.876736,89359
15,347.454,0.876736,89803
16,344.684,0.876157,89301
17,341.951,0.876157,92309
18,339.205,0.876157,89301
19,336.402,0.876157,91308
20,333.505,0.876157,88800
21,330.482,0.876736,93316
22,327.307,0.876736,91812
23,323.959,0.876736,88299
24,320.422,0.878472,91810
25,316.681,0.877315,88410
26,312.722,0.877894,88800
27,308.531,0.879051,95823
28,304.095,0.87963,89301
29,299.406,0.87963,89302
30,294.463,0.879051,88800
31,289.278,0.880787,89859
32,283.872,0.884259,98331
33,278.281,0.886574,104855
34,272.546,0.890046,92311
35,266.718,0.892361,88799
36,260.845,0.896412,91308
37,254.976,0.900463,88874
38,249.157,0.903356,88800
39,243.429,0.905671,90807
40,237.829,0.909722,88800
41,232.394,0.912037,91308
42,227.153,0.916088,89301
43,222.134,0.918403,94821
44,217.357,0.920139,89301
45,212.834,0.92419,88799
46,208.57,0.924769,88799
47,204.565,0.926505,89317
48,200.812,0.929398,89301
49,197.3,0.929977,94820
50,194.015,0.930556,90305
51,190.944,0.931134,89301
52,188.072,0.93287,94820
53,185.383,0.93287,91808
54,182.865,0.93287,108436
55,180.504,0.93287,90305
56,178.287,0.934028,92813
57,176.202,0.936921,91812
58,174.241,0.940394,89802
59,172.391,0.943866,96829
60,170.646,0.945602,102846
61,168.996,0.949074,88801
62,167.435,0.948495,90306
63,165.956,0.949074,88296
64,164.553,0.949653,88800
65,163.22,0.951389,103348
66,161.952,0.951389,89881
67,160.746,0.951389,90806
68,159.596,0.951389,94318
69,158.499,0.951389,90804
70,157.452,0.951389,88802
71,156.451,0.951389,89301
72,155.493,0.951389,98332
73,154.577,0.953125,93815
74,153.698,0.953704,107887
75,152.856,0.95544,90805
76,152.049,0.956019,92312
77,151.273,0.956597,92311
78,150.528,0.956597,95322
79,149.812,0.956597,90807
80,149.123,0.956597,89302
81,148.461,0.956597,88297
82,147.823,0.957755,88800
83,147.209,0.957755,91308
84,146.617,0.959491,91309
85,146.046,0.960069,95322
86,145.497,0.960648,89822
87,144.966,0.960648,88325
88,144.455,0.961227,88800
89,143.961,0.961227,88800
90,143.485,0.962384,89578
91,143.025,0.961806,90305
92,142.581,0.962384,89300
93,142.153,0.962384,89824
94,141.739,0.962384,92313
95,141.339,0.962963,88298
96,140.953,0.963542,88801
97,140.581,0.963542,88799
98,140.221,0.96412,89802
99,139.873,0.96412,91811
100,139.537,0.96412,89301
101,139.212,0.96412,91307
102,138.898,0.96412,88801
103,138.595,0.964699,91308
104,138.302,0.964699,89302
105,138.019,0.964699,92814
106,137.746,0.964699,90307
107,137.481,0.964699,89805
108,137.226,0.964699,89300
109,136.979,0.964699,88799
110,136.74,0.964699,88300
111,136.509,0.964699,91307
112,136.286,0.964699,91308
113,136.07,0.964699,90806
114,135.862,0.964699,94320
115,135.66,0.964699,91308
116,135.464,0.964699,88800
117,135.275,0.964699,89301
118,135.093,0.964699,89805
119,134.916,0.964699,88799
120,134.744,0.964699,88798
121,134.579,0.965278,90304
122,134.418,0.965278,91811
123,134.263,0.965856,88800
124,134.112,0.965856,90307
125,133.966,0.965856,92813
126,133.825,0.965856,91809
127,133.688,0.965856,88298
128,133.555,0.965856,91310
129,133.427,0.965856,93816
130,133.302,0.965856,93816
131,133.181,0.965856,88797
132,133.064,0.965856,88299
133,132.95,0.965856,95321
134,132.839,0.967014,90808
135,132.732,0.967014,91809
136,132.628,0.967014,89802
137,132.526,0.967014,88800
138,132.428,0.967014,97828
139,132.333,0.967014,92814
140,132.24,0.967014,88298
141,132.15,0.967014,89803
142,132.062,0.967014,88800
143,131.977,0.967014,92312
144,131.894,0.967014,88798
145,131.813,0.967014,89302
146,131.735,0.967014,90305
147,131.658,0.967014,89323
148,131.584,0.967014,89301
149,131.511,0.967014,89303
150,131.441,0.967014,89325
151,131.372,0.967014,89302
152,131.305,0.967014,88297
153,131.24,0.967014,90304
154,131.176,0.967593,90806
155,131.114,0.967593,90304
156,131.053,0.967593,90379
157,130.994,0.967593,90806
158,130.936,0.967593,91307
159,130.88,0.967593,89301
160,130.825,0.967593,90305
161,130.771,0.967593,90305
162,130.719,0.967593,89301
163,130.667,0.967593,90808
164,130.617,0.967593,90807
165,130.568,0.967593,92813
166,130.52,0.967593,88799
167,130.473,0.967593,88800
168,130.427,0.967593,89803
169,130.382,0.967593,88801
170,130.338,0.967593,90304
171,130.295,0.967593,90806
172,130.253,0.967593,90807
173,130.212,0.967593,91307
174,130.171,0.967593,88324
175,130.132,0.967593,88298
176,130.093,0.967593,88801
177,130.055,0.967593,91308
178,130.017,0.967593,89823
179,129.981,0.967593,89301
180,129.945,0.967593,89301
181,129.909,0.967593,88299
182,129.875,0.967593,89301
183,129.84,0.967593,89302
184,129.807,0.967593,89830
185,129.774,0.967593,91308
186,129.742,0.967593,88824
187,129.71,0.967593,90807
188,129.679,0.968171,88800
189,129.648,0.968171,88798
190,129.618,0.968171,89301
191,129.589,0.968171,92311
192,129.56,0.968171,91307
193,129.531,0.968171,94822
194,129.503,0.968171,89803
195,129.475,0.968171,88801
196,129.448,0.968171,89802
197,129.421,0.968171,89827
198,129.394,0.968171,90806
199,129.368,0.968171,90806
200,129.342,0.967593,88801
201,129.317,0.967593,88799
202,129.292,0.967593,88298
203,129.267,0.967593,92812
204,129.243,0.967593,92814
205,129.219,0.967593,90808
206,129.196,0.967593,89323
207,129.172,0.967593,90806
208,129.149,0.967593,88799
209,129.127,0.967593,91306
210,129.104,0.967593,88294
211,129.082,0.967593,89301
212,129.06,0.967593,96325
213,129.039,0.967593,89802
214,129.018,0.967593,90805
215,128.997,0.967593,88822
216,128.976,0.967593,88298
217,128.956,0.967593,93816
218,128.935,0.967593,89804
219,128.915,0.967593,88800
220,128.896,0.967593,88800
221,128.876,0.967593,88799
222,128.857,0.967593,90327
223,128.838,0.967593,89301
224,128.819,0.967593,91308
225,128.8,0.967593,90807
226,128.782,0.967593,89802
227,128.763,0.967593,90807
228,128.745,0.967593,88799
229,128.727,0.967593,88800
230,128.71,0.967593,88799
231,128.692,0.967593,88298
232,128.675,0.967593,88800
233,128.658,0.967593,88800
234,128.641,0.967593,100841
235,128.624,0.967593,92312
236,128.607,0.967593,88799
237,128.591,0.967593,91810
238,128.574,0.967593,89802
239,128.558,0.967593,88799
240,128.542,0.967593,88801
241,128.526,0.967593,97326
242,128.51,0.967593,91306
243,128.495,0.967593,89301
244,128.479,0.967593,90304
245,128.464,0.967593,91309
246,128.448,0.967593,90139
247,128.433,0.967593,95321
248,128.418,0.967593,89303
249,128.403,0.967593,89302
250,128.389,0.967593,89868
251,128.374,0.967593,90806
252,128.359,0.967593,88800
253,128.345,0.967593,89804
254,128.331,0.967593,89803
255,128.317,0.967593,90807
256,128.302,0.967593,88799
257,128.288,0.967593,91308
258,128.275,0.967593,90806
259,128.261,0.967593,88800
260,128.247,0.967593,88800
261,128.234,0.967593,91308
262,128.22,0.967593,91306
263,128.207,0.967593,90808
264,128.193,0.967593,93819
265,128.18,0.967593,89801
266,128.167,0.967593,90804
267,128.154,0.967593,89803
268,128.141,0.967593,88799
269,128.128,0.967593,90806
270,128.115,0.967593,90304
271,128.102,0.967593,88801
272,128.09,0.967593,88821
273,128.077,0.967593,88798
274,128.064,0.967593,90306
275,128.052,0.967593,90328
276,128.04,0.967593,88800
277,128.027,0.967593,92312
278,128.015,0.967593,89303
279,128.003,0.967593,90331
280,127.991,0.967593,91308
281,127.979,0.967593,95823
282,127.967,0.967593,90806
283,127.955,0.967593,89302
284,127.943,0.967593,89801
285,127.931,0.967593,89303
286,127.919,0.967593,89301
287,127.907,0.967593,90807
288,127.896,0.967593,89303
289,127.884,0.967593,91308
290,127.872,0.967593,92311
291,127.861,0.967593,92310
292,127.849,0.967593,93818
293,127.838,0.967593,91809
294,127.827,0.967593,90806
295,127.815,0.967593,89803
296,127.804,0.967593,92812
297,127.793,0.967593,92896
298,127.782,0.967593,88800
299,127.77,0.967593,88298
300,127.759,0.967593,89303
301,127.748,0.967593,88799
302,127.737,0.967593,88800
303,127.726,0.967593,91307
304,127.715,0.967593,88799
305,127.704,0.967593,91331
306,127.693,0.967593,88822
307,127.682,0.967593,88801
308,127.672,0.967593,88823
309,127.661,0.967593,89803
310,127.65,0.967593,89301
311,127.639,0.967593,90305
312,127.629,0.967593,94822
313,127.618,0.967593,91307
314,127.607,0.967593,95848
315,127.597,0.967593,93815
316,127.586,0.967593,93315
317,127.576,0.968171,91308
318,127.565,0.968171,90808
319,127.555,0.968171,89302
320,127.544,0.968171,89302
321,127.534,0.968171,89303
322,127.523,0.968171,88297
323,127.513,0.968171,94319
324,127.502,0.968171,91308
325,127.492,0.968171,94319
326,127.482,0.968171,88800
327,127.471,0.968171,90305
328,127.461,0.968171,88802
329,127.451,0.968171,90301
330,127.441,0.968171,89802
331,127.43,0.96875,89804
332,127.42,0.96875,88296
333,127.41,0.96875,88799
334,127.4,0.968171,89300
335,127.39,0.968171,89303
336,127.38,0.968171,89340
337,127.369,0.968171,91308
338,127.359,0.968171,89301
339,127.349,0.968171,88800
340,127.339,0.968171,89302
341,127.329,0.968171,92814
342,127.319,0.968171,92311
343,127.309,0.968171,92312
344,127.299,0.968171,91308
345,127.289,0.968171,91811
346,127.279,0.968171,89303
347,127.269,0.968171,88299
348,127.259,0.968171,88297
349,127.249,0.968171,91305
350,127.239,0.968171,89804
351,127.229,0.968171,88800
352,127.219,0.968171,92814
353,127.209,0.968171,88801
354,127.199,0.968171,90806
355,127.189,0.968171,94343
356,127.179,0.968171,96826
357,127.17,0.968171,93816
358,127.16,0.968171,91812
359,127.15,0.968171,88800
360,127.14,0.968171,88799
361,127.13,0.968171,89804
362,127.12,0.968171,105858
363,127.11,0.968171,88799
364,127.1,0.967593,88836
365,127.091,0.967593,88551
366,127.081,0.967593,88298
367,127.071,0.967593,88798
368,127.061,0.967593,90305
369,127.051,0.967593,88799
370,127.041,0.967593,89353
371,127.032,0.967593,91810
372,127.022,0.967593,91811
373,127.012,0.967593,88800
374,127.002,0.967593,89301
375,126.992,0.967593,92311
376,126.983,0.967593,90808
377,126.973,0.967593,92310
378,126.963,0.967593,89800
379,126.953,0.967593,88870
380,126.943,0.967593,88800
381,126.934,0.967593,91807
382,126.924,0.967593,89303
383,126.914,0.967593,94822
384,126.904,0.967593,89300
385,126.895,0.967593,91307
386,126.885,0.967593,91309
387,126.875,0.967593,88799
388,126.865,0.967593,88801
389,126.855,0.967593,91810
390,126.846,0.967593,89803
391,126.836,0.967593,89302
392,126.826,0.967593,89301
393,126.816,0.967593,88801
394,126.807,0.967593,89325
395,126.797,0.967593,97330
396,126.787,0.967593,88799
397,126.777,0.967593,92813
398,126.768,0.967593,91807
399,126.758,0.967593,91307
400,126.748,0.967593,93840
401,126.738,0.967593,89802
402,126.729,0.967593,89301
403,126.719,0.967593,91308
404,126.709,0.967593,92311
405,126.699,0.967593,90306
406,126.69,0.967593,92311
407,126.68,0.967593,89302
408,126.67,0.967593,92311
409,126.66,0.967593,91809
410,126.651,0.967593,90339
411,126.641,0.967593,91832
412,126.631,0.967593,89803
413,126.621,0.967593,90806
414,126.612,0.967593,92813
415,126.602,0.967593,91307
416,126.592,0.967593,96826
417,126.583,0.967593,89301
418,126.573,0.967593,89301
419,126.563,0.967593,90303
420,126.554,0.967593,89300
421,126.544,0.967593,88799
422,126.534,0.967593,91810
423,126.525,0.967593,88300
424,126.515,0.967593,92309
425,126.505,0.967593,88299
426,126.496,0.967593,88798
427,126.486,0.967593,92811
428,126.476,0.967593,94818
429,126.467,0.967593,89802
430,126.457,0.967593,94820
431,126.448,0.967593,89300
432,126.438,0.967593,89299
433,126.429,0.967593,88799
434,126.419,0.967593,88299
435,126.41,0.967593,88799
436,126.4,0.967593,89801
437,126.391,0.968171,91809
438,126.381,0.968171,90306
439,126.372,0.968171,89301
440,126.362,0.968171,94320
441,126.353,0.968171,88800
442,126.344,0.968171,88799
443,126.334,0.968171,88799
444,126.325,0.968171,88799
445,126.316,0.968171,92813
446,126.306,0.968171,88800
447,126.297,0.968171,89804
448,126.288,0.968171,95321
449,126.279,0.968171,89349
450,126.27,0.968171,89803
451,126.26,0.968171,89802
452,126.251,0.968171,90304
453,126.242,0.968171,88800
454,126.233,0.968171,92311
455,126.224,0.96875,90305
456,126.215,0.96875,90304
457,126.206,0.96875,89802
458,126.197,0.96875,89301
459,126.188,0.96875,89302
460,126.18,0.96875,90806
461,126.171,0.96875,94318
462,126.162,0.96875,90324
463,126.153,0.96875,91307
464,126.144,0.96875,88299
465,126.136,0.96875,89803
466,126.127,0.96875,89803
467,126.119,0.96875,91309
468,126.11,0.96875,88799
469,126.102,0.96875,90306
470,126.093,0.96875,89303
471,126.085,0.96875,88800
472,126.076,0.96875,90805
473,126.068,0.96875,88801
474,126.06,0.96875,88798
475,126.051,0.96875,88801
476,126.043,0.96875,88799
477,126.035,0.96875,92812
478,126.027,0.96875,88801
479,126.019,0.96875,91809
480,126.011,0.96875,90806
481,126.003,0.96875,88824
482,125.995,0.96875,89300
483,125.987,0.96875,88798
484,125.979,0.96875,89341
485,125.971,0.96875,89301
486,125.964,0.96875,90804
487,125.956,0.96875,90306
488,125.948,0.96875,89804
489,125.941,0.96875,89804
490,125.933,0.96875,96324
491,125.926,0.96875,88801
492,125.918,0.96875,88319
493,125.911,0.96875,89805
494,125.904,0.96875,88818
495,125.897,0.96875,89302
496,125.889,0.96875,89803
497,125.882,0.96875,88799
498,125.875,0.96875,89803
499,125.868,0.969329,92309
500,125.861,0.969329,88320
501,125.854,0.969329,88800
502,125.847,0.969329,88299
503,125.841,0.969329,89301
504,125.834,0.969329,88298
505,125.827,0.969329,93316
506,125.82,0.969329,88299
507,125.814,0.969329,88798
508,125.807,0.969329,88298
509,125.801,0.969329,90803
510,125.794,0.969329,88298
511,125.788,0.969329,90304
512,125.782,0.969329,90304
513,125.775,0.969329,88299
514,125.769,0.969329,89347
515,125.763,0.969329,89802
516,125.757,0.969329,90805
517,125.751,0.969329,95823
518,125.745,0.969329,109870
519,125.739,0.969329,112379
520,125.733,0.969329,93820
521,125.727,0.969329,97328
522,125.722,0.969329,110873
523,125.716,0.969329,108365
524,125.71,0.969329,91811
525,125.705,0.969329,96826
526,125.699,0.969329,88800
527,125.693,0.969329,91309
528,125.688,0.969329,88800
529,125.683,0.969329,91810
530,125.677,0.969329,96326
531,125.672,0.969329,88821
532,125.667,0.969329,92814
533,125.661,0.969329,92811
534,125.656,0.969329,91307
535,125.651,0.969329,90304
536,125.646,0.969329,89299
537,125.641,0.969329,89302
538,125.636,0.969329,88826
539,125.631,0.969329,88471
540,125.627,0.969329,91305
541,125.622,0.969329,103348
542,125.617,0.969329,92813
543,125.612,0.969329,95321
544,125.608,0.969329,117396
545,125.603,0.969329,110372
546,125.598,0.969329,113382
547,125.594,0.969329,105856
548,125.589,0.969329,111376
549,125.585,0.969329,118901
550,125.581,0.969329,107863
551,125.576,0.969329,104353
552,125.572,0.969329,101844
553,125.568,0.969329,96827
554,125.563,0.969329,116894
555,125.559,0.969329,115389
556,125.555,0.969329,110873
557,125.551,0.969329,104853
558,125.547,0.969329,102847
559,125.543,0.969329,96325
560,125.539,0.969329,118399
561,125.535,0.969329,100338
562,125.531,0.969329,107359
563,125.527,0.969329,93316
564,125.524,0.969329,94819
565,125.52,0.969329,92311
566,125.516,0.969329,103348
567,125.512,0.969329,102848
568,125.509,0.969329,108366
569,125.505,0.969329,89803
570,125.501,0.969329,92311
571,125.498,0.969329,89303
572,125.494,0.969329,89802
573,125.491,0.969329,89303
574,125.487,0.969329,89301
575,125.484,0.969329,89801
576,125.481,0.969329,92309
577,125.477,0.969329,94822
578,125.474,0.969329,88802
579,125.471,0.969329,90805
580,125.468,0.969329,93315
581,125.464,0.969329,88298
582,125.461,0.969329,88800
583,125.458,0.969329,88799
584,125.455,0.969329,89801
585,125.452,0.969329,88298
586,125.449,0.969329,104352
587,125.446,0.969329,89804
588,125.443,0.969329,91308
589,125.44,0.969329,91307
590,125.437,0.969329,94318
591,125.434,0.969329,89302
592,125.431,0.969329,89326
593,125.428,0.969329,89301
594,125.425,0.969329,88799
595,125.422,0.969329,88801
596,125.419,0.969329,91309
597,125.417,0.969329,88802
598,125.414,0.969329,90305
599,125.411,0.969329,92833
600,125.409,0.969329,88795
601,125.406,0.969329,90807
602,125.403,0.969329,90365
603,125.401,0.969329,91307
604,125.398,0.969329,89302
605,125.395,0.969329,90304
606,125.393,0.969329,92311
607,125.39,0.969329,88799
608,125.388,0.969329,90806
609,125.385,0.969329,88298
610,125.383,0.969329,88800
611,125.38,0.969329,88800
612,125.378,0.969329,89302
613,125.375,0.969329,96825
614,125.373,0.969329,90806
615,125.371,0.969329,88801
616,125.368,0.969329,94317
617,125.366,0.969329,89804
618,125.364,0.969329,89303
619,125.361,0.969329,90305
620,125.359,0.969329,89804
621,125.357,0.969329,94818
622,125.354,0.969329,88801
623,125.352,0.969329,90806
624,125.35,0.969329,94819
625,125.348,0.969329,91308
626,125.346,0.969329,89835
627,125.343,0.969329,93815
628,125.341,0.969329,90305
629,125.339,0.969329,91308
630,125.337,0.969329,89302
631,125.335,0.969329,88801
632,125.333,0.969329,94318
633,125.331,0.969329,89802
634,125.328,0.969329,89359
635,125.326,0.969329,89300
636,125.324,0.969329,89301
637,125.322,0.969329,88799
638,125.32,0.969329,91809
639,125.318,0.969329,88800
640,125.316,0.969329,88799
641,125.314,0.969329,88296
642,125.312,0.969329,89301
643,125.31,0.969329,90806
644,125.308,0.969329,89302
645,125.306,0.969329,88799
646,125.304,0.969329,92311
647,125.302,0.969329,88299
648,125.3,0.969329,88799
649,125.298,0.969329,91810
650,125.297,0.969329,102847
651,125.295,0.969329,103851
652,125.293,0.969329,108868
653,125.291,0.969329,103850
654,125.289,0.969329,90304
655,125.287,0.969329,91308
656,125.285,0.969329,95823
657,125.283,0.969329,90807
658,125.281,0.969329,94319
659,125.28,0.969329,96828
660,125.278,0.969329,91809
661,125.276,0.969329,91307
662,125.274,0.969329,93853
663,125.272,0.969329,89827
664,125.27,0.969329,89301
665,125.269,0.969329,89300
666,125.267,0.969329,90310
667,125.265,0.969329,90306
668,125.263,0.969329,90795
669,125.261,0.969329,93315
670,125.26,0.969329,95321
671,125.258,0.969329,100842
672,125.256,0.969329,100840
673,125.254,0.969329,89802
674,125.252,0.969329,89803
675,125.251,0.969329,96829
676,125.249,0.969329,91310
677,125.247,0.969329,92311
678,125.245,0.969329,95360
679,125.243,0.969329,90305
680,125.242,0.969329,93837
681,125.24,0.969329,90303
682,125.238,0.969329,90306
683,125.236,0.969329,88298
684,125.235,0.969329,89301
685,125.233,0.969329,88799
686,125.231,0.969329,91306
687,125.229,0.969329,94820
688,125.228,0.969329,90304
689,125.226,0.969329,95322
690,125.224,0.969329,93312
691,125.222,0.969329,91309
692,125.22,0.969329,91308
693,125.219,0.969329,93641
694,125.217,0.969329,89302
695,125.215,0.969329,90806
696,125.213,0.969329,92311
697,125.212,0.969329,89303
698,125.21,0.969329,88801
699,125.208,0.969329,89299
700,125.206,0.969329,90304
701,125.205,0.969329,91308
702,125.203,0.969329,91310
703,125.201,0.969329,90807
704,125.199,0.969329,89802
705,125.197,0.969329,89802
706,125.196,0.969329,88298
707,125.194,0.969329,88298
708,125.192,0.969329,89803
709,125.19,0.969329,92309
710,125.188,0.969329,90806
711,125.187,0.969329,88801
712,125.185,0.969329,91308
713,125.183,0.969329,95321
714,125.181,0.969329,88320
715,125.179,0.969329,88800
716,125.177,0.969329,90806
717,125.176,0.969329,90806
718,125.174,0.969329,90806
719,125.172,0.969329,92814
720,125.17,0.969329,89802
721,125.168,0.969329,95322
722,125.166,0.969329,92313
723,125.164,0.969329,91808
724,125.163,0.969329,89903
725,125.161,0.969329,90304
726,125.159,0.969329,88798
727,125.157,0.969329,90305
728,125.155,0.969329,90305
729,125.153,0.969329,92313
730,125.151,0.969329,91306
731,125.149,0.969329,90304
732,125.147,0.969329,91307
733,125.145,0.969329,95321
734,125.143,0.969329,89801
735,125.141,0.969329,94818
736,125.139,0.969329,88298
737,125.137,0.969329,88833
738,125.135,0.969329,93317
739,125.133,0.969329,88320
740,125.131,0.969329,88299
741,125.129,0.969329,91809
742,125.127,0.969329,89302
743,125.125,0.969329,89802
744,125.123,0.969329,95319
745,125.121,0.969329,89301
746,125.119,0.969329,91309
747,125.117,0.969329,97831
748,125.115,0.969329,89302
749,125.113,0.969329,90305
750,125.111,0.969329,90303
751,125.109,0.969329,97329
752,125.107,0.969329,89801
753,125.104,0.969329,89301
754,125.102,0.969329,91307
755,125.1,0.969329,89303
756,125.098,0.969329,95821
757,125.096,0.969329,90305
758,125.094,0.969329,123445
759,125.091,0.969329,92311
760,125.089,0.969329,94318
761,125.087,0.969329,97875
762,125.085,0.969329,89301
763,125.082,0.969329,91308
764,125.08,0.969329,88799
765,125.078,0.969329,88657
766,125.075,0.969329,88800
767,125.073,0.969329,89803
768,125.071,0.969329,91309
769,125.068,0.969329,92312
770,125.066,0.969329,95321
771,125.064,0.969329,103850
772,125.061,0.969329,90807
773,125.059,0.969329,91308
774,125.057,0.969329,91313
775,125.054,0.969329,96324
776,125.052,0.969329,93816
777,125.049,0.969329,93816
778,125.047,0.969329,90307
779,125.044,0.969329,95821
780,125.042,0.969329,89349
781,125.039,0.969329,88845
782,125.037,0.969329,108367
783,125.034,0.969329,101341
784,125.031,0.969329,96326
785,125.029,0.969329,103850
786,125.026,0.969329,93815
787,125.024,0.969329,99864
788,125.021,0.969329,89303
789,125.018,0.969329,94876
790,125.016,0.969329,91308
791,125.013,0.969329,89892
792,125.01,0.969329,93817
793,125.008,0.969329,90305
794,125.005,0.969329,93313
795,125.002,0.969329,88799
796,124.999,0.969329,91309
797,124.996,0.969329,88297
798,124.994,0.969329,89840
799,124.991,0.969329,95321
800,124.988,0.969329,95823
801,124.985,0.969329,96325
802,124.982,0.969329,89301
803,124.979,0.969329,116893
804,124.976,0.969329,103347
805,124.973,0.969329,98331
806,124.97,0.969329,94857
807,124.968,0.969329,110876
808,124.965,0.969329,96326
809,124.961,0.969329,98330
810,124.958,0.969329,105914
811,124.955,0.969329,90807
812,124.952,0.969329,92813
813,124.949,0.969329,97328
814,124.946,0.969329,103850
815,124.943,0.969329,88799
816,124.94,0.969329,88299
817,124.937,0.969329,88832
818,124.933,0.969329,89804
819,124.93,0.969329,88800
820,124.927,0.969329,91808
821,124.924,0.969329,90303
822,124.92,0.969329,92813
823,124.917,0.969329,88800
824,124.914,0.969329,94846
825,124.91,0.969329,90304
826,124.907,0.969329,90305
827,124.904,0.969329,89303
828,124.9,0.969329,90806
829,124.897,0.969329,89302
830,124.893,0.969329,88801
831,124.89,0.969329,89300
832,124.886,0.969329,88799
833,124.883,0.969329,97830
834,124.879,0.969329,88799
835,124.876,0.969329,89802
836,124.872,0.969329,89301
837,124.869,0.969329,90806
838,124.865,0.969329,91307
839,124.861,0.969329,89302
840,124.858,0.969329,93315
841,124.854,0.969329,101341
842,124.85,0.969329,93816
843,124.847,0.969329,92374
844,124.843,0.969329,88800
845,124.839,0.969329,88298
846,124.835,0.969329,88800
847,124.832,0.969329,89804
848,124.828,0.969329,89823
849,124.824,0.969329,91333
850,124.82,0.969329,91308
851,124.816,0.969329,90806
852,124.812,0.969329,91811
853,124.808,0.969329,96826
854,124.804,0.969329,88800
855,124.801,0.969329,91809
856,124.797,0.969329,89303
857,124.793,0.969329,94820
858,124.789,0.969329,91808
859,124.784,0.969329,107864
860,124.78,0.969329,95321
861,124.776,0.969329,91810
862,124.772,0.969329,90806
863,124.768,0.969329,91307
864,124.764,0.969329,90304
865,124.76,0.969329,88800
866,124.756,0.969329,91810
867,124.751,0.969907,92813
868,124.747,0.969907,97829
869,124.743,0.969907,88865
870,124.739,0.969907,89802
871,124.735,0.970486,89301
872,124.73,0.970486,89803
873,124.726,0.970486,90807
874,124.722,0.970486,91308
875,124.717,0.970486,90806
876,124.713,0.970486,88829
877,124.709,0.970486,88800
878,124.704,0.970486,91809
879,124.7,0.970486,92311
880,124.695,0.970486,88800
881,124.691,0.970486,88298
882,124.686,0.970486,91308
883,124.682,0.970486,92813
884,124.678,0.970486,90354
885,124.673,0.970486,88801
886,124.669,0.970486,88799
887,124.664,0.970486,92311
888,124.66,0.970486,98833
889,124.655,0.970486,92313
890,124.65,0.970486,92141
891,124.646,0.970486,89301
892,124.641,0.970486,89303
893,124.637,0.970486,92311
894,124.632,0.970486,88801
895,124.627,0.970486,90807
896,124.623,0.970486,104410
897,124.618,0.970486,90305
898,124.613,0.970486,91307
899,124.609,0.970486,91307
900,124.604,0.970486,91308
901,124.599,0.970486,89804
902,124.595,0.970486,99335
903,124.59,0.970486,92812
904,124.585,0.970486,88801
905,124.581,0.970486,90351
906,124.576,0.970486,91308
907,124.571,0.970486,91307
908,124.566,0.970486,89805
909,124.562,0.970486,90303
910,124.557,0.970486,93816
911,124.552,0.970486,97829
912,124.547,0.970486,91810
913,124.543,0.970486,96844
914,124.538,0.970486,88801
915,124.533,0.970486,90806
916,124.528,0.970486,93325
917,124.524,0.970486,94820
918,124.519,0.970486,94057
919,124.514,0.970486,89303
920,124.509,0.970486,90307
921,124.504,0.970486,97327
922,124.5,0.970486,88833
923,124.495,0.970486,88799
924,124.49,0.970486,88799
925,124.485,0.970486,89323
926,124.48,0.970486,92311
927,124.476,0.970486,92815
928,124.471,0.970486,88300
929,124.466,0.970486,89802
930,124.461,0.970486,88800
931,124.456,0.970486,89302
932,124.452,0.970486,90306
933,124.447,0.970486,89803
934,124.442,0.970486,90806
935,124.437,0.970486,90806
936,124.433,0.970486,90834
937,124.428,0.970486,89302
938,124.423,0.970486,90305
939,124.418,0.970486,90305
940,124.413,0.970486,90806
941,124.409,0.970486,88886
942,124.404,0.970486,88798
943,124.399,0.970486,94317
944,124.395,0.970486,88800
945,124.39,0.970486,92813
946,124.385,0.970486,92311
947,124.38,0.970486,99335
948,124.376,0.970486,89803
949,124.371,0.970486,89301
950,124.366,0.970486,89301
951,124.362,0.971065,89301
952,124.357,0.971065,90305
953,124.352,0.971065,89803
954,124.348,0.971065,90303
955,124.343,0.971065,88315
956,124.338,0.971065,88799
957,124.334,0.971065,88298
958,124.329,0.971065,91307
959,124.325,0.971065,89803
960,124.32,0.971065,90305
961,124.316,0.971065,89803
962,124.311,0.971065,89301
963,124.307,0.971065,88299
964,124.302,0.971065,92338
965,124.298,0.971065,89805
966,124.293,0.971065,89803
967,124.289,0.971065,89802
968,124.284,0.971065,92814
969,124.28,0.971065,92812
970,124.275,0.971065,92310
971,124.271,0.971065,93817
972,124.266,0.971065,93315
973,124.262,0.971065,93315
974,124.258,0.971065,89302
975,124.253,0.971065,93816
976,124.249,0.971065,89303
977,124.245,0.971065,89803
978,124.241,0.971065,88799
979,124.236,0.971065,88298
980,124.232,0.971065,89803
981,124.228,0.971065,88798
982,124.224,0.971065,89301
983,124.219,0.971065,94318
984,124.215,0.971065,89303
985,124.211,0.971065,90807
986,124.207,0.971065,88797
987,124.203,0.971065,93836
988,124.199,0.971065,89302
989,124.195,0.971065,89802
990,124.191,0.971065,91810
991,124.187,0.971065,94820
992,124.183,0.971065,103350
993,124.179,0.971065,88800
994,124.175,0.971065,89831
995,124.171,0.971065,90304
996,124.167,0.971065,91308
997,124.163,0.971065,88316
998,124.159,0.971065,88798
999,124.155,0.971065,89302
Done! Press enter to close the program.
