Normalizing data...
Randomizing order of the data...
Creating Neural Network (21, 13, 4)
Current weights set to:
0.0627247, -0.00697348, -0.0229713, 0.0615406, -0.0852535, 0.0859737, -0.0734672, 0.00184637, -0.0940977, -0.0592517, 0.0840876, -0.0564257, 0.0973327, -0.0626637, -0.0803522, -0.0527757, -0.0037019, -0.012418, 0.0965819, -0.073986, 0.0535203, 0.068395, -0.00282907, 0.0940306, 0.0436079, -0.0948119, -0.00282907, -0.0320841, -0.0149327, 0.037138, -0.00477004, 0.00334788, -0.0440901, -0.0048616, 0.00379955, 0.0474837, 0.0612598, 0.0240699, -0.0924863, 0.0886776, -0.0908383, 0.0803217, -0.004532, 0.0847591, 0.0508713, -0.0639393, -0.0264687, -0.0489853, -0.0582385, -0.0786676, 0.0630177, 0.0892514, 0.079284, -0.0646962, 0.0919004, -0.0609546, 0.0740593, 0.0579211, -0.0151036, -0.067394, -0.0895444, -0.00682089, -0.0413862, -0.0656972, -0.0471175, 0.0753349, 0.0279885, -0.0537278, -0.0460128, 0.0691824, -0.0696524, -0.0387127, 0.0211097, 0.0957823, 0.0733268, -0.0558824, -0.00285958, -0.0851863, 0.0127354, 0.0226722, 0.0121372, 0.0948119, 0.0669301, 0.0701407, 0.0618519, -0.0974792, -0.0263833, -0.0405744, -0.0305338, 0.0427168, -0.00443434, 0.0710746, -0.0131993, 0.0795648, -0.0186377, -0.0640248, -0.00879849, 0.0709586, -0.012479, -0.00591144, -0.0655873, 0.0469405, -0.0318644, -0.0496139, 0.0996033, 0.0635487, -0.0616077, -0.0905942, 0.0229041, 0.0632862, -0.0818354, -0.0305277, 0.0355998, 0.0734855, 0.0618824, 0.0579882, 0.0833003, -0.0262062, 0.0810541, 0.0889889, -0.0216773, -0.0358806, -0.0344584, 0.0241798, -0.0585131, -0.0358928, -0.0899899, -0.0812189, -0.0103427, 0.0756157, 0.0515976, -0.0666433, 0.0252235, -0.0607715, -0.0747917, -0.00706503, -0.016245, -0.0837153, 0.0426862, 0.0746147, 0.0961791, -0.0725761, -0.0980224, 0.00494095, 0.0215613, 0.0790887, 0.0326884, -0.0516465, -0.0930418, -0.0908628, -0.0158361, 0.0678335, -0.0696402, -0.0170751, 0.0624622, -0.0609546, -0.0168371, 0.0708975, -0.0776543, -0.000637837, 0.0483077, 0.0391583, 0.0206519, 0.0127781, -0.0696219, 0.0841914, 0.0371685, 0.0321574, 0.0939329, 0.0429243, 0.069451, 0.0399762, 0.0662343, 0.00943327, -0.0924131, -0.051146, -0.0392865, -0.0104038, -0.00458693, -0.0569506, -0.0225867, 0.0248146, -0.0158177, 0.0422895, 0.0365764, -0.0838313, 0.0851985, 0.069042, 0.0017243, -0.0197668, -0.0726005, -0.0993896, 0.048442, -0.0323099, -0.073632, -0.0127415, 0.0350871, -0.0237953, 0.070867, 0.0174963, 0.0317423, 0.0886105, -0.0668142, -0.0880062, 0.0635792, -0.0322489, 0.009653, 0.0272378, 0.0249672, -0.0607593, -0.00263375, -0.0498764, 0.0204871, -0.0066744, -0.0864254, -0.0350566, 0.0891964, 0.0371563, 0.0638783, -0.0262246, -0.0316935, 0.0287027, -0.03455, -0.0483077, 0.0526109, -0.0764336, 0.0316996, -0.0820002, 0.00579546, 0.0659047, -0.0756157, -0.0953185, -0.0199622, -0.0452376, -0.0203467, -0.0965819, 0.1, 0.0170751, 0.0140782, 0.0723685, -0.0324992, -0.0814997, -0.0828791, -0.0161107, 0.0432661, 0.0434309, -0.0639332, -0.005356, 0.0617115, 0.0754082, 0.0598743, -0.080871, -0.0646962, -0.090875, 0.00803552, 0.0880062, -0.0953917, 0.0253945, 0.0308329, -0.0275735, -0.00978118, -0.0398297, 0.0270913, 0.0556688, -0.097058, -0.000943022, -0.0141575, -0.0667592, 0.0684927, -0.0716422, 0.0580248, -0.0772393, -0.0772637, -0.025895, 0.0644887, -0.0351054, -0.0659291, -0.0398541, -0.0533738, 0.0964782, -0.0911557, 0.0167211, -0.0341838, 0.0772271, 0.0363689, 0.0705741, -0.0420637, 0.0511887, 0.0295022, 0.0480209, 0.0491989, 0.0242164, 0.017307, 0.0221534, -0.0604419, 0.0386761, -0.0541795, 0.0354106, -0.0399884, 0.0266945, -0.0566637, 0.0288003, 0.00989715, 0.0232093, 0.00635701, 0.00903043, -0.0194739, -0.080047, 0.0624928, 0.0847346, -0.0285318, 0.0417707, -0.0333964, -0.0968566, -0.094409, -0.0735832, 0.0863826, -0.081634, 0.0491928, -0.0108493, 0.0335734, 0.0225501, 0.0434858, 0.0533067, -0.00273751, -0.028782, -0.0463546, 0.0281594, 0.0352763, -0.0660268, -0.0583361, -0.0847163, -0.0199499, 0.00184027, 0.0693533, 0.0247291, -0.0847346, -0.0174963, 0.037553, -0.0178808, 0.0793512, -0.0853023, -0.0319315, 0.00812098, -0.0477828, 0.032963, 0.0343181, 0.0513413, -0.0185156, 0.0140782, 0.0470809, 0.0560472, -0.0956236, 0.0363384, 0.00164495, -0.0541246, -0.0784539, 0.0830195, 0.0924436, 0.00483108, 0.079162, 0.0211829, 0.00155339,


Starting training using BP on Car Evaluation Set
Press enter to start the training.

0,770.558,0.700231,90806
1,724.371,0.700231,89816
2,619.233,0.700231,90304
3,504.425,0.786458,88300
4,441.993,0.858218,89803
5,411.414,0.864583,90304
6,394.282,0.869213,88296
7,383.269,0.87037,88298
8,375.406,0.869792,90305
9,369.353,0.872106,90304
10,364.435,0.874421,89803
11,360.272,0.874421,88800
12,356.629,0.874421,88299
13,353.349,0.875,88298
14,350.319,0.876736,90807
15,347.454,0.876736,89801
16,344.684,0.876157,91332
17,341.951,0.876157,89852
18,339.205,0.876157,89301
19,336.402,0.876157,88299
20,333.505,0.876157,91306
21,330.482,0.876736,100493
22,327.307,0.876736,88799
23,323.959,0.876736,89301
24,320.422,0.878472,88800
25,316.681,0.877315,89803
26,312.722,0.877894,89299
27,308.531,0.879051,89301
28,304.095,0.87963,89299
29,299.406,0.87963,90304
30,294.463,0.879051,90805
31,289.278,0.880787,92334
32,283.872,0.884259,90806
33,278.281,0.886574,92331
34,272.546,0.890046,92813
35,266.718,0.892361,94317
36,260.845,0.896412,90360
37,254.976,0.900463,98332
38,249.157,0.903356,90807
39,243.429,0.905671,98831
40,237.829,0.909722,99837
41,232.394,0.912037,89958
42,227.153,0.916088,89803
43,222.134,0.918403,90809
44,217.357,0.920139,94819
45,212.834,0.92419,92312
46,208.57,0.924769,89301
47,204.565,0.926505,91310
48,200.812,0.929398,90304
49,197.3,0.929977,89302
50,194.015,0.930556,89301
51,190.944,0.931134,91810
52,188.072,0.93287,88818
53,185.383,0.93287,94820
54,182.865,0.93287,88799
55,180.504,0.93287,91308
56,178.287,0.934028,89301
57,176.202,0.936921,89302
58,174.241,0.940394,88298
59,172.391,0.943866,91837
60,170.646,0.945602,98332
61,168.996,0.949074,89301
62,167.435,0.948495,88800
63,165.956,0.949074,88825
64,164.553,0.949653,89303
65,163.22,0.951389,96441
66,161.952,0.951389,92313
67,160.746,0.951389,89303
68,159.596,0.951389,92310
69,158.499,0.951389,89301
70,157.452,0.951389,91309
71,156.451,0.951389,99336
72,155.493,0.951389,89344
73,154.577,0.953125,96325
74,153.698,0.953704,96828
75,152.856,0.95544,92311
76,152.049,0.956019,93817
77,151.273,0.956597,90304
78,150.528,0.956597,90808
79,149.812,0.956597,93315
80,149.123,0.956597,94317
81,148.461,0.956597,89327
82,147.823,0.957755,93314
83,147.209,0.957755,89301
84,146.617,0.959491,90305
85,146.046,0.960069,90305
86,145.497,0.960648,89303
87,144.966,0.960648,89803
88,144.455,0.961227,89303
89,143.961,0.961227,90806
90,143.485,0.962384,89301
91,143.025,0.961806,88800
92,142.581,0.962384,88845
93,142.153,0.962384,90304
94,141.739,0.962384,94318
95,141.339,0.962963,89367
96,140.953,0.963542,89301
97,140.581,0.963542,97328
98,140.221,0.96412,94821
99,139.873,0.96412,91307
100,139.537,0.96412,90304
101,139.212,0.96412,89329
102,138.898,0.96412,91812
103,138.595,0.964699,91309
104,138.302,0.964699,91309
105,138.019,0.964699,91308
106,137.746,0.964699,92311
107,137.481,0.964699,89805
108,137.226,0.964699,88800
109,136.979,0.964699,91308
110,136.74,0.964699,94319
111,136.509,0.964699,88800
112,136.286,0.964699,89303
113,136.07,0.964699,93818
114,135.862,0.964699,92814
115,135.66,0.964699,90808
116,135.464,0.964699,89303
117,135.275,0.964699,89803
118,135.093,0.964699,89300
119,134.916,0.964699,93316
120,134.744,0.964699,89300
121,134.579,0.965278,90808
122,134.418,0.965278,90806
123,134.263,0.965856,97329
124,134.112,0.965856,91810
125,133.966,0.965856,91308
126,133.825,0.965856,90805
127,133.688,0.965856,92814
128,133.555,0.965856,96826
129,133.427,0.965856,90304
130,133.302,0.965856,89804
131,133.181,0.965856,91309
132,133.064,0.965856,93817
133,132.95,0.965856,92310
134,132.839,0.967014,94821
135,132.732,0.967014,95321
136,132.628,0.967014,88797
137,132.526,0.967014,90807
138,132.428,0.967014,89299
139,132.333,0.967014,88801
140,132.24,0.967014,94318
141,132.15,0.967014,92310
142,132.062,0.967014,92813
143,131.977,0.967014,95319
144,131.894,0.967014,91310
145,131.813,0.967014,92814
146,131.735,0.967014,90804
147,131.658,0.967014,89802
148,131.584,0.967014,90304
149,131.511,0.967014,88798
150,131.441,0.967014,89301
151,131.372,0.967014,90806
152,131.305,0.967014,89326
153,131.24,0.967014,90304
154,131.176,0.967593,94819
155,131.114,0.967593,88826
156,131.053,0.967593,95822
157,130.994,0.967593,90807
158,130.936,0.967593,88799
159,130.88,0.967593,88800
160,130.825,0.967593,89803
161,130.771,0.967593,88873
162,130.719,0.967593,88801
163,130.667,0.967593,88800
164,130.617,0.967593,89803
165,130.568,0.967593,89803
166,130.52,0.967593,88800
167,130.473,0.967593,89301
168,130.427,0.967593,90306
169,130.382,0.967593,88799
170,130.338,0.967593,88800
171,130.295,0.967593,88297
172,130.253,0.967593,88297
173,130.212,0.967593,88800
174,130.171,0.967593,90808
175,130.132,0.967593,92311
176,130.093,0.967593,89803
177,130.055,0.967593,91809
178,130.017,0.967593,90305
179,129.981,0.967593,89328
180,129.945,0.967593,88799
181,129.909,0.967593,92313
182,129.875,0.967593,92310
183,129.84,0.967593,91328
184,129.807,0.967593,89803
185,129.774,0.967593,88799
186,129.742,0.967593,92814
187,129.71,0.967593,90304
188,129.679,0.968171,89303
189,129.648,0.968171,88322
190,129.618,0.968171,89303
191,129.589,0.968171,88823
192,129.56,0.968171,89302
193,129.531,0.968171,88801
194,129.503,0.968171,88801
195,129.475,0.968171,89301
196,129.448,0.968171,89803
197,129.421,0.968171,88799
198,129.394,0.968171,92815
199,129.368,0.968171,89801
200,129.342,0.967593,88799
201,129.317,0.967593,89301
202,129.292,0.967593,90833
203,129.267,0.967593,93315
204,129.243,0.967593,89803
205,129.219,0.967593,88802
206,129.196,0.967593,93315
207,129.172,0.967593,89803
208,129.149,0.967593,89302
209,129.127,0.967593,91811
210,129.104,0.967593,90303
211,129.082,0.967593,90806
212,129.06,0.967593,88799
213,129.039,0.967593,90808
214,129.018,0.967593,89804
215,128.997,0.967593,89301
216,128.976,0.967593,89805
217,128.956,0.967593,89301
218,128.935,0.967593,95322
219,128.915,0.967593,89303
220,128.896,0.967593,93837
221,128.876,0.967593,88801
222,128.857,0.967593,90304
223,128.838,0.967593,91308
224,128.819,0.967593,91308
225,128.8,0.967593,90805
226,128.782,0.967593,91810
227,128.763,0.967593,90328
228,128.745,0.967593,88802
229,128.727,0.967593,88800
230,128.71,0.967593,89804
231,128.692,0.967593,88298
232,128.675,0.967593,88800
233,128.658,0.967593,90807
234,128.641,0.967593,89301
235,128.624,0.967593,94318
236,128.607,0.967593,91307
237,128.591,0.967593,92813
238,128.574,0.967593,92312
239,128.558,0.967593,90307
240,128.542,0.967593,97328
241,128.526,0.967593,91308
242,128.51,0.967593,89803
243,128.495,0.967593,91310
244,128.479,0.967593,88798
245,128.464,0.967593,91812
246,128.448,0.967593,96824
247,128.433,0.967593,92311
248,128.418,0.967593,89324
249,128.403,0.967593,89302
250,128.389,0.967593,92812
251,128.374,0.967593,90610
252,128.359,0.967593,91308
253,128.345,0.967593,92312
254,128.331,0.967593,90306
255,128.317,0.967593,89366
256,128.302,0.967593,88799
257,128.288,0.967593,88324
258,128.275,0.967593,88799
259,128.261,0.967593,90305
260,128.247,0.967593,91810
261,128.234,0.967593,89301
262,128.22,0.967593,89804
263,128.207,0.967593,89301
264,128.193,0.967593,90806
265,128.18,0.967593,89302
266,128.167,0.967593,92313
267,128.154,0.967593,89300
268,128.141,0.967593,90307
269,128.128,0.967593,89300
270,128.115,0.967593,91307
271,128.102,0.967593,89299
272,128.09,0.967593,88298
273,128.077,0.967593,88801
274,128.064,0.967593,90806
275,128.052,0.967593,90806
276,128.04,0.967593,94319
277,128.027,0.967593,94318
278,128.015,0.967593,88799
279,128.003,0.967593,91064
280,127.991,0.967593,90326
281,127.979,0.967593,90807
282,127.967,0.967593,89298
283,127.955,0.967593,94319
284,127.943,0.967593,90806
285,127.931,0.967593,89303
286,127.919,0.967593,89803
287,127.907,0.967593,90830
288,127.896,0.967593,91809
289,127.884,0.967593,89803
290,127.872,0.967593,89300
291,127.861,0.967593,88822
292,127.849,0.967593,89302
293,127.838,0.967593,92309
294,127.827,0.967593,88800
295,127.815,0.967593,88800
296,127.804,0.967593,89301
297,127.793,0.967593,97829
298,127.782,0.967593,91309
299,127.77,0.967593,88798
300,127.759,0.967593,89301
301,127.748,0.967593,91308
302,127.737,0.967593,89302
303,127.726,0.967593,90807
304,127.715,0.967593,95823
305,127.704,0.967593,91811
306,127.693,0.967593,90804
307,127.682,0.967593,88562
308,127.672,0.967593,89302
309,127.661,0.967593,94340
310,127.65,0.967593,88300
311,127.639,0.967593,89802
312,127.629,0.967593,90806
313,127.618,0.967593,90306
314,127.607,0.967593,88798
315,127.597,0.967593,90806
316,127.586,0.967593,92813
317,127.576,0.968171,93315
318,127.565,0.968171,93842
319,127.555,0.968171,94316
320,127.544,0.968171,88800
321,127.534,0.968171,88298
322,127.523,0.968171,89302
323,127.513,0.968171,91808
324,127.502,0.968171,90807
325,127.492,0.968171,90806
326,127.482,0.968171,89804
327,127.471,0.968171,89301
328,127.461,0.968171,92311
329,127.451,0.968171,91810
330,127.441,0.968171,95321
331,127.43,0.96875,89386
332,127.42,0.96875,94319
333,127.41,0.96875,88801
334,127.4,0.968171,94342
335,127.39,0.968171,88799
336,127.38,0.968171,93814
337,127.369,0.968171,93841
338,127.359,0.968171,91308
339,127.349,0.968171,89803
340,127.339,0.968171,90803
341,127.329,0.968171,89299
342,127.319,0.968171,88799
343,127.309,0.968171,91308
344,127.299,0.968171,88801
345,127.289,0.968171,88598
346,127.279,0.968171,89301
347,127.269,0.968171,91309
348,127.259,0.968171,92311
349,127.249,0.968171,91809
350,127.239,0.968171,92814
351,127.229,0.968171,89804
352,127.219,0.968171,93338
353,127.209,0.968171,89300
354,127.199,0.968171,89302
355,127.189,0.968171,90846
356,127.179,0.968171,90305
357,127.17,0.968171,93317
358,127.16,0.968171,93815
359,127.15,0.968171,89329
360,127.14,0.968171,90303
361,127.13,0.968171,92313
362,127.12,0.968171,89300
363,127.11,0.968171,91810
364,127.1,0.967593,89301
365,127.091,0.967593,89803
366,127.081,0.967593,106859
367,127.071,0.967593,94319
368,127.061,0.967593,89301
369,127.051,0.967593,93568
370,127.041,0.967593,91328
371,127.032,0.967593,91309
372,127.022,0.967593,91811
373,127.012,0.967593,91308
374,127.002,0.967593,92837
375,126.992,0.967593,89302
376,126.983,0.967593,91208
377,126.973,0.967593,92310
378,126.963,0.967593,89299
379,126.953,0.967593,98832
380,126.943,0.967593,91306
381,126.934,0.967593,89804
382,126.924,0.967593,89299
383,126.914,0.967593,88872
384,126.904,0.967593,88800
385,126.895,0.967593,94818
386,126.885,0.967593,90808
387,126.875,0.967593,89303
388,126.865,0.967593,95321
389,126.855,0.967593,89301
390,126.846,0.967593,88801
391,126.836,0.967593,90806
392,126.826,0.967593,89301
393,126.816,0.967593,91807
394,126.807,0.967593,91307
395,126.797,0.967593,90305
396,126.787,0.967593,91809
397,126.777,0.967593,89301
398,126.768,0.967593,94340
399,126.758,0.967593,100339
400,126.748,0.967593,101341
401,126.738,0.967593,92700
402,126.729,0.967593,90806
403,126.719,0.967593,90807
404,126.709,0.967593,92836
405,126.699,0.967593,89299
406,126.69,0.967593,89802
407,126.68,0.967593,88800
408,126.67,0.967593,90305
409,126.66,0.967593,95323
410,126.651,0.967593,89301
411,126.641,0.967593,91308
412,126.631,0.967593,90306
413,126.621,0.967593,89803
414,126.612,0.967593,91343
415,126.602,0.967593,90325
416,126.592,0.967593,93815
417,126.583,0.967593,89302
418,126.573,0.967593,89803
419,126.563,0.967593,89803
420,126.554,0.967593,92812
421,126.544,0.967593,89308
422,126.534,0.967593,89301
423,126.525,0.967593,88800
424,126.515,0.967593,91809
425,126.505,0.967593,93816
426,126.496,0.967593,91809
427,126.486,0.967593,88299
428,126.476,0.967593,91809
429,126.467,0.967593,91811
430,126.457,0.967593,90305
431,126.448,0.967593,89303
432,126.438,0.967593,91309
433,126.429,0.967593,90807
434,126.419,0.967593,89804
435,126.41,0.967593,90806
436,126.4,0.967593,90808
437,126.391,0.968171,90808
438,126.381,0.968171,89804
439,126.372,0.968171,97330
440,126.362,0.968171,92814
441,126.353,0.968171,88799
442,126.344,0.968171,92313
443,126.334,0.968171,89801
444,126.325,0.968171,91311
445,126.316,0.968171,91811
446,126.306,0.968171,91307
447,126.297,0.968171,97828
448,126.288,0.968171,91309
449,126.279,0.968171,89803
450,126.27,0.968171,90302
451,126.26,0.968171,91307
452,126.251,0.968171,89301
453,126.242,0.968171,88825
454,126.233,0.968171,95823
455,126.224,0.96875,89301
456,126.215,0.96875,89804
457,126.206,0.96875,91308
458,126.197,0.96875,89301
459,126.188,0.96875,89804
460,126.18,0.96875,89362
461,126.171,0.96875,88799
462,126.162,0.96875,89301
463,126.153,0.96875,88298
464,126.144,0.96875,88801
465,126.136,0.96875,91811
466,126.127,0.96875,90828
467,126.119,0.96875,90305
468,126.11,0.96875,92935
469,126.102,0.96875,90306
470,126.093,0.96875,89300
471,126.085,0.96875,89803
472,126.076,0.96875,91809
473,126.068,0.96875,88300
474,126.06,0.96875,93818
475,126.051,0.96875,90804
476,126.043,0.96875,93814
477,126.035,0.96875,88801
478,126.027,0.96875,90807
479,126.019,0.96875,90304
480,126.011,0.96875,91306
481,126.003,0.96875,88799
482,125.995,0.96875,93816
483,125.987,0.96875,90807
484,125.979,0.96875,89301
485,125.971,0.96875,91811
486,125.964,0.96875,90805
487,125.956,0.96875,88827
488,125.948,0.96875,91308
489,125.941,0.96875,92310
490,125.933,0.96875,91829
491,125.926,0.96875,94317
492,125.918,0.96875,91811
493,125.911,0.96875,92811
494,125.904,0.96875,97326
495,125.897,0.96875,90345
496,125.889,0.96875,90259
497,125.882,0.96875,89320
498,125.875,0.96875,88800
499,125.868,0.969329,89301
500,125.861,0.969329,88800
501,125.854,0.969329,90806
502,125.847,0.969329,93314
503,125.841,0.969329,91310
504,125.834,0.969329,89303
505,125.827,0.969329,93313
506,125.82,0.969329,88799
507,125.814,0.969329,91309
508,125.807,0.969329,94319
509,125.801,0.969329,90806
510,125.794,0.969329,90303
511,125.788,0.969329,96324
512,125.782,0.969329,91307
513,125.775,0.969329,90806
514,125.769,0.969329,91307
515,125.763,0.969329,90807
516,125.757,0.969329,91810
517,125.751,0.969329,92812
518,125.745,0.969329,92314
519,125.739,0.969329,94316
520,125.733,0.969329,95321
521,125.727,0.969329,96825
522,125.722,0.969329,104853
523,125.716,0.969329,113884
524,125.71,0.969329,101342
525,125.705,0.969329,104352
526,125.699,0.969329,97328
527,125.693,0.969329,94319
528,125.688,0.969329,104855
529,125.683,0.969329,91810
530,125.677,0.969329,89831
531,125.672,0.969329,89301
532,125.667,0.969329,91308
533,125.661,0.969329,90807
534,125.656,0.969329,89799
535,125.651,0.969329,92814
536,125.646,0.969329,95823
537,125.641,0.969329,96828
538,125.636,0.969329,91308
539,125.631,0.969329,96826
540,125.627,0.969329,89804
541,125.622,0.969329,89301
542,125.617,0.969329,89474
543,125.612,0.969329,88800
544,125.608,0.969329,92311
545,125.603,0.969329,104854
546,125.598,0.969329,105857
547,125.594,0.969329,113382
548,125.589,0.969329,111375
549,125.585,0.969329,120406
550,125.581,0.969329,106860
551,125.576,0.969329,118400
552,125.572,0.969329,122915
553,125.568,0.969329,116394
554,125.563,0.969329,107861
555,125.559,0.969329,108366
556,125.555,0.969329,113382
557,125.551,0.969329,104853
558,125.547,0.969329,103349
559,125.543,0.969329,101844
560,125.539,0.969329,103349
561,125.535,0.969329,108867
562,125.531,0.969329,102849
563,125.527,0.969329,105856
564,125.524,0.969329,96826
565,125.52,0.969329,103348
566,125.516,0.969329,91308
567,125.512,0.969329,92812
568,125.509,0.969329,108366
569,125.505,0.969329,108365
570,125.501,0.969329,108367
571,125.498,0.969329,111376
572,125.494,0.969329,89300
573,125.491,0.969329,88800
574,125.487,0.969329,89303
575,125.484,0.969329,89803
576,125.481,0.969329,91305
577,125.477,0.969329,89301
578,125.474,0.969329,92310
579,125.471,0.969329,90807
580,125.468,0.969329,89301
581,125.464,0.969329,91309
582,125.461,0.969329,93315
583,125.458,0.969329,92311
584,125.455,0.969329,88801
585,125.452,0.969329,90329
586,125.449,0.969329,88801
587,125.446,0.969329,88298
588,125.443,0.969329,88800
589,125.44,0.969329,88799
590,125.437,0.969329,88826
591,125.434,0.969329,88298
592,125.431,0.969329,88297
593,125.428,0.969329,88799
594,125.425,0.969329,89301
595,125.422,0.969329,89328
596,125.419,0.969329,89300
597,125.417,0.969329,89803
598,125.414,0.969329,89303
599,125.411,0.969329,89804
600,125.409,0.969329,90808
601,125.406,0.969329,90808
602,125.403,0.969329,94341
603,125.401,0.969329,88801
604,125.398,0.969329,90808
605,125.395,0.969329,88873
606,125.393,0.969329,92311
607,125.39,0.969329,91811
608,125.388,0.969329,90303
609,125.385,0.969329,91809
610,125.383,0.969329,90303
611,125.38,0.969329,89803
612,125.378,0.969329,91811
613,125.375,0.969329,92312
614,125.373,0.969329,90305
615,125.371,0.969329,92815
616,125.368,0.969329,90304
617,125.366,0.969329,88800
618,125.364,0.969329,90830
619,125.361,0.969329,88800
620,125.359,0.969329,90809
621,125.357,0.969329,89301
622,125.354,0.969329,91308
623,125.352,0.969329,88802
624,125.35,0.969329,95823
625,125.348,0.969329,88801
626,125.346,0.969329,92310
627,125.343,0.969329,92313
628,125.341,0.969329,89301
629,125.339,0.969329,95323
630,125.337,0.969329,91808
631,125.335,0.969329,88299
632,125.333,0.969329,88799
633,125.331,0.969329,89303
634,125.328,0.969329,90305
635,125.326,0.969329,91810
636,125.324,0.969329,88799
637,125.322,0.969329,89302
638,125.32,0.969329,88800
639,125.318,0.969329,89301
640,125.316,0.969329,89803
641,125.314,0.969329,89302
642,125.312,0.969329,93841
643,125.31,0.969329,91812
644,125.308,0.969329,93814
645,125.306,0.969329,89301
646,125.304,0.969329,92813
647,125.302,0.969329,89803
648,125.3,0.969329,92311
649,125.298,0.969329,93315
650,125.297,0.969329,89802
651,125.295,0.969329,94819
652,125.293,0.969329,89803
653,125.291,0.969329,104853
654,125.289,0.969329,106861
655,125.287,0.969329,109368
656,125.285,0.969329,114388
657,125.283,0.969329,92813
658,125.281,0.969329,89300
659,125.28,0.969329,97328
660,125.278,0.969329,105355
661,125.276,0.969329,97830
662,125.274,0.969329,88799
663,125.272,0.969329,89803
664,125.27,0.969329,90806
665,125.269,0.969329,89828
666,125.267,0.969329,90307
667,125.265,0.969329,89301
668,125.263,0.969329,98834
669,125.261,0.969329,94822
670,125.26,0.969329,106360
671,125.258,0.969329,91811
672,125.256,0.969329,94819
673,125.254,0.969329,97330
674,125.252,0.969329,95322
675,125.251,0.969329,92313
676,125.249,0.969329,90305
677,125.247,0.969329,89302
678,125.245,0.969329,91812
679,125.243,0.969329,90306
680,125.242,0.969329,93856
681,125.24,0.969329,91809
682,125.238,0.969329,92835
683,125.236,0.969329,90303
684,125.235,0.969329,96326
685,125.233,0.969329,92814
686,125.231,0.969329,92313
687,125.229,0.969329,96326
688,125.228,0.969329,93817
689,125.226,0.969329,92811
690,125.224,0.969329,90809
691,125.222,0.969329,91810
692,125.22,0.969329,91808
693,125.219,0.969329,95323
694,125.217,0.969329,92311
695,125.215,0.969329,93142
696,125.213,0.969329,91810
697,125.212,0.969329,91308
698,125.21,0.969329,88800
699,125.208,0.969329,95323
700,125.206,0.969329,89800
701,125.205,0.969329,90806
702,125.203,0.969329,92813
703,125.201,0.969329,89330
704,125.199,0.969329,89299
705,125.197,0.969329,88823
706,125.196,0.969329,89804
707,125.194,0.969329,91307
708,125.192,0.969329,89301
709,125.19,0.969329,88800
710,125.188,0.969329,89303
711,125.187,0.969329,90806
712,125.185,0.969329,89302
713,125.183,0.969329,90804
714,125.181,0.969329,90807
715,125.179,0.969329,89302
716,125.177,0.969329,90303
717,125.176,0.969329,92813
718,125.174,0.969329,92311
719,125.172,0.969329,90806
720,125.17,0.969329,90302
721,125.168,0.969329,91809
722,125.166,0.969329,92312
723,125.164,0.969329,88837
724,125.163,0.969329,89302
725,125.161,0.969329,89803
726,125.159,0.969329,91309
727,125.157,0.969329,88799
728,125.155,0.969329,88799
729,125.153,0.969329,89328
730,125.151,0.969329,88297
731,125.149,0.969329,90805
732,125.147,0.969329,89301
733,125.145,0.969329,90305
734,125.143,0.969329,89300
735,125.141,0.969329,90806
736,125.139,0.969329,89804
737,125.137,0.969329,92310
738,125.135,0.969329,92313
739,125.133,0.969329,92310
740,125.131,0.969329,92814
741,125.129,0.969329,88817
742,125.127,0.969329,91810
743,125.125,0.969329,89302
744,125.123,0.969329,90808
745,125.121,0.969329,91307
746,125.119,0.969329,96322
747,125.117,0.969329,98834
748,125.115,0.969329,129939
749,125.113,0.969329,95824
750,125.111,0.969329,90807
751,125.109,0.969329,96327
752,125.107,0.969329,92813
753,125.104,0.969329,96327
754,125.102,0.969329,92310
755,125.1,0.969329,91835
756,125.098,0.969329,89302
757,125.096,0.969329,90303
758,125.094,0.969329,92311
759,125.091,0.969329,100367
760,125.089,0.969329,90807
761,125.087,0.969329,90806
762,125.085,0.969329,96324
763,125.082,0.969329,88342
764,125.08,0.969329,89301
765,125.078,0.969329,89300
766,125.075,0.969329,89301
767,125.073,0.969329,90663
768,125.071,0.969329,91306
769,125.068,0.969329,90806
770,125.066,0.969329,88798
771,125.064,0.969329,89301
772,125.061,0.969329,97327
773,125.059,0.969329,94818
774,125.057,0.969329,99335
775,125.054,0.969329,88298
776,125.052,0.969329,89306
777,125.049,0.969329,88799
778,125.047,0.969329,99837
779,125.044,0.969329,99333
780,125.042,0.969329,89802
781,125.039,0.969329,91808
782,125.037,0.969329,89803
783,125.034,0.969329,97900
784,125.031,0.969329,102849
785,125.029,0.969329,94317
786,125.026,0.969329,96324
787,125.024,0.969329,108365
788,125.021,0.969329,97830
789,125.018,0.969329,89803
790,125.016,0.969329,98833
791,125.013,0.969329,96385
792,125.01,0.969329,91810
793,125.008,0.969329,95321
794,125.005,0.969329,94822
795,125.002,0.969329,96828
796,124.999,0.969329,94821
797,124.996,0.969329,96421
798,124.994,0.969329,91306
799,124.991,0.969329,103385
800,124.988,0.969329,99334
801,124.985,0.969329,94821
802,124.982,0.969329,92815
803,124.979,0.969329,93817
804,124.976,0.969329,94824
805,124.973,0.969329,97831
806,124.97,0.969329,110372
807,124.968,0.969329,96362
808,124.965,0.969329,104856
809,124.961,0.969329,100842
810,124.958,0.969329,94819
811,124.955,0.969329,102345
812,124.952,0.969329,91305
813,124.949,0.969329,94320
814,124.946,0.969329,99334
815,124.943,0.969329,94318
816,124.94,0.969329,88800
817,124.937,0.969329,90305
818,124.933,0.969329,89334
819,124.93,0.969329,88298
820,124.927,0.969329,94319
821,124.924,0.969329,89301
822,124.92,0.969329,92814
823,124.917,0.969329,89803
824,124.914,0.969329,90306
825,124.91,0.969329,88826
826,124.907,0.969329,88797
827,124.904,0.969329,90304
828,124.9,0.969329,89302
829,124.897,0.969329,89335
830,124.893,0.969329,88802
831,124.89,0.969329,88799
832,124.886,0.969329,91310
833,124.883,0.969329,91307
834,124.879,0.969329,90806
835,124.876,0.969329,89804
836,124.872,0.969329,92815
837,124.869,0.969329,91308
838,124.865,0.969329,88799
839,124.861,0.969329,89300
840,124.858,0.969329,88299
841,124.854,0.969329,96325
842,124.85,0.969329,96825
843,124.847,0.969329,100338
844,124.843,0.969329,92375
845,124.839,0.969329,89803
846,124.835,0.969329,97328
847,124.832,0.969329,90305
848,124.828,0.969329,92815
849,124.824,0.969329,88819
850,124.82,0.969329,90832
851,124.816,0.969329,89301
852,124.812,0.969329,88298
853,124.808,0.969329,92314
854,124.804,0.969329,92311
855,124.801,0.969329,90306
856,124.797,0.969329,90802
857,124.793,0.969329,88801
858,124.789,0.969329,91810
859,124.784,0.969329,91308
860,124.78,0.969329,95320
861,124.776,0.969329,92813
862,124.772,0.969329,90805
863,124.768,0.969329,92814
864,124.764,0.969329,90805
865,124.76,0.969329,89302
866,124.756,0.969329,90805
867,124.751,0.969907,88844
868,124.747,0.969907,94318
869,124.743,0.969907,92311
870,124.739,0.969907,89804
871,124.735,0.970486,90305
872,124.73,0.970486,90806
873,124.726,0.970486,91308
874,124.722,0.970486,89803
875,124.717,0.970486,91810
876,124.713,0.970486,90806
877,124.709,0.970486,88299
878,124.704,0.970486,90304
879,124.7,0.970486,89800
880,124.695,0.970486,89803
881,124.691,0.970486,89804
882,124.686,0.970486,92813
883,124.682,0.970486,90304
884,124.678,0.970486,90806
885,124.673,0.970486,91811
886,124.669,0.970486,89301
887,124.664,0.970486,89804
888,124.66,0.970486,94320
889,124.655,0.970486,92313
890,124.65,0.970486,90307
891,124.646,0.970486,94650
892,124.641,0.970486,91308
893,124.637,0.970486,94319
894,124.632,0.970486,90806
895,124.627,0.970486,95825
896,124.623,0.970486,94319
897,124.618,0.970486,91867
898,124.613,0.970486,90805
899,124.609,0.970486,89302
900,124.604,0.970486,89799
901,124.599,0.970486,90806
902,124.595,0.970486,89303
903,124.59,0.970486,96826
904,124.585,0.970486,92813
905,124.581,0.970486,88799
906,124.576,0.970486,89828
907,124.571,0.970486,93313
908,124.566,0.970486,89803
909,124.562,0.970486,90809
910,124.557,0.970486,90807
911,124.552,0.970486,88297
912,124.547,0.970486,99335
913,124.543,0.970486,92312
914,124.538,0.970486,92329
915,124.533,0.970486,97831
916,124.528,0.970486,92812
917,124.524,0.970486,94329
918,124.519,0.970486,99837
919,124.514,0.970486,96565
920,124.509,0.970486,89303
921,124.504,0.970486,94820
922,124.5,0.970486,92313
923,124.495,0.970486,89339
924,124.49,0.970486,89802
925,124.485,0.970486,89300
926,124.48,0.970486,91831
927,124.476,0.970486,88801
928,124.471,0.970486,94319
929,124.466,0.970486,90805
930,124.461,0.970486,91307
931,124.456,0.970486,91308
932,124.452,0.970486,90307
933,124.447,0.970486,89301
934,124.442,0.970486,89803
935,124.437,0.970486,89803
936,124.433,0.970486,89302
937,124.428,0.970486,89299
938,124.423,0.970486,88799
939,124.418,0.970486,88799
940,124.413,0.970486,89803
941,124.409,0.970486,90305
942,124.404,0.970486,92897
943,124.399,0.970486,89803
944,124.395,0.970486,88801
945,124.39,0.970486,90305
946,124.385,0.970486,88799
947,124.38,0.970486,95823
948,124.376,0.970486,97327
949,124.371,0.970486,92311
950,124.366,0.970486,89803
951,124.362,0.971065,89301
952,124.357,0.971065,90304
953,124.352,0.971065,88801
954,124.348,0.971065,90806
955,124.343,0.971065,89804
956,124.338,0.971065,91322
957,124.334,0.971065,90806
958,124.329,0.971065,89302
959,124.325,0.971065,91308
960,124.32,0.971065,99337
961,124.316,0.971065,90807
962,124.311,0.971065,90304
963,124.307,0.971065,88800
964,124.302,0.971065,90304
965,124.298,0.971065,90832
966,124.293,0.971065,90805
967,124.289,0.971065,90806
968,124.284,0.971065,90329
969,124.28,0.971065,93316
970,124.275,0.971065,90305
971,124.271,0.971065,89301
972,124.266,0.971065,89302
973,124.262,0.971065,91308
974,124.258,0.971065,90304
975,124.253,0.971065,98375
976,124.249,0.971065,101843
977,124.245,0.971065,88868
978,124.241,0.971065,93313
979,124.236,0.971065,90305
980,124.232,0.971065,95322
981,124.228,0.971065,90306
982,124.224,0.971065,91334
983,124.219,0.971065,90304
984,124.215,0.971065,89302
985,124.211,0.971065,90307
986,124.207,0.971065,91308
987,124.203,0.971065,88800
988,124.199,0.971065,88297
989,124.195,0.971065,90306
990,124.191,0.971065,89314
991,124.187,0.971065,90303
992,124.183,0.971065,95823
993,124.179,0.971065,99834
994,124.175,0.971065,89302
995,124.171,0.971065,89954
996,124.167,0.971065,93816
997,124.163,0.971065,89334
998,124.159,0.971065,92312
999,124.155,0.971065,90305
Done! Press enter to close the program.
