Normalizing data...
Randomizing order of the data...
Creating Neural Network (21, 13, 4)
Current weights set to:
0.0149815, 0.0857479, 0.0316446, -0.0443709, 0.0898984, 0.0944945, -0.0196814, -0.0413251, 0.0120823, 0.0984802, -0.0365947, -0.0956359, 0.0499191, 0.0809137, -0.0338664, -0.067571, -0.00198065, -0.0833308, 0.0877987, 0.0731925, 0.0807489, 0.0866756, -0.0763726, -0.0730094, 0.038963, 0.0426557, -0.00451979, -0.00287179, 0.0562181, 0.0535752, -0.0624134, -0.0424299, 0.0806635, 0.0649159, 0.0436628, 0.0366314, -0.00110172, 0.00213324, 0.0815729, -0.00200507, 0.0180334, 0.049498, -0.0181616, -0.0998047, -0.0878292, -0.0644642, -0.0937803, -0.0841243, 0.0896664, -0.0435713, -0.0973876, -0.00792566, -0.0627796, -0.0315043, 0.0525376, 0.0327555, -0.00265816, 0.0811029, -0.0825495, -0.0151158, 0.0350871, 0.0811884, -0.00984832, -0.090759, -0.049382, -0.0793085, -0.0425214, 0.0172887, -0.00632038, 0.0981445, 0.0806269, -0.0447798, 0.0362835, 0.0655751, 0.0992553, -0.0833552, -0.0401715, 0.0921628, -0.0342875, 0.0649525, -0.087054, -0.0843074, 0.0155492, 0.0466781, 0.0963012, 0.0132176, 0.0806452, 0.0772515, 0.0305521, 0.0220313, -0.0488754, -0.0199011, -0.0361614, -0.0576342, 0.0924253, 0.0606555, -0.0250954, 0.0529466, 0.023545, -0.003708, 0.0281961, -0.0293558, 0.0630909, 0.0235694, -0.062804, -0.0143834, 0.048912, 0.00397046, 0.0921567, -0.0970275, -0.0619922, 0.0494186, -0.0914426, -0.0775506, 0.0926695, 0.0888119, 0.052562, -0.0129002, -0.0408307, 0.0568102, -0.000424207, -0.0675222, -0.0546129, 0.0861446, -0.0176366, 0.0674368, 0.00342112, -0.0153111, 0.0848201, -0.0822443, -0.0764519, -0.0214331, -0.0623463, -0.0359722, 0.0457991, 0.00249336, -0.0276162, -0.0952147, -0.0046968, -0.0813593, 0.0896664, 0.0764397, -0.0522202, -0.0546922, 0.0984191, -0.0390851, 0.0312845, 0.0765313, -0.0181738, 0.0126438, -0.0294168, -0.0259743, -0.0533616, -0.0642628, -0.0196448, -0.0873653, -0.0881954, 0.0429609, 0.0134373, 0.060509, -0.00708945, 0.0275002, -0.0295816, 0.0753044, 0.0385113, -0.0210791, -0.0231483, 0.0977172, -0.0252968, -0.025486, -0.0658132, -0.0765801, 0.0141331, 0.0772332, 0.0509262, 0.0348979, 0.0856929, 0.0715812, -0.0400372, 0.0741386, -0.0588122, -0.0313883, -0.0713919, 0.0377422, 0.0952452, 0.0113437, -0.0325907, -0.024546, 0.0545579, 0.0117649, -0.0560045, 0.0735038, -0.00702231, -0.0492416, -0.091644, -0.0960814, -0.0715384, 0.0722221, -0.0644093, -0.0788141, -0.0417341, 0.00245674, 0.0925718, -0.0126988, 0.00857265, -0.0736869, 0.0346049, 0.00671102, 0.0548082, -0.0488388, 0.0385174, 0.0521958, 0.068981, 0.0900266, -0.021775, 0.063036, 0.0501144, -0.00490432, 0.0491806, 0.0967101, -0.00574664, 0.0729179, -0.0521043, 0.0153294, -0.0399335, -0.0875973, -0.0872005, -0.011887, 0.0864742, 0.0570544, -0.0673757, 0.0911374, -0.0815607, 0.0525315, -0.0713065, -0.0144749, 0.0972533, 0.000875881, 0.0172277, -0.0444746, -0.0285562, -0.0473617, 0.0580187, 0.0875057, -0.0152379, -0.0318766, -0.0043611, 0.0712455, -0.00275582, -0.0209693, -0.000466933, 0.00476394, -0.0042085, 0.081756, -0.0908444, 0.0838862, -0.0495224, -0.00646687, -0.00956755, -0.0421918, 0.072747, -0.0971984, -0.0902158, 0.0320109, 0.0318339, 0.0449019, -0.0679373, 0.0995849, -0.0143101, 0.034373, 0.0484542, -0.0176366, -0.0174718, 0.0852535, 0.0407697, -0.0368755, -0.0106174, -0.0495651, -0.0116794, 0.0899716, -0.0961364, -0.0885617, 0.0236122, -0.065746, 0.00531938, 0.0498337, 0.0430769, 0.0833247, 0.00176702, -0.068511, -0.0208045, -0.0508164, -0.0712699, -0.0648854, -0.0598254, -0.0254677, 0.0563097, -0.0440168, 0.0234413, 0.0172155, 0.0606555, -0.0835139, -0.0908139, -0.00550249, 0.0162206, 0.0144688, 0.0403424, -0.0316385, 0.064922, -0.0592883, 0.0950072, -0.046971, -0.0815363, -0.00313425, -0.0422224, 0.0260353, 0.0502243, -0.0550218, 0.096173, 0.0240394, -0.067272, -0.080108, -0.0517197, 0.00467849, -0.0228553, 0.0358623, 0.0281411, -0.0443342, -0.0690298, 0.0184484, -0.0451888, -0.0675771, -0.00984222, 0.0931883, -0.0884152, -0.0945372, -0.0180456, 0.0620228, -0.0584521, 0.0987793, 0.0746941, -0.00104068, -0.0143529, -0.099469, -0.0292215, 0.0961058, 0.0696707, -0.0727653, 0.0391522, 0.0912717, -0.0537706, -0.0773125, -0.0565966, 0.00859096, -0.00187078, 0.0729667, 0.0219275, 0.0431806, -0.0907285, 0.0186193, -0.0238136, -0.0787957, -0.0905637,


Starting training using GA on Car Evaluation Set
Press enter to start the training.

0,1430.78,0.700231,652200
1,1377.03,0.700231,654747
2,1340.69,0.700231,657720
3,1290.51,0.700231,654710
4,1199.51,0.700231,653203
5,1085.7,0.700231,655209
6,1085.7,0.700231,654218
7,972.847,0.700231,655738
8,941.495,0.700231,658220
9,885.715,0.700231,657217
10,844.43,0.700231,656253
11,822.558,0.700231,657720
12,822.558,0.700231,655210
13,822.558,0.700231,663237
14,810.088,0.700231,656716
15,798.533,0.700231,655210
16,798.533,0.700231,652700
17,787.378,0.700231,654709
18,783.5,0.700231,651197
19,781.828,0.700231,650697
20,772.349,0.700231,651697
21,765.093,0.700231,653206
22,750.728,0.700231,652223
23,750.728,0.700231,654709
24,748.31,0.700231,677787
25,746.916,0.700231,653227
26,744.384,0.700231,652700
27,744.384,0.700231,655213
28,736.899,0.700231,655210
29,736.899,0.700231,653201
30,734.491,0.700231,657219
31,729.161,0.700231,651197
32,710.96,0.700231,651197
33,710.96,0.700231,664742
34,710.96,0.700231,653703
35,710.96,0.700231,652704
36,702.802,0.700231,653705
37,696.965,0.700231,655211
38,686.42,0.700231,655713
39,686.42,0.700231,650217
40,686.42,0.700231,658222
41,677.611,0.700231,657719
42,669.811,0.700231,660729
43,669.811,0.700231,660728
44,656.293,0.700231,651114
45,656.293,0.700231,654710
46,655.898,0.700231,655712
47,635.469,0.700231,658220
48,635.469,0.700231,653204
49,635.469,0.700231,652700
50,625.084,0.703125,653704
51,610.587,0.704861,654205
52,610.587,0.704861,654710
53,609.339,0.701389,653703
54,588.682,0.711806,649694
55,588.682,0.711806,652700
56,579.698,0.737269,652704
57,579.698,0.737269,652702
58,579.698,0.737269,653706
59,579.698,0.737269,655712
60,572.606,0.726852,653728
61,572.606,0.726852,653204
62,572.606,0.726852,655210
63,572.348,0.719907,653205
64,557.488,0.743056,652724
65,550.679,0.744792,659844
66,550.679,0.744792,655714
67,550.679,0.744792,654707
68,541.646,0.756366,652727
69,536.391,0.767361,655744
70,531.436,0.770833,656216
71,527.82,0.762153,657217
72,525.853,0.758102,657716
73,523.527,0.746528,651335
74,514.023,0.821181,653230
75,511.522,0.802662,653226
76,507.265,0.789931,659270
77,506.785,0.815394,654746
78,502.45,0.818287,653537
79,497.268,0.800926,653705
80,496.186,0.834491,650696
81,496.186,0.834491,652700
82,486.153,0.783565,653205
83,486.153,0.783565,656213
84,485.664,0.844329,655209
85,474.016,0.823495,657602
86,462.419,0.831019,654710
87,462.419,0.831019,651194
88,462.419,0.831019,651698
89,462.419,0.831019,655236
90,461.222,0.840856,655208
91,457.141,0.80787,654207
92,453.619,0.828125,653728
93,450.861,0.839699,655211
94,449.573,0.838542,650235
95,445.55,0.848958,655711
96,445.55,0.848958,667252
97,444.079,0.854167,654208
98,440.684,0.83044,653500
99,437.945,0.861111,652201
100,432.847,0.840278,654206
101,432.555,0.860532,653203
102,430.635,0.858796,670260
103,430.635,0.858796,689325
104,429.578,0.853588,650194
105,427.92,0.831019,649188
106,427.92,0.831019,654207
107,420.73,0.836806,652702
108,420.73,0.836806,654709
109,420.73,0.836806,653204
110,420.73,0.836806,653201
111,419.897,0.847222,654207
112,419.897,0.847222,655210
113,419.897,0.847222,653203
114,414.335,0.849537,656623
115,414.335,0.849537,654091
116,408.862,0.861111,652724
117,408.862,0.861111,652721
118,408.862,0.861111,691330
119,408.862,0.861111,654208
120,408.862,0.861111,651697
121,405.739,0.866898,656717
122,401.291,0.862847,656213
123,396.918,0.872685,654709
124,396.918,0.872685,653703
125,396.918,0.872685,653203
126,396.918,0.872685,652702
127,396.918,0.872685,656212
128,395.499,0.864583,653203
129,395.499,0.864583,653705
130,395.499,0.864583,656716
131,393.472,0.865741,651696
132,393.472,0.865741,650192
133,393.472,0.865741,653203
134,393.472,0.865741,656213
135,392.735,0.869792,654708
136,392.735,0.869792,654723
137,389.867,0.866319,651221
138,389.867,0.866319,654204
139,389.322,0.868056,650721
140,389.322,0.868056,651698
141,388.478,0.872106,658244
142,385.724,0.864005,652249
143,385.724,0.864005,654781
144,385.724,0.864005,659247
145,383.433,0.87037,652703
146,383.429,0.875,683806
147,379.229,0.87037,657239
148,379.229,0.87037,650191
149,379.229,0.87037,657217
150,378.277,0.87037,653705
151,377.77,0.875579,654708
152,377.77,0.875579,651697
153,377.77,0.875579,655207
154,373.358,0.861111,657719
155,373.358,0.861111,650695
156,370.827,0.872106,652750
157,367.221,0.875,652702
158,364.26,0.87963,652200
159,364.26,0.87963,652202
160,364.26,0.87963,656715
161,364.26,0.87963,655709
162,364.26,0.87963,653203
163,361.958,0.876157,651700
164,360.76,0.868056,655211
165,360.76,0.868056,654206
166,360.76,0.868056,654708
167,360.76,0.868056,649689
168,357.15,0.86169,650193
169,354.776,0.872685,650193
170,354.776,0.872685,653205
171,354.776,0.872685,654708
172,354.394,0.879051,652701
173,354.394,0.879051,664280
174,352.353,0.873264,654731
175,350.386,0.871528,651721
176,350.386,0.871528,656214
177,349.817,0.874421,656715
178,348.419,0.867477,654206
179,348.419,0.867477,654708
180,348.419,0.867477,654296
181,348.419,0.867477,658769
182,348.419,0.867477,650193
183,345.003,0.877315,656715
184,345.003,0.877315,654206
185,345.003,0.877315,654708
186,344.8,0.872106,656715
187,339.624,0.869792,655208
188,339.624,0.869792,653704
189,339.624,0.869792,655211
190,339.624,0.869792,649692
191,334.78,0.877315,649220
192,334.78,0.877315,656213
193,334.78,0.877315,655712
194,334.78,0.877315,653707
195,331.769,0.875579,655236
196,330.746,0.874421,652291
197,330.746,0.874421,654206
198,330.524,0.881944,653705
199,326.791,0.877894,651700
200,326.791,0.877894,653201
201,326.791,0.877894,652701
202,326.791,0.877894,655713
203,326.791,0.877894,658220
204,324.356,0.879051,656713
205,324.356,0.879051,656214
206,324.356,0.879051,656712
207,324.356,0.879051,650719
208,324.064,0.876736,658219
209,320.019,0.879051,656715
210,320.019,0.879051,651721
211,320.019,0.879051,649744
212,320.019,0.879051,650191
213,320.019,0.879051,655210
214,320.019,0.879051,650195
215,320.019,0.879051,651196
216,320.019,0.879051,656213
217,320.019,0.879051,656215
218,320.019,0.879051,652703
219,320.019,0.879051,655709
220,320.019,0.879051,651198
221,320.019,0.879051,655211
222,320.019,0.879051,652701
223,320.019,0.879051,652198
224,317.662,0.883681,651699
225,316.572,0.883681,651194
226,316.572,0.883681,653705
227,316.572,0.883681,655712
228,316.572,0.883681,656215
229,313.171,0.889468,658221
230,313.171,0.889468,654708
231,313.171,0.889468,658218
232,313.171,0.889468,663740
233,313.171,0.889468,650695
234,313.171,0.889468,654206
235,312.008,0.876157,652260
236,312.008,0.876157,651698
237,311.693,0.872685,649691
238,309.546,0.887731,653705
239,309.546,0.887731,655233
240,309.546,0.887731,653203
241,309.546,0.887731,651700
242,309.546,0.887731,653264
243,309.546,0.887731,650191
244,308.815,0.884259,655211
245,306.16,0.879051,650740
246,306.16,0.879051,649191
247,306.16,0.879051,654706
248,305.546,0.884259,654206
249,303.174,0.887153,650765
250,303.174,0.887153,657215
251,303.174,0.887153,656215
252,303.174,0.887153,657741
253,303.174,0.887153,653703
254,303.174,0.887153,653755
255,303.174,0.887153,657240
256,302.748,0.885995,655210
257,302.748,0.885995,656235
258,302.748,0.885995,656212
259,302.748,0.885995,652950
260,302.748,0.885995,651700
261,301.979,0.887153,655710
262,301.979,0.887153,655711
263,301.979,0.887153,654207
264,301.979,0.887153,653203
265,298.321,0.884838,663239
266,298.321,0.884838,654796
267,298.321,0.884838,651807
268,298.321,0.884838,650210
269,298.321,0.884838,650225
270,298.321,0.884838,653706
271,298.321,0.884838,651697
272,297.588,0.887731,649715
273,297.588,0.887731,657218
274,297.427,0.885995,658720
275,294.618,0.88831,655227
276,294.618,0.88831,658218
277,294.196,0.888889,652199
278,293.38,0.891782,649691
279,293.38,0.891782,651698
280,293.38,0.891782,654710
281,293.38,0.891782,657216
282,288.012,0.895833,654208
283,288.012,0.895833,658832
284,288.012,0.895833,652702
285,288.012,0.895833,656742
286,288.012,0.895833,649205
287,288.012,0.895833,649689
288,288.012,0.895833,656213
289,288.012,0.895833,653706
290,288.012,0.895833,649781
291,285.485,0.903356,655710
292,285.485,0.903356,651700
293,285.062,0.90162,650696
294,285.062,0.90162,656713
295,283.806,0.895833,656714
296,283.806,0.895833,655713
297,282.814,0.896991,654709
298,282.814,0.896991,652722
299,282.814,0.896991,661748
300,282.814,0.896991,652519
301,282.814,0.896991,653703
302,282.814,0.896991,653705
303,282.642,0.895833,655712
304,282.642,0.895833,653706
305,282.642,0.895833,655208
306,282.642,0.895833,652703
307,281.281,0.89294,663237
308,280.638,0.891204,654206
309,280.327,0.903935,654208
310,280.327,0.903935,651197
311,280.327,0.903935,652698
312,279.345,0.90162,652702
313,278.884,0.902199,655211
314,278.359,0.898148,653704
315,278.33,0.896991,654206
316,278.33,0.896991,653204
317,278.246,0.906829,653704
318,278.086,0.894097,655747
319,277.472,0.899884,651198
320,275.421,0.898148,651700
321,275.421,0.898148,652197
322,275.421,0.898148,650193
323,274.06,0.897569,649692
324,274.06,0.897569,654206
325,272.317,0.91088,652198
326,272.317,0.91088,651699
327,272.317,0.91088,658721
328,269.228,0.903356,652701
329,269.228,0.903356,653706
330,269.228,0.903356,655709
331,269.228,0.903356,659726
332,267.099,0.906829,683804
333,267.099,0.906829,653204
334,267.099,0.906829,653703
335,265.346,0.908565,653705
336,261.796,0.911458,654206
337,261.796,0.911458,655210
338,261.796,0.911458,651698
339,261.796,0.911458,654206
340,261.796,0.911458,653204
341,258.678,0.921296,657237
342,258.678,0.921296,650193
343,258.678,0.921296,654707
344,258.678,0.921296,654208
345,258.678,0.921296,654707
346,258.678,0.921296,648688
347,258.678,0.921296,654206
348,258.678,0.921296,656716
349,258.678,0.921296,659725
350,258.422,0.907986,650744
351,258.422,0.907986,654227
352,258.422,0.907986,655255
353,258.422,0.907986,658724
354,252.966,0.907407,653702
355,252.966,0.907407,654206
356,252.966,0.907407,656715
357,252.966,0.907407,657217
358,252.966,0.907407,660731
359,252.801,0.909144,655321
360,248.479,0.908565,655210
361,248.479,0.908565,695849
362,246.745,0.913773,655738
363,246.745,0.913773,667751
364,246.745,0.913773,648716
365,246.135,0.917245,658218
366,246.135,0.917245,653204
367,245.4,0.923032,654706
368,245.231,0.915509,652220
369,245.231,0.915509,656212
370,244.959,0.918403,657718
371,243.867,0.916088,653203
372,242.282,0.915509,655714
373,241.656,0.916088,665243
374,241.656,0.916088,656750
375,241.656,0.916088,654207
376,241.656,0.916088,654206
377,241.656,0.916088,656739
378,241.137,0.916667,655711
379,241.137,0.916667,654207
380,241.137,0.916667,660228
381,241.137,0.916667,649188
382,241.137,0.916667,654205
383,238.025,0.916667,654206
384,238.025,0.916667,654205
385,237.176,0.90625,653205
386,237.176,0.90625,654708
387,237.176,0.90625,654708
388,235.188,0.911458,661734
389,235.188,0.911458,654263
390,233.618,0.922454,649693
391,233.618,0.922454,653203
392,233.618,0.922454,654708
393,230.766,0.931713,653220
394,228.504,0.923611,656213
395,228.504,0.923611,651245
396,228.504,0.923611,653204
397,227.24,0.93287,654298
398,227.24,0.93287,658222
399,227.24,0.93287,653706
400,227.24,0.93287,651697
401,227.24,0.93287,655287
402,227.24,0.93287,653203
403,227.142,0.929977,661230
404,227.142,0.929977,656739
405,226.243,0.921875,653203
406,225.121,0.925926,653705
407,225.121,0.925926,650695
408,225.121,0.925926,651198
409,220.594,0.927083,653202
410,220.594,0.927083,654208
411,219.837,0.918403,650694
412,219.266,0.925926,657216
413,219.266,0.925926,649189
414,218.625,0.922454,651700
415,218.625,0.922454,684809
416,217.661,0.928819,654707
417,217.661,0.928819,654208
418,217.661,0.928819,649691
419,216.995,0.931134,654207
420,216.995,0.931134,651697
421,216.995,0.931134,651220
422,216.995,0.931134,653705
423,216.382,0.934028,653704
424,213.522,0.929398,655208
425,213.522,0.929398,652702
426,213.522,0.929398,653705
427,213.498,0.927083,651197
428,213.326,0.945023,649692
429,209.341,0.927662,654206
430,209.341,0.927662,650195
431,209.341,0.927662,649188
432,206.314,0.932292,650190
433,206.314,0.932292,651722
434,206.314,0.932292,674775
435,206.314,0.932292,651258
436,206.314,0.932292,659223
437,206.314,0.932292,649710
438,205.145,0.928819,653704
439,204.178,0.938079,649689
440,204.178,0.938079,651698
441,202.283,0.941551,665745
442,202.283,0.941551,653703
443,202.283,0.941551,656213
444,202.283,0.941551,653205
445,202.283,0.941551,660226
446,201.714,0.93287,653706
447,201.714,0.93287,660224
448,201.714,0.93287,655211
449,201.078,0.936343,651767
450,201.078,0.936343,656714
451,200.276,0.943287,651198
452,200.276,0.943287,669257
453,200.276,0.943287,653703
454,200.276,0.943287,652701
455,196.199,0.935185,658221
456,196.199,0.935185,669256
457,196.199,0.935185,651696
458,196.199,0.935185,689826
459,196.199,0.935185,649191
460,195.707,0.941551,652699
461,195.205,0.94213,649721
462,194.66,0.940394,651225
463,193.752,0.931134,654205
464,193.752,0.931134,653702
465,191.506,0.950231,652704
466,191.506,0.950231,652702
467,191.506,0.950231,652701
468,191.506,0.950231,654229
469,191.027,0.938079,654732
470,191.027,0.938079,651052
471,191.027,0.938079,665245
472,191.027,0.938079,651211
473,191.027,0.938079,651197
474,191.027,0.938079,655207
475,191.027,0.938079,656215
476,191.027,0.938079,678789
477,191.027,0.938079,653585
478,191.027,0.938079,667250
479,190.905,0.94213,657216
480,187.623,0.943287,659724
481,187.623,0.943287,655211
482,187.623,0.943287,656210
483,187.623,0.943287,652199
484,187.623,0.943287,655210
485,187.623,0.943287,654205
486,185.802,0.949074,654708
487,185.404,0.947338,650695
488,185.404,0.947338,655711
489,185.404,0.947338,654207
490,185.404,0.947338,649692
491,182.817,0.945602,650193
492,182.156,0.942708,650694
493,181.52,0.945602,652198
494,181.52,0.945602,652200
495,181.52,0.945602,654708
496,174.073,0.949074,653704
497,174.073,0.949074,652703
498,174.073,0.949074,652303
499,174.073,0.949074,658720
500,174.073,0.949074,654708
501,174.073,0.949074,650696
502,174.073,0.949074,664239
503,174.073,0.949074,653280
504,174.073,0.949074,656211
505,174.073,0.949074,656215
506,174.073,0.949074,654708
507,173.071,0.949074,656717
508,173.071,0.949074,650223
509,173.071,0.949074,653229
510,173.071,0.949074,649693
511,173.071,0.949074,668278
512,173.071,0.949074,651748
513,173.071,0.949074,654207
514,173.071,0.949074,655210
515,173.024,0.945602,654709
516,173.024,0.945602,653203
517,173.024,0.945602,654208
518,173.024,0.945602,654707
519,173.024,0.945602,653705
520,172.815,0.947338,652699
521,170.478,0.947338,654207
522,170.478,0.947338,653204
523,170.478,0.947338,672770
524,170.478,0.947338,657216
525,170.478,0.947338,652727
526,170.478,0.947338,656237
527,169.012,0.948495,654205
528,169.012,0.948495,654708
529,169.012,0.948495,658721
530,169.012,0.948495,655210
531,169.012,0.948495,657216
532,169.012,0.948495,659724
533,169.012,0.948495,651697
534,169.012,0.948495,652702
535,167.516,0.952546,655711
536,167.516,0.952546,654208
537,165.299,0.953704,652242
538,165.299,0.953704,652239
539,165.299,0.953704,666749
540,165.299,0.953704,654706
541,165.299,0.953704,652201
542,165.299,0.953704,652229
543,165.299,0.953704,655208
544,165.299,0.953704,653706
545,165.299,0.953704,654731
546,165.299,0.953704,654208
547,165.299,0.953704,653412
548,165.299,0.953704,654208
549,165.299,0.953704,653718
550,164.644,0.950231,652201
551,164.644,0.950231,655935
552,164.644,0.950231,658830
553,164.644,0.950231,650207
554,164.644,0.950231,653205
555,164.628,0.953125,656212
556,164.511,0.950231,654206
557,164.511,0.950231,652703
558,161.433,0.957176,651696
559,161.433,0.957176,651699
560,161.433,0.957176,654708
561,161.433,0.957176,652264
562,161.433,0.957176,653204
563,161.433,0.957176,653706
564,161.397,0.953704,651715
565,161.397,0.953704,654204
566,161.397,0.953704,656714
567,161.397,0.953704,651699
568,161.397,0.953704,649190
569,161.397,0.953704,653704
570,160.735,0.951968,653203
571,159.023,0.958333,652201
572,159.023,0.958333,654206
573,159.023,0.958333,660726
574,156.869,0.956597,651222
575,156.869,0.956597,668256
576,156.869,0.956597,653203
577,156.163,0.95544,650695
578,155.675,0.957176,655709
579,155.204,0.956597,652199
580,155.204,0.956597,653203
581,151.631,0.952546,651196
582,151.631,0.952546,653704
583,151.631,0.952546,657719
584,151.631,0.952546,649693
585,151.631,0.952546,653204
586,151.631,0.952546,655724
587,151.631,0.952546,654787
588,151.631,0.952546,656215
589,151.631,0.952546,656715
590,151.631,0.952546,651196
591,151.631,0.952546,652201
592,151.547,0.951968,661732
593,151.547,0.951968,649693
594,151.547,0.951968,649690
595,151.547,0.951968,650695
596,151.547,0.951968,652201
597,151.547,0.951968,650192
598,150.721,0.951389,651697
599,150.721,0.951389,653705
600,150.721,0.951389,652199
601,150.721,0.951389,654206
602,149.376,0.954861,656715
603,148.772,0.962963,655210
604,148.772,0.962963,656213
605,148.772,0.962963,653202
606,148.772,0.962963,652701
607,148.772,0.962963,657718
608,148.772,0.962963,652701
609,148.772,0.962963,653203
610,148.772,0.962963,653706
611,148.772,0.962963,656213
612,148.772,0.962963,650193
613,148.772,0.962963,651196
614,148.772,0.962963,652200
615,148.772,0.962963,656213
616,148.772,0.962963,655210
617,148.772,0.962963,655210
618,148.772,0.962963,660228
619,148.772,0.962963,664742
620,148.772,0.962963,653582
621,148.772,0.962963,658221
622,147.929,0.959491,654206
623,147.929,0.959491,651695
624,147.929,0.959491,660728
625,147.929,0.959491,654294
626,147.929,0.959491,651219
627,147.446,0.95544,677784
628,145.581,0.959491,653703
629,145.581,0.959491,663238
630,145.581,0.959491,656714
631,145.581,0.959491,655712
632,144.672,0.959491,652725
633,144.672,0.959491,654224
634,144.672,0.959491,653706
635,144.672,0.959491,653226
636,143.826,0.960069,656241
637,143.826,0.960069,653203
638,143.826,0.960069,655212
639,143.225,0.957755,655713
640,143.225,0.957755,650693
641,143.225,0.957755,656717
642,143.225,0.957755,655206
643,143.225,0.957755,655210
644,143.05,0.954282,655711
645,143.05,0.954282,652701
646,143.05,0.954282,650694
647,143.05,0.954282,650192
648,139.449,0.958912,655209
649,139.449,0.958912,651198
650,139.449,0.958912,652235
651,139.449,0.958912,654204
652,139.449,0.958912,655709
653,139.449,0.958912,655211
654,139.449,0.958912,656212
655,139.449,0.958912,651198
656,139.449,0.958912,652201
657,139.449,0.958912,653735
658,139.449,0.958912,653201
659,139.449,0.958912,652201
660,139.244,0.957755,686815
661,139.095,0.958912,650694
662,139.095,0.958912,654206
663,139.095,0.958912,652200
664,139.095,0.958912,650193
665,139.095,0.958912,654232
666,139.095,0.958912,654205
667,137.342,0.960069,654234
668,135.684,0.958333,658722
669,135.684,0.958333,655212
670,135.684,0.958333,655210
671,135.684,0.958333,665744
672,135.684,0.958333,653706
673,135.684,0.958333,656712
674,135.684,0.958333,652200
675,135.684,0.958333,649191
676,135.684,0.958333,649693
677,135.684,0.958333,659785
678,135.684,0.958333,655207
679,134.428,0.965278,648962
680,134.428,0.965278,662232
681,134.428,0.965278,656211
682,134.316,0.962384,655210
683,133.316,0.96412,653202
684,133.316,0.96412,654207
685,131.305,0.963542,651197
686,130.724,0.965856,648685
687,130.347,0.963542,653204
688,129.982,0.964699,653704
689,128.783,0.965278,651696
690,128.783,0.965278,653705
691,128.783,0.965278,655738
692,128.783,0.965278,658222
693,128.783,0.965278,651698
694,128.783,0.965278,654204
695,128.11,0.961227,653203
696,128.11,0.961227,650695
697,126.685,0.963542,658721
698,126.685,0.963542,655714
699,126.685,0.963542,661729
700,126.685,0.963542,650193
701,125.916,0.967014,650693
702,125.916,0.967014,650694
703,122.681,0.969907,655210
704,122.681,0.969907,652772
705,122.681,0.969907,655711
706,122.681,0.969907,653203
707,122.681,0.969907,655713
708,122.681,0.969907,654707
709,122.681,0.969907,654707
710,122.681,0.969907,654245
711,122.681,0.969907,654205
712,120.493,0.96875,654709
713,120.493,0.96875,654206
714,120.493,0.96875,655709
715,120.493,0.96875,657218
716,120.493,0.96875,653704
717,120.493,0.96875,653203
718,120.493,0.96875,658722
719,120.493,0.96875,653226
720,120.331,0.973958,650194
721,119.981,0.96875,659221
722,119.981,0.96875,657716
723,119.981,0.96875,653202
724,119.981,0.96875,650720
725,119.981,0.96875,655713
726,119.981,0.96875,648865
727,119.981,0.96875,654227
728,119.981,0.96875,650259
729,119.981,0.96875,651731
730,119.981,0.96875,649690
731,119.981,0.96875,651727
732,119.981,0.96875,653702
733,119.981,0.96875,674273
734,117.335,0.96875,657216
735,117.335,0.96875,656214
736,117.335,0.96875,649691
737,117.335,0.96875,654055
738,117.335,0.96875,657216
739,117.335,0.96875,656214
740,117.335,0.96875,656211
741,117.335,0.96875,656213
742,117.335,0.96875,649189
743,117.335,0.96875,654207
744,117.335,0.96875,654207
745,112.935,0.97338,660728
746,112.935,0.97338,654204
747,112.935,0.97338,654709
748,112.935,0.97338,652202
749,112.935,0.97338,656714
750,112.935,0.97338,652249
751,112.935,0.97338,657718
752,112.935,0.97338,658722
753,112.935,0.97338,657215
754,111.702,0.973958,656260
755,111.702,0.973958,676781
756,111.702,0.973958,654208
757,111.702,0.973958,653703
758,111.702,0.973958,657213
759,111.702,0.973958,651196
760,111.702,0.973958,651198
761,111.702,0.973958,651537
762,111.702,0.973958,650693
763,111.702,0.973958,651196
764,111.702,0.973958,652201
765,111.702,0.973958,653204
766,111.702,0.973958,653203
767,111.702,0.973958,651699
768,111.702,0.973958,653705
769,111.702,0.973958,650216
770,109.791,0.973958,655209
771,109.791,0.973958,655711
772,109.791,0.973958,652703
773,109.791,0.973958,653706
774,109.791,0.973958,656235
775,109.791,0.973958,677784
776,109.791,0.973958,652199
777,109.791,0.973958,653704
778,107.824,0.974537,652701
779,107.824,0.974537,661733
780,107.775,0.975694,659724
781,107.23,0.976852,654708
782,107.23,0.976852,653204
783,107.23,0.976852,653704
784,107.23,0.976852,649691
785,107.23,0.976852,654206
786,107.077,0.979167,655711
787,107.077,0.979167,654207
788,107.077,0.979167,655210
789,104.295,0.979167,655210
790,104.295,0.979167,656716
791,104.295,0.979167,649712
792,104.295,0.979167,649191
793,104.295,0.979167,650694
794,104.295,0.979167,655207
795,104.295,0.979167,655711
796,104.295,0.979167,651217
797,104.295,0.979167,650694
798,103.746,0.98206,654709
799,103.746,0.98206,651700
800,103.746,0.98206,649689
801,103.746,0.98206,650696
802,103.746,0.98206,654708
803,102.42,0.977431,657743
804,102.42,0.977431,652701
805,102.42,0.977431,653202
806,102.42,0.977431,653733
807,102.42,0.977431,654224
808,102.42,0.977431,656717
809,102.42,0.977431,655712
810,102.42,0.977431,656753
811,102.42,0.977431,655986
812,102.42,0.977431,652703
813,102.199,0.976852,652593
814,102.199,0.976852,651724
815,102.199,0.976852,650192
816,102.199,0.976852,652990
817,100.968,0.977431,649749
818,100.968,0.977431,657216
819,100.968,0.977431,655211
820,100.968,0.977431,657215
821,100.968,0.977431,655711
822,100.968,0.977431,655713
823,100.968,0.977431,655712
824,100.968,0.977431,654205
825,100.968,0.977431,652724
826,100.968,0.977431,652701
827,100.968,0.977431,654709
828,100.968,0.977431,651699
829,100.968,0.977431,654205
830,100.968,0.977431,653205
831,100.968,0.977431,654743
832,100.968,0.977431,654707
833,100.968,0.977431,654207
834,100.968,0.977431,654222
835,100.968,0.977431,649189
836,100.968,0.977431,651219
837,100.968,0.977431,653203
838,100.968,0.977431,654206
839,100.615,0.977431,655212
840,100.615,0.977431,652701
841,100.615,0.977431,662736
842,100.443,0.975116,652198
843,100.443,0.975116,652124
844,100.443,0.975116,654710
845,100.104,0.97338,653203
846,100.104,0.97338,649237
847,100.104,0.97338,655711
848,100.104,0.97338,654218
849,100.104,0.97338,657215
850,100.104,0.97338,654709
851,100.104,0.97338,655211
852,100.104,0.97338,655210
853,100.104,0.97338,657216
854,100.104,0.97338,654793
855,100.104,0.97338,660726
856,100.104,0.97338,654255
857,100.104,0.97338,655209
858,100.104,0.97338,651696
859,99.7824,0.972801,654208
860,99.7824,0.972801,650694
861,99.7824,0.972801,650194
862,98.9075,0.975116,653202
863,98.9075,0.975116,651698
864,98.9075,0.975116,650856
865,98.9075,0.975116,651700
866,98.9075,0.975116,649210
867,98.9075,0.975116,651217
868,98.9075,0.975116,651698
869,98.5391,0.97338,657218
870,98.5391,0.97338,657214
871,97.4633,0.978009,659224
872,96.7512,0.975694,658722
873,96.7512,0.975694,655209
874,96.7512,0.975694,654229
875,96.7512,0.975694,653703
876,96.7512,0.975694,652201
877,96.7512,0.975694,654706
878,96.7512,0.975694,656214
879,95.4239,0.973958,660763
880,95.4239,0.973958,652717
881,95.4239,0.973958,667772
882,95.4239,0.973958,658742
883,94.8369,0.976273,653724
884,94.8369,0.976273,654206
885,94.0866,0.971065,653702
886,94.0866,0.971065,648687
887,94.0866,0.971065,652199
888,93.9718,0.97338,653704
889,93.2097,0.978588,656213
890,93.2097,0.978588,654208
891,93.1549,0.979167,653229
892,92.3785,0.978588,654709
893,92.3785,0.978588,658221
894,92.3785,0.978588,655210
895,92.3785,0.978588,654707
896,92.3785,0.978588,653204
897,92.3785,0.978588,652281
898,92.3785,0.978588,650694
899,92.3785,0.978588,650193
900,92.3785,0.978588,655211
901,92.3785,0.978588,652698
902,92.3785,0.978588,649692
903,92.3785,0.978588,649188
904,92.3785,0.978588,650193
905,92.3785,0.978588,670762
906,92.3785,0.978588,653204
907,91.8962,0.975694,661731
908,91.8962,0.975694,678286
909,91.8962,0.975694,649787
910,91.8962,0.975694,661230
911,91.8962,0.975694,655208
912,91.3862,0.976273,654205
913,91.3862,0.976273,652199
914,91.3862,0.976273,652702
915,91.3862,0.976273,650191
916,91.3862,0.976273,653704
917,91.3862,0.976273,651697
918,91.3862,0.976273,652201
919,91.3862,0.976273,650730
920,89.4055,0.975694,650012
921,89.4055,0.975694,648688
922,89.4055,0.975694,650190
923,89.4055,0.975694,653742
924,89.4055,0.975694,654205
925,89.4055,0.975694,653705
926,89.4055,0.975694,653203
927,89.4055,0.975694,657720
928,88.8558,0.980903,656211
929,86.84,0.979745,657762
930,86.84,0.979745,652700
931,86.84,0.979745,650595
932,86.84,0.979745,652724
933,86.84,0.979745,654206
934,86.84,0.979745,656715
935,86.84,0.979745,653704
936,86.84,0.979745,654206
937,86.84,0.979745,652201
938,86.84,0.979745,650791
939,86.84,0.979745,659223
940,86.84,0.979745,653724
941,86.1277,0.979167,656214
942,86.1277,0.979167,654208
943,86.1277,0.979167,655208
944,85.784,0.980903,656212
945,85.784,0.980903,660226
946,85.784,0.980903,658221
947,85.784,0.980903,656714
948,85.784,0.980903,654530
949,85.784,0.980903,648744
950,85.784,0.980903,650765
951,85.784,0.980903,655712
952,85.784,0.980903,663740
953,85.784,0.980903,657216
954,85.784,0.980903,653706
955,85.784,0.980903,654705
956,84.8262,0.976852,651196
957,84.8262,0.976852,650195
958,84.8262,0.976852,656714
959,84.8262,0.976852,654708
960,84.8262,0.976852,652701
961,84.8262,0.976852,654206
962,84.8262,0.976852,655210
963,84.8262,0.976852,654709
964,84.8262,0.976852,652584
965,84.8262,0.976852,653203
966,84.8262,0.976852,655211
967,84.8262,0.976852,656212
968,84.8262,0.976852,655208
969,84.8262,0.976852,650696
970,84.8262,0.976852,655227
971,84.8262,0.976852,654708
972,84.8262,0.976852,654708
973,83.7626,0.978588,655210
974,83.7626,0.978588,651219
975,83.7626,0.978588,653226
976,83.7626,0.978588,652701
977,83.3982,0.980324,651718
978,83.3982,0.980324,652199
979,83.3982,0.980324,649356
980,83.3982,0.980324,653705
981,83.3982,0.980324,652197
982,83.3982,0.980324,659724
983,83.3982,0.980324,652200
984,83.3982,0.980324,651196
985,83.3982,0.980324,652224
986,83.2285,0.983218,654207
987,83.2285,0.983218,653215
988,83.2285,0.983218,654707
989,81.9033,0.982639,653751
990,81.9033,0.982639,655711
991,81.9033,0.982639,654707
992,81.8549,0.979745,654221
993,81.8549,0.979745,648689
994,81.8549,0.979745,652199
995,81.8549,0.979745,653228
996,81.8549,0.979745,651697
997,81.8549,0.979745,653705
998,81.8549,0.979745,652199
999,81.8549,0.979745,658721
Done! Press enter to close the program.
