Normalizing data...
Randomizing order of the data...
Creating Neural Network (21, 13, 4)
Current weights set to:
0.0772576, 0.0176611, 0.0629994, -0.0696402, 0.00906705, -0.0421918, -0.0247353, -0.0229591, -0.0263894, -0.0148473, 0.0259804, -0.0604419, 0.00343333, -0.0404035, 0.062859, 0.0924253, -0.0780389, -0.0300638, 0.0422956, -0.00183416, 0.0463851, -0.0497543, 0.00508744, -0.0947874, 0.0190039, -0.0891781, 0.00876186, 0.0758599, 0.0483871, -0.060271, -0.0521775, 0.0505112, -0.0584765, 0.0313395, 0.0931333, -0.045439, 0.00823084, 0.0981017, 0.0816767, 0.0541246, 0.0190893, 0.0217078, -0.0120212, 0.0667104, 0.0981628, -0.0999817, 0.00841395, 0.0334086, -0.0683279, -0.0540819, -0.0103854, 0.0585131, -0.0259621, -0.00567339, -0.0676443, -0.0769768, 0.032316, 0.0737541, -0.0980102, 0.0782708, -0.0895016, -0.00150456, 0.0768242, 0.0257424, 0.0947874, 0.0378033, -0.0343913, -0.010361, -0.0388836, 0.0182409, -0.0745293, 0.088171, 0.0862423, -0.0844905, 0.0114231, -0.0900876, -0.0564623, 0.0919919, 0.0887814, -0.098413, -0.0351238, 0.036198, 0.0397504, 0.0733085, 0.049675, -0.0395306, -0.00461745, 0.02772, -0.0974242, -0.0869076, 0.0241737, 0.0192175, 0.0808161, -0.0388226, 0.00852992, 0.0494858, -0.0674062, -0.0996155, -0.059563, -0.0944517, -0.0921934, 0.047972, -0.0325419, -0.0531907, 0.0221839, -0.0247902, 0.0203894, -0.0530381, -0.0437727, -0.0644459, -0.0461837, -0.00259713, -0.0297525, 0.044731, 0.030839, -0.0218604, -0.0834956, -0.030961, 0.0830805, 0.00253609, -0.0699637, -0.0218726, -0.0225074, -0.0578784, 0.079107, -0.0815546, -0.0790765, 0.0377972, -0.0432356, -0.0363323, 0.0338786, -0.0964721, 0.0946532, 0.0982849, -0.075341, -0.0710746, -0.019718, -0.00929899, 0.0951903, -0.0131199, -0.0408734, 0.0120151, -0.0903745, 0.0525498, 0.0027253, 0.0567186, -0.0427473, 0.0398724, 0.0240028, -0.0783563, -0.059386, 0.06198, -0.0788202, 0.0993652, -0.0795892, 0.0216346, 0.0313944, -0.0577685, 0.0482406, -0.0619984, -0.0246559, 0.0534776, 0.0184301, -0.0839656, -0.0257729, 0.0614063, -0.0296243, -0.0353618, 0.0201575, 0.0331217, 0.0723991, -0.0300394, -0.0186193, 0.0839167, -0.0814386, 0.0299539, 0.023484, 0.0386151, -0.0303629, 0.0565844, 0.0278665, -0.0988464, -0.0306009, 0.0518113, -0.01124, -0.0114353, -0.0323771, -0.0363384, 0.0699637, 0.0857051, 0.0809503, -0.0713431, -0.0973632, 0.0768914, 0.0228675, 0.00679037, 0.00537431, 0.0108249, -0.0658559, 0.0153356, -0.0923215, 0.0548631, -0.0551561, -0.0322733, 0.0583972, 0.095056, -0.000772118, -0.0761834, 0.0999634, 0.0381329, -0.0251198, -0.0423688, -0.00993377, -0.0283242, 0.0271035, 0.0490219, -0.0482406, 0.0387616, -0.00992767, 0.0053621, -0.0666738, -0.0167211, -0.0342204, 0.0195837, -0.0407819, 0.0222449, -0.0678091, -0.0292276, 0.0531785, 0.00128483, -0.098236, 0.073632, -0.0850276, 0.0895749, 0.0615955, -0.0170324, 0.0318155, -0.0295145, 0.0264809, -0.0404279, 0.00583819, -0.0157811, 0.0361064, 0.00360424, -0.0211829, -0.0214331, 0.0276467, -0.0381329, -0.064568, -0.0757988, 0.0149571, -0.0848506, -0.033726, 0.0506394, -0.0942869, 0.0518418, 0.0718741, -0.0408856, -0.0123325, -0.065801, -0.0110202, 0.0687674, 0.0152684, -0.0365947, 0.0204016, 0.0521409, -0.0720267, -0.0502853, -0.0504563, 0.0165075, -0.0685904, -0.00609455, 0.0210425, 0.0870846, -0.0272927, -0.0136509, 0.0685781, -0.0515549, -0.0588183, -0.0701468, -0.0287332, 0.000430311, 0.0257241, -0.00732139, -0.0801752, 0.0847102, -0.0400189, 0.0977477, 0.0736747, 0.0383404, -0.0131993, -0.0454634, 0.0903745, 0.0305033, 0.0729545, -0.06021, -0.0914182, -0.0612964, 0.00555132, -0.066747, 0.0657338, -0.0793329, -0.0986206, -0.0852351, -0.0682485, 0.0381817, -0.0396893, 0.028959, -0.0599475, 0.089172, -0.0058565, -0.0762688, -0.00298776, -0.0958129, -0.0379315, 0.0688589, -0.0487472, 0.0636586, 0.0440657, 0.060857, -0.0960875, 0.0919919, 0.0833613, 0.0205115, 0.0411847, 0.084991, -0.0706534, 0.0891659, -0.0296121, 0.0266701, -0.0878475, -0.0698904, 0.0407819, -0.0482406, -0.0200049, 0.0413373, 0.0304117, 0.0102145, -0.0691885, -0.0142125, 0.080224, -0.0101535, 0.0691885, -0.0544969, 0.0566637, -0.0464888, -0.0800592, -0.0941588, 0.0240883, -0.0530931, -0.0703238, 0.0760002, 0.0081576, 0.0333964, -0.0126621, 0.052092, -0.0684927, 0.0119541, 0.0952635, -0.0708609, -0.0970641, 0.0746696, 0.0218543,


Starting training using GA on Car Evaluation Set
Press enter to start the training.

0,1591.03,0.700231,656762
1,1447.42,0.700231,660976
2,1431.21,0.700231,661768
3,1292.64,0.700231,662020
4,1292.64,0.700231,667050
5,1156.17,0.700231,683346
6,1134.75,0.700231,700864
7,1081.52,0.700231,656214
8,1046.24,0.700231,656022
9,1040.75,0.700231,698043
10,968.107,0.700231,671292
11,906.151,0.700231,663768
12,906.151,0.700231,658299
13,875.528,0.700231,712458
14,829.189,0.700231,671513
15,829.189,0.700231,654291
16,817.216,0.700231,656407
17,815.511,0.700231,656751
18,811.459,0.700231,657241
19,803.212,0.700231,653731
20,797.544,0.700231,665806
21,785.89,0.700231,656797
22,785.89,0.700231,669324
23,785.89,0.700231,660962
24,784.392,0.700231,660277
25,778.878,0.700231,656258
26,767.61,0.700231,660776
27,767.61,0.700231,662738
28,767.61,0.700231,656320
29,767.61,0.700231,655644
30,757.13,0.700231,655712
31,757.13,0.700231,653369
32,757.13,0.700231,657301
33,751.441,0.700231,651747
34,751.441,0.700231,668547
35,748.969,0.700231,652318
36,748.969,0.700231,663238
37,733.112,0.700231,655750
38,733.112,0.700231,653987
39,730.942,0.700231,655755
40,730.942,0.700231,651338
41,723.395,0.700231,656714
42,723.395,0.700231,664024
43,723.395,0.700231,653746
44,714.733,0.700231,657339
45,713.054,0.700231,653798
46,703.596,0.700231,652251
47,703.252,0.700231,655753
48,696.895,0.700231,655373
49,690.913,0.700231,659221
50,690.913,0.700231,652225
51,690.913,0.700231,660002
52,684.702,0.700231,655988
53,684.702,0.700231,659725
54,682.481,0.700231,653706
55,679.289,0.700231,654758
56,677.885,0.700231,664374
57,677.885,0.700231,658219
58,669.861,0.700231,654329
59,662.763,0.700231,654776
60,662.763,0.700231,651787
61,661.226,0.700231,654206
62,653.053,0.700231,653232
63,647.656,0.711806,651479
64,632.274,0.721644,652222
65,632.274,0.721644,652769
66,632.274,0.721644,664656
67,627.036,0.70081,653461
68,626.921,0.706019,653327
69,611.666,0.704282,652777
70,611.666,0.704282,651336
71,606.328,0.715856,653831
72,606.328,0.715856,651803
73,599.193,0.718171,655455
74,599.193,0.718171,658206
75,593.922,0.707176,654293
76,573.642,0.787616,656781
77,573.642,0.787616,653802
78,573.642,0.787616,658290
79,565.667,0.749421,664929
80,565.667,0.749421,659746
81,555.317,0.766782,649864
82,555.317,0.766782,653808
83,555.317,0.766782,653904
84,555.317,0.766782,653476
85,548.903,0.79456,664453
86,537.161,0.773148,656390
87,537.161,0.773148,653788
88,528.073,0.765625,653706
89,525.558,0.769676,650741
90,513.471,0.786458,650888
91,513.471,0.786458,664780
92,507.774,0.781829,653821
93,507.774,0.781829,654375
94,502.563,0.774306,667778
95,502.563,0.774306,652298
96,502.563,0.774306,655286
97,498.079,0.803241,655432
98,498.079,0.803241,661769
99,495.346,0.813079,660366
100,493.264,0.809606,657441
101,488.743,0.785301,651864
102,485.998,0.821759,658809
103,480.186,0.806713,652202
104,480.186,0.806713,653237
105,480.186,0.806713,662234
106,477.153,0.815394,654230
107,466.909,0.820602,656735
108,466.909,0.820602,654326
109,466.909,0.820602,667903
110,466.909,0.820602,666972
111,464.722,0.811921,652382
112,458.417,0.831019,655985
113,453.637,0.822338,676913
114,428.88,0.842593,674544
115,428.88,0.842593,672265
116,428.88,0.842593,665271
117,428.88,0.842593,654224
118,427.413,0.84838,655712
119,425.113,0.846065,653752
120,425.113,0.846065,660887
121,422.785,0.840278,656213
122,417.356,0.829861,654709
123,416.501,0.867477,655210
124,413.818,0.84838,652276
125,412.333,0.84375,656360
126,412.333,0.84375,669259
127,407.202,0.844329,655830
128,406.35,0.847801,662844
129,404.936,0.84375,653707
130,402.738,0.84375,659004
131,402.738,0.84375,658724
132,401.295,0.859954,658220
133,391.626,0.849537,652078
134,391.626,0.849537,653281
135,391.626,0.849537,658721
136,391.002,0.84838,661732
137,391.002,0.84838,658459
138,391.002,0.84838,673383
139,390.651,0.858218,746075
140,389.066,0.849537,671116
141,388.17,0.851852,656716
142,388.17,0.851852,667135
143,386.475,0.863426,670761
144,386.475,0.863426,657299
145,385.911,0.859954,655078
146,384.519,0.849537,683985
147,381.983,0.869792,662735
148,380.213,0.865162,656905
149,379.883,0.860532,659750
150,379.883,0.860532,663486
151,379.883,0.860532,676806
152,379.883,0.860532,655792
153,379.53,0.857639,660246
154,379.53,0.857639,673397
155,379.53,0.857639,655238
156,377.898,0.858218,678811
157,376.437,0.869792,676515
158,375.629,0.876736,674367
159,370.975,0.865162,665332
160,370.975,0.865162,678287
161,370.975,0.865162,672316
162,370.648,0.862269,661297
163,368.435,0.866898,679814
164,368.435,0.866898,689828
165,366.926,0.865162,654253
166,365.58,0.881944,653759
167,365.059,0.869792,655923
168,362.314,0.864583,653296
169,362.314,0.864583,655913
170,362.314,0.864583,654709
171,361.919,0.869213,660375
172,361.919,0.869213,654206
173,361.919,0.869213,653201
174,361.49,0.868056,667317
175,361.49,0.868056,653708
176,361.49,0.868056,654247
177,361.49,0.868056,666273
178,359.78,0.868634,660749
179,356.875,0.865741,656215
180,356.875,0.865741,652227
181,356.875,0.865741,652370
182,356.875,0.865741,650869
183,356.137,0.868056,655777
184,353.086,0.877894,656211
185,353.086,0.877894,656204
186,353.086,0.877894,651699
187,353.086,0.877894,653707
188,353.086,0.877894,653229
189,353.086,0.877894,655210
190,350.15,0.874421,657274
191,350.15,0.874421,653279
192,350.15,0.874421,656734
193,350.15,0.874421,655780
194,350.15,0.874421,653259
195,350.15,0.874421,655710
196,350.15,0.874421,651196
197,350.15,0.874421,656716
198,347.618,0.876736,652701
199,347.618,0.876736,654733
200,347.618,0.876736,653799
201,347.618,0.876736,656254
202,347.618,0.876736,655737
203,347.618,0.876736,667753
204,347.618,0.876736,649938
205,347.618,0.876736,664240
206,346.242,0.874421,658219
207,345.257,0.876736,652769
208,345.257,0.876736,652753
209,345.257,0.876736,660174
210,345.257,0.876736,654406
211,345.257,0.876736,654736
212,345.257,0.876736,653797
213,345.257,0.876736,652406
214,343.694,0.881944,652284
215,343.694,0.881944,656667
216,343.694,0.881944,673295
217,343.694,0.881944,672354
218,343.694,0.881944,655942
219,343.694,0.881944,655049
220,343.694,0.881944,657595
221,343.694,0.881944,655577
222,343.694,0.881944,661757
223,343.694,0.881944,653724
224,343.262,0.873264,658244
225,343.262,0.873264,661354
226,343.262,0.873264,652835
227,343.262,0.873264,656715
228,343.262,0.873264,662318
229,341.504,0.877894,658405
230,341.504,0.877894,654128
231,341.504,0.877894,657285
232,341.378,0.885417,667753
233,341.378,0.885417,658477
234,341.378,0.885417,667387
235,341.378,0.885417,657218
236,341.378,0.885417,656944
237,341.378,0.885417,656423
238,341.378,0.885417,659053
239,341.378,0.885417,657794
240,341.378,0.885417,669311
241,338.188,0.876736,656313
242,338.188,0.876736,653791
243,338.188,0.876736,655350
244,334.914,0.882523,653730
245,334.914,0.882523,663668
246,334.914,0.882523,655503
247,334.914,0.882523,657933
248,334.914,0.882523,655779
249,334.914,0.882523,672870
250,334.914,0.882523,660251
251,332.55,0.883102,660374
252,332.55,0.883102,657278
253,332.55,0.883102,675829
254,332.55,0.883102,659786
255,332.231,0.876736,661763
256,332.231,0.876736,669792
257,332.231,0.876736,667811
258,332.231,0.876736,660380
259,332.231,0.876736,655233
260,332.231,0.876736,657872
261,331.203,0.883102,652720
262,331.203,0.883102,655229
263,331.203,0.883102,652704
264,330.753,0.882523,657242
265,330.753,0.882523,656207
266,330.753,0.882523,651696
267,330.223,0.879051,668805
268,330.223,0.879051,682803
269,327.699,0.878472,654730
270,327.699,0.878472,656275
271,326.359,0.874421,667861
272,326.359,0.874421,662783
273,326.359,0.874421,667298
274,326.359,0.874421,653801
275,326.359,0.874421,653871
276,324.598,0.877894,658720
277,324.598,0.877894,661232
278,324.598,0.877894,659747
279,324.449,0.876157,652994
280,324.449,0.876157,653203
281,324.065,0.877894,657719
282,324.065,0.877894,662756
283,323.368,0.876736,659248
284,323.368,0.876736,654288
285,323.368,0.876736,652303
286,323.368,0.876736,659805
287,323.368,0.876736,656266
288,319.527,0.875,656597
289,319.527,0.875,652396
290,319.527,0.875,655267
291,319.527,0.875,663247
292,318.913,0.876157,653205
293,318.913,0.876157,662477
294,316.908,0.884259,663237
295,316.908,0.884259,666814
296,316.908,0.884259,657738
297,316.404,0.891204,656214
298,314.41,0.881944,665291
299,314.41,0.881944,665291
300,314.41,0.881944,661830
301,314.41,0.881944,655304
302,310.767,0.891204,652244
303,310.767,0.891204,654314
304,310.767,0.891204,655710
305,310.767,0.891204,654816
306,310.767,0.891204,652284
307,310.767,0.891204,660455
308,310.767,0.891204,659780
309,310.767,0.891204,664314
310,310.767,0.891204,664239
311,310.767,0.891204,660346
312,310.767,0.891204,657838
313,310.767,0.891204,654209
314,310.767,0.891204,660008
315,310.767,0.891204,658786
316,310.767,0.891204,656715
317,310.767,0.891204,654710
318,310.628,0.883681,652592
319,310.628,0.883681,657740
320,310.628,0.883681,696875
321,310.628,0.883681,700360
322,310.029,0.894676,672287
323,309.173,0.884838,717699
324,308.372,0.884259,666025
325,308.372,0.884259,651780
326,307.109,0.881944,665270
327,306.865,0.885417,655388
328,306.865,0.885417,651757
329,305.521,0.885995,675303
330,305.521,0.885995,671791
331,305.521,0.885995,668979
332,305.521,0.885995,671264
333,305.521,0.885995,660279
334,305.521,0.885995,657813
335,302.145,0.895833,655749
336,301.841,0.896991,661734
337,300.864,0.890046,651724
338,300.864,0.890046,659761
339,300.864,0.890046,651194
340,298.32,0.897569,659225
341,298.32,0.897569,656303
342,298.32,0.897569,653795
343,298.044,0.90162,655753
344,298.044,0.90162,652795
345,298.044,0.90162,656715
346,298.044,0.90162,651636
347,298.044,0.90162,650667
348,298.044,0.90162,655777
349,298.044,0.90162,667753
350,297.476,0.899306,654248
351,294.287,0.898727,653374
352,294.287,0.898727,653806
353,293.754,0.901042,655736
354,293.151,0.901042,658286
355,291.996,0.90162,660277
356,291.996,0.90162,659724
357,291.996,0.90162,655731
358,291.475,0.908565,651300
359,291.475,0.908565,652579
360,291.475,0.908565,651444
361,291.475,0.908565,654792
362,290.805,0.899884,656237
363,290.805,0.899884,657718
364,290.805,0.899884,656845
365,289.672,0.901042,655714
366,286.828,0.905671,655211
367,286.767,0.905093,664357
368,286.043,0.899306,658248
369,286.043,0.899306,651939
370,286.043,0.899306,654400
371,285.022,0.898727,656795
372,285.022,0.898727,653242
373,285.022,0.898727,661668
374,285.022,0.898727,652778
375,285.022,0.898727,652728
376,285.022,0.898727,652780
377,285.022,0.898727,662285
378,285.022,0.898727,652219
379,285.022,0.898727,654733
380,285.022,0.898727,656842
381,281.758,0.903356,654748
382,281.758,0.903356,664325
383,281.758,0.903356,655279
384,281.758,0.903356,652239
385,280.34,0.896412,658720
386,280.34,0.896412,652228
387,280.34,0.896412,656297
388,280.34,0.896412,655264
389,280.34,0.896412,653805
390,279.095,0.894676,653202
391,278.387,0.90162,658724
392,278.387,0.90162,655734
393,278.387,0.90162,662735
394,275.602,0.909144,655886
395,275.602,0.909144,652218
396,275.602,0.909144,653723
397,275.602,0.909144,667152
398,275.602,0.909144,655783
399,275.602,0.909144,660727
400,275.602,0.909144,663224
401,275.602,0.909144,659098
402,270.308,0.907407,666322
403,270.308,0.907407,667333
404,270.308,0.907407,654779
405,270.308,0.907407,654737
406,270.308,0.907407,662235
407,268.727,0.903935,655778
408,268.727,0.903935,664745
409,268.727,0.903935,672314
410,268.727,0.903935,674824
411,268.727,0.903935,662763
412,268.364,0.903356,661308
413,267.098,0.905671,662873
414,267.098,0.905671,678288
415,265.401,0.906829,675325
416,265.361,0.909144,672795
417,265.361,0.909144,702895
418,265.361,0.909144,662315
419,264.688,0.91088,681169
420,264.688,0.91088,673771
421,264.688,0.91088,661761
422,264.688,0.91088,689850
423,264.688,0.91088,680681
424,264.688,0.91088,685813
425,264.688,0.91088,668251
426,264.688,0.91088,660028
427,264.688,0.91088,674321
428,259.49,0.909722,653706
429,259.49,0.909722,657316
430,259.49,0.909722,658766
431,259.49,0.909722,666333
432,258.956,0.907986,655713
433,258.956,0.907986,652284
434,258.956,0.907986,655743
435,258.956,0.907986,653728
436,258.956,0.907986,652024
437,258.956,0.907986,654311
438,258.956,0.907986,651271
439,258.956,0.907986,650265
440,256.199,0.903935,654209
441,256.199,0.903935,655879
442,256.199,0.903935,650773
443,256.199,0.903935,653732
444,256.199,0.903935,656064
445,256.199,0.903935,650217
446,256.199,0.903935,650291
447,255.108,0.911458,655368
448,253.663,0.912616,654709
449,253.663,0.912616,664240
450,253.663,0.912616,654207
451,252.226,0.903356,651698
452,252.226,0.903356,658247
453,252.226,0.903356,655751
454,250.66,0.909722,650233
455,250.66,0.909722,653204
456,250.66,0.909722,651732
457,250.66,0.909722,651785
458,250.66,0.909722,652024
459,250.66,0.909722,651723
460,250.66,0.909722,660914
461,249.106,0.902778,651730
462,249.106,0.902778,652254
463,249.106,0.902778,654226
464,249.106,0.902778,657719
465,249.106,0.902778,652826
466,249.106,0.902778,671854
467,249.106,0.902778,662307
468,249.007,0.903935,653837
469,247.715,0.905671,655255
470,247.715,0.905671,662286
471,244.506,0.909722,656715
472,244.506,0.909722,653731
473,244.506,0.909722,650195
474,243.978,0.912037,653705
475,243.978,0.912037,661732
476,242.656,0.907407,652435
477,242.656,0.907407,654727
478,242.536,0.909144,670286
479,240.799,0.91088,652943
480,237.327,0.912616,657763
481,237.327,0.912616,656238
482,237.327,0.912616,652201
483,237.327,0.912616,654285
484,237.327,0.912616,650696
485,237.327,0.912616,651199
486,235.535,0.913194,666772
487,235.535,0.913194,652750
488,235.535,0.913194,650209
489,235.535,0.913194,655713
490,235.535,0.913194,651197
491,232.753,0.912616,655760
492,232.753,0.912616,652336
493,232.753,0.912616,652211
494,232.753,0.912616,650781
495,232.753,0.912616,659242
496,232.461,0.912616,652701
497,232.461,0.912616,656215
498,232.134,0.914931,654724
499,231.86,0.912037,675825
500,231.86,0.912037,651784
501,231.86,0.912037,651796
502,230.174,0.916088,656717
503,230.174,0.916088,661253
504,230.174,0.916088,651738
505,230.174,0.916088,651700
506,230.174,0.916088,655333
507,230.174,0.916088,652727
508,230.174,0.916088,652223
509,229.382,0.91088,658720
510,229.382,0.91088,658766
511,229.382,0.91088,655713
512,227.68,0.923611,654756
513,227.68,0.923611,670285
514,226.802,0.914352,662737
515,226.802,0.914352,651745
516,226.802,0.914352,654231
517,226.802,0.914352,659726
518,226.802,0.914352,651745
519,226.802,0.914352,652736
520,226.802,0.914352,652701
521,226.802,0.914352,654709
522,226.802,0.914352,652280
523,225.72,0.926505,653571
524,225.284,0.913773,653237
525,225.284,0.913773,652848
526,225.284,0.913773,651849
527,225.284,0.913773,651267
528,225.284,0.913773,652337
529,225.284,0.913773,653845
530,225.284,0.913773,650719
531,225.284,0.913773,653723
532,223.608,0.91956,652751
533,223.261,0.923611,655714
534,223.261,0.923611,667252
535,219.371,0.927662,664173
536,219.371,0.927662,657760
537,219.371,0.927662,657719
538,218.142,0.921296,652225
539,218.142,0.921296,650194
540,218.142,0.921296,652236
541,218.142,0.921296,660790
542,218.142,0.921296,656216
543,218.142,0.921296,651913
544,218.142,0.921296,655308
545,214.732,0.923032,653904
546,214.732,0.923032,655297
547,214.732,0.923032,663277
548,214.677,0.925926,660041
549,214.677,0.925926,651697
550,214.677,0.925926,657217
551,214.677,0.925926,654767
552,213.724,0.935185,650542
553,213.724,0.935185,652538
554,213.724,0.935185,651229
555,211.371,0.931134,654252
556,211.371,0.931134,651521
557,210.717,0.93287,658220
558,210.717,0.93287,653775
559,210.717,0.93287,651241
560,209.368,0.920139,660338
561,209.368,0.920139,651241
562,209.043,0.938079,655853
563,209.043,0.938079,651838
564,209.043,0.938079,649717
565,208.081,0.923611,652722
566,207.181,0.933449,659224
567,207.181,0.933449,651699
568,203.717,0.934028,654225
569,203.717,0.934028,650741
570,203.202,0.928819,656713
571,203.202,0.928819,652203
572,203.202,0.928819,661274
573,200.92,0.932292,669550
574,200.563,0.924769,652958
575,200.563,0.924769,655735
576,200.407,0.920718,653100
577,200.407,0.920718,652289
578,200.407,0.920718,650759
579,200.407,0.920718,652737
580,199.735,0.930556,656753
581,197.988,0.927662,658219
582,197.905,0.925347,660903
583,197.42,0.929977,652703
584,197.42,0.929977,652198
585,197.42,0.929977,654209
586,196.332,0.928819,658807
587,196.332,0.928819,656797
588,192.894,0.940394,658720
589,192.894,0.940394,650214
590,192.894,0.940394,658256
591,192.894,0.940394,655208
592,192.894,0.940394,664743
593,192.894,0.940394,662735
594,191.16,0.936921,657754
595,191.16,0.936921,654770
596,191.16,0.936921,651770
597,191.16,0.936921,654709
598,190.801,0.940394,657304
599,190.801,0.940394,656851
600,190.801,0.940394,651718
601,188.723,0.938657,650910
602,188.723,0.938657,651272
603,188.723,0.938657,650694
604,188.723,0.938657,651721
605,188.723,0.938657,653929
606,188.06,0.936921,651743
607,188.06,0.936921,654372
608,185.207,0.93287,659725
609,185.207,0.93287,651309
610,181.934,0.939815,652702
611,181.934,0.939815,653703
612,181.934,0.939815,652229
613,181.934,0.939815,655210
614,181.934,0.939815,652329
615,181.934,0.939815,653911
616,181.934,0.939815,678355
617,181.934,0.939815,698380
618,181.934,0.939815,681367
619,181.439,0.939815,656931
620,176.858,0.946181,656735
621,176.858,0.946181,656321
622,175.064,0.935764,658216
623,175.064,0.935764,653317
624,173.522,0.948495,656766
625,173.522,0.948495,658845
626,173.522,0.948495,664765
627,173.522,0.948495,656739
628,173.373,0.945602,656786
629,173.373,0.945602,652763
630,173.277,0.941551,658762
631,173.277,0.941551,652890
632,171.534,0.956019,657719
633,171.534,0.956019,654222
634,171.534,0.956019,659222
635,171.534,0.956019,663769
636,171.534,0.956019,652768
637,171.534,0.956019,718451
638,171.534,0.956019,666869
639,171.534,0.956019,667355
640,171.534,0.956019,655888
641,171.534,0.956019,658222
642,171.534,0.956019,652041
643,171.534,0.956019,655306
644,171.534,0.956019,655736
645,171.534,0.956019,653611
646,171.057,0.954861,654708
647,170.985,0.950231,656102
648,170.956,0.959491,651748
649,169.656,0.948495,669759
650,169.656,0.948495,653354
651,169.656,0.948495,652327
652,169.656,0.948495,652743
653,169.374,0.949653,655232
654,168.148,0.954282,652724
655,168.148,0.954282,653781
656,166.363,0.954282,652761
657,166.363,0.954282,654740
658,166.363,0.954282,670281
659,166.363,0.954282,655810
660,166.363,0.954282,656362
661,166.363,0.954282,652800
662,166.363,0.954282,656237
663,166.363,0.954282,653729
664,165.113,0.949653,651700
665,163.73,0.951968,663235
666,163.73,0.951968,664744
667,163.73,0.951968,660747
668,163.73,0.951968,654735
669,163.73,0.951968,657217
670,162.847,0.953704,656715
671,162.847,0.953704,658222
672,162.847,0.953704,655815
673,162.261,0.953125,651698
674,162.261,0.953125,655210
675,162.261,0.953125,650879
676,161.61,0.95544,659400
677,161.61,0.95544,652262
678,159.358,0.956597,664290
679,159.358,0.956597,654708
680,159.358,0.956597,660725
681,159.358,0.956597,657218
682,159.358,0.956597,658220
683,159.358,0.956597,654711
684,159.358,0.956597,661231
685,159.358,0.956597,656313
686,159.358,0.956597,652248
687,159.358,0.956597,658313
688,159.358,0.956597,655210
689,159.358,0.956597,652728
690,159.358,0.956597,649739
691,159.358,0.956597,655209
692,158.713,0.961227,655188
693,156.385,0.95544,650221
694,156.385,0.95544,653747
695,156.385,0.95544,650695
696,156.385,0.95544,651784
697,156.385,0.95544,655791
698,156.385,0.95544,651737
699,156.385,0.95544,651218
700,156.385,0.95544,652202
701,156.385,0.95544,650809
702,156.12,0.957755,652753
703,156.12,0.957755,659269
704,156.12,0.957755,649719
705,156.12,0.957755,650764
706,155.586,0.965856,657529
707,155.586,0.965856,651721
708,155.586,0.965856,652704
709,155.586,0.965856,668781
710,155.586,0.965856,654738
711,152.385,0.962384,654726
712,152.385,0.962384,673213
713,152.385,0.962384,659222
714,152.385,0.962384,653227
715,152.385,0.962384,671264
716,151.681,0.956597,662765
717,151.681,0.956597,661361
718,151.681,0.956597,654232
719,151.681,0.956597,655351
720,151.63,0.961227,650264
721,150.595,0.960069,652201
722,150.595,0.960069,660261
723,150.595,0.960069,659724
724,150.595,0.960069,658460
725,146.831,0.960069,653205
726,146.831,0.960069,656358
727,146.831,0.960069,654397
728,146.831,0.960069,651339
729,146.831,0.960069,653738
730,146.831,0.960069,661032
731,146.831,0.960069,654771
732,146.831,0.960069,655712
733,146.831,0.960069,655714
734,146.831,0.960069,652267
735,146.831,0.960069,655278
736,146.831,0.960069,658722
737,145.486,0.961227,672269
738,145.486,0.961227,665049
739,145.486,0.961227,668324
740,145.486,0.961227,661818
741,145.486,0.961227,654256
742,145.486,0.961227,653776
743,145.486,0.961227,655713
744,145.486,0.961227,661271
745,145.486,0.961227,652785
746,145.486,0.961227,659727
747,145.486,0.961227,656866
748,145.255,0.969329,653218
749,145.255,0.969329,660229
750,145.255,0.969329,651015
751,145.255,0.969329,655912
752,145.255,0.969329,651197
753,145.255,0.969329,654239
754,142.439,0.963542,661229
755,142.439,0.963542,652248
756,142.439,0.963542,653479
757,142.439,0.963542,652771
758,142.439,0.963542,653232
759,142.439,0.963542,656213
760,142.439,0.963542,655273
761,142.439,0.963542,653752
762,142.439,0.963542,653252
763,142.439,0.963542,652822
764,140.393,0.969329,656608
765,140.393,0.969329,654708
766,140.393,0.969329,654277
767,139.675,0.959491,654408
768,139.675,0.959491,659223
769,139.675,0.959491,657277
770,139.675,0.959491,659351
771,139.675,0.959491,654208
772,139.675,0.959491,660377
773,139.675,0.959491,661733
774,139.675,0.959491,688850
775,138.595,0.953704,663259
776,138.595,0.953704,653932
777,138.595,0.953704,670761
778,138.595,0.953704,651835
779,138.595,0.953704,663736
780,138.595,0.953704,659099
781,138.595,0.953704,667273
782,138.595,0.953704,669111
783,138.595,0.953704,652719
784,138.595,0.953704,658722
785,138.595,0.953704,656832
786,138.595,0.953704,655343
787,138.595,0.953704,651374
788,138.595,0.953704,656311
789,137.766,0.962963,657743
790,137.766,0.962963,651241
791,137.766,0.962963,658254
792,137.48,0.961806,656212
793,137.48,0.961806,649944
794,135.705,0.966435,664263
795,135.705,0.966435,658721
796,135.705,0.966435,654750
797,135.705,0.966435,651197
798,135.705,0.966435,656240
799,135.705,0.966435,679856
800,135.705,0.966435,659853
801,135.705,0.966435,655278
802,135.705,0.966435,650240
803,135.705,0.966435,681763
804,135.705,0.966435,667028
805,135.705,0.966435,660271
806,135.705,0.966435,652831
807,135.705,0.966435,659769
808,135.705,0.966435,653748
809,135.705,0.966435,660730
810,135.705,0.966435,659724
811,135.705,0.966435,674055
812,135.705,0.966435,659725
813,135.705,0.966435,664259
814,135.705,0.966435,662653
815,135.705,0.966435,666689
816,135.705,0.966435,653335
817,135.705,0.966435,657308
818,135.705,0.966435,666692
819,135.705,0.966435,659744
820,135.705,0.966435,675303
821,135.455,0.960648,660727
822,135.455,0.960648,673332
823,134.29,0.968171,681322
824,134.29,0.968171,668820
825,134.29,0.968171,659798
826,134.29,0.968171,660503
827,134.29,0.968171,653775
828,134.29,0.968171,654225
829,134.29,0.968171,652769
830,134.29,0.968171,652554
831,134.29,0.968171,651759
832,134.29,0.968171,650193
833,134.29,0.968171,652200
834,134.29,0.968171,662735
835,134.29,0.968171,659645
836,134.29,0.968171,651305
837,134.29,0.968171,652401
838,134.29,0.968171,652704
839,134.29,0.968171,661230
840,134.29,0.968171,651238
841,134.29,0.968171,653206
842,134.29,0.968171,658250
843,134.29,0.968171,657745
844,134.29,0.968171,658220
845,134.29,0.968171,656800
846,132.924,0.969329,654079
847,132.924,0.969329,654327
848,129.313,0.969907,660379
849,129.313,0.969907,651395
850,129.313,0.969907,660704
851,129.313,0.969907,656214
852,129.313,0.969907,657776
853,129.313,0.969907,652238
854,129.313,0.969907,654763
855,129.313,0.969907,653280
856,129.313,0.969907,671264
857,129.313,0.969907,660383
858,129.313,0.969907,651845
859,129.313,0.969907,660228
860,129.313,0.969907,653732
861,129.313,0.969907,653230
862,125.564,0.972222,671265
863,125.564,0.972222,671453
864,125.564,0.972222,657393
865,125.564,0.972222,655230
866,125.564,0.972222,653335
867,125.564,0.972222,653749
868,125.564,0.972222,664271
869,125.564,0.972222,653758
870,125.564,0.972222,660274
871,125.564,0.972222,653227
872,125.564,0.972222,659254
873,125.564,0.972222,652200
874,125.564,0.972222,652199
875,124.544,0.971644,655393
876,124.544,0.971644,657293
877,122.932,0.973958,653728
878,122.932,0.973958,655265
879,122.932,0.973958,655500
880,122.932,0.973958,659748
881,122.932,0.973958,658222
882,122.932,0.973958,653830
883,122.932,0.973958,654541
884,122.932,0.973958,656845
885,122.932,0.973958,654206
886,122.932,0.973958,666782
887,122.932,0.973958,653530
888,121.135,0.972222,652244
889,121.135,0.972222,653732
890,121.135,0.972222,661277
891,121.135,0.972222,659142
892,121.135,0.972222,657770
893,121.135,0.972222,670307
894,121.135,0.972222,658273
895,121.135,0.972222,655714
896,121.135,0.972222,656713
897,121.135,0.972222,655211
898,121.135,0.972222,653705
899,121.135,0.972222,653743
900,121.135,0.972222,652724
901,121.135,0.972222,654234
902,121.135,0.972222,660227
903,121.135,0.972222,656760
904,121.135,0.972222,655259
905,121.135,0.972222,652810
906,120.941,0.975116,654280
907,120.941,0.975116,659245
908,120.941,0.975116,660729
909,120.941,0.975116,654207
910,120.941,0.975116,654711
911,120.941,0.975116,667790
912,120.941,0.975116,652200
913,120.941,0.975116,658674
914,120.442,0.972801,651749
915,120.442,0.972801,655294
916,120.442,0.972801,651748
917,120.442,0.972801,656415
918,120.442,0.972801,651724
919,120.283,0.96875,652200
920,119.494,0.971644,654485
921,119.494,0.971644,653731
922,119.494,0.971644,658723
923,119.494,0.971644,654651
924,119.494,0.971644,653228
925,119.494,0.971644,661731
926,119.494,0.971644,653228
927,119.266,0.972801,664707
928,119.266,0.972801,655239
929,118.912,0.977431,669759
930,118.912,0.977431,654753
931,118.912,0.977431,660892
932,118.229,0.971644,676829
933,118.229,0.971644,653249
934,118.229,0.971644,660795
935,118.229,0.971644,655737
936,118.229,0.971644,655370
937,118.229,0.971644,657217
938,118.229,0.971644,654709
939,118.229,0.971644,652769
940,118.229,0.971644,661229
941,118.229,0.971644,652701
942,118.229,0.971644,656214
943,118.229,0.971644,653204
944,118.001,0.975694,665770
945,117.748,0.975116,669779
946,117.748,0.975116,654737
947,117.748,0.975116,651744
948,117.748,0.975116,655337
949,117.748,0.975116,659975
950,117.748,0.975116,653854
951,117.748,0.975116,650931
952,117.748,0.975116,650213
953,117.748,0.975116,653440
954,117.748,0.975116,651267
955,117.748,0.975116,650697
956,117.748,0.975116,655211
957,117.748,0.975116,654745
958,117.748,0.975116,650334
959,117.748,0.975116,653707
960,117.748,0.975116,652253
961,117.748,0.975116,649424
962,117.748,0.975116,650795
963,117.524,0.974537,652971
964,117.524,0.974537,654320
965,117.524,0.974537,654363
966,117.524,0.974537,652702
967,117.524,0.974537,658264
968,117.524,0.974537,663056
969,117.066,0.968171,655807
970,117.066,0.968171,654208
971,116.862,0.975694,652702
972,116.862,0.975694,656741
973,116.862,0.975694,653890
974,116.862,0.975694,657255
975,116.862,0.975694,651615
976,116.862,0.975694,651216
977,115.326,0.970486,653072
978,115.326,0.970486,651804
979,113.682,0.972801,654730
980,113.682,0.972801,659977
981,113.682,0.972801,650790
982,113.682,0.972801,659724
983,113.682,0.972801,653202
984,113.682,0.972801,652226
985,113.682,0.972801,655797
986,113.682,0.972801,655263
987,113.682,0.972801,654918
988,113.372,0.969907,656323
989,112.725,0.96875,664786
990,112.141,0.97338,656309
991,112.141,0.97338,653204
992,112.141,0.97338,654223
993,112.141,0.97338,659726
994,112.053,0.975116,656232
995,112.053,0.975116,656026
996,112.053,0.975116,662735
997,112.053,0.975116,652802
998,112.053,0.975116,657466
999,112.053,0.975116,651197
Done! Press enter to close the program.
