Normalizing data...
Randomizing order of the data...
Creating Neural Network (21, 13, 4)
Current weights set to:
0.0150243, 0.0169469, 0.0497116, 0.0493759, 0.0158116, -0.0575793, 0.0183142, -0.0770623, 0.0136387, 0.0234291, -0.0384014, -0.0950987, -0.0798334, 0.0828974, 0.0370342, -0.0559252, -0.0746147, -0.0584155, -0.0898618, -0.0396466, 0.0200964, 0.0756523, -0.0930845, 0.0126194, 0.0172216, -0.0223548, 0.0555956, -0.00174871, -0.0218055, -0.097589, -0.025779, 0.0155858, 0.0507187, -0.0211341, 0.060094, 0.0204627, 0.0239906, -0.0308573, -0.0625355, -0.0918149, 0.00790735, 0.0561998, 0.0196753, 0.0521409, -0.0577929, -0.0588, -0.0580187, 0.0302347, -0.0579699, 0.0319437, -0.0786615, -0.0294107, -0.0139561, 0.00350047, -0.0005768, 0.0475265, -0.0466659, -0.087579, 0.0250465, -0.0407819, -0.0845332, -0.054326, -0.067687, -0.0817255, 0.0898312, -0.0143895, -0.0292459, -0.013596, -0.0395001, 0.0722159, 0.0435774, 0.0845149, -0.0269143, -0.0561876, 0.0104709, -0.090582, -0.0905271, -0.0623585, -0.0889523, 0.0884884, -0.050969, 0.031315, -0.0347331, 0.00334178, -0.0776727, -0.093347, -0.0929624, 0.0140599, -0.0362957, 0.0170141, -0.0926939, -0.0850703, 0.0689016, -0.0607044, 0.0428388, -0.0468551, -0.03596, -0.00788293, -0.0330973, 0.0415937, -0.00781579, 0.00110172, -0.0617481, 0.0970885, 0.0236793, -0.00721763, 0.0645009, -0.0647938, 0.0966369, 0.0982421, -0.0838435, 0.0530625, -0.00630207, 0.0477523, -0.0322489, -0.0688833, 0.0614307, -0.0622974, 0.0220008, -0.0144871, 0.0784539, 0.0510361, 0.0735466, 0.00196844, 0.0787652, 0.0124363, -0.0316691, -0.0174535, -0.0636952, 0.059563, -0.0850093, 0.0366497, 0.01713, -0.0884884, 0.0043672, 0.0473128, -0.0945738, 0.01583, -0.00647298, -0.0558092, -0.0904111, 0.0552721, -0.0895138, -0.0855647, -0.0453963, 0.0955626, -0.0641224, -0.0173193, -0.0329386, 0.0554796, -0.0822138, 0.0914365, -0.0410382, 0.0803644, -0.0238746, -0.0868648, -0.0833979, -0.0995117, -0.0473983, -0.0749199, -0.0992004, -0.0446211, -0.0372662, -0.0215369, 0.0646962, -0.0345805, 0.0060213, 0.0928648, -0.00464797, -0.0680349, 0.090582, -0.0926817, 0.0855037, 0.0472579, 0.0284585, -0.0806574, -0.058446, 0.0953124, -0.042027, -0.0569689, -0.0658071, 0.0250649, -0.050853, -0.082403, 0.0978576, 0.0771172, -0.0512925, 0.097528, 0.0851985, -0.0548936, 0.0206885, -0.0443953, -0.0170263, -0.0467452, -0.0609241, 0.0301798, 0.0954649, -0.0689749, 0.0885861, 0.0476608, -0.0983154, -0.0335734, -0.0700858, -0.0482101, 0.0927854, -0.0810236, -0.0142552, -0.0292398, 0.0956236, 0.0737907, 0.00361644, -0.0465499, -0.0109409, 0.0178076, 0.0520615, -0.093939, 0.01901, -0.0803461, 0.00618, -0.0395611, 0.0185766, 0.0941954, -0.0211035, -0.0947813, -0.0604907, 0.0331156, -0.0457747, -0.0888363, 0.00127873, -0.0171972, -0.0213477, -0.0181433, 0.0639454, 0.0507065, -0.0329447, -0.0389508, -0.0689199, -0.0785394, 0.0792657, 0.0279214, -0.0108921, -0.0359294, -0.0763665, -0.0885739, 0.0891171, 0.0112949, -0.0562426, -0.0448958, 0.0775567, -0.00738853, 0.0446821, 0.0634693, 0.0820246, -0.098114, 0.0147801, 0.0612903, -0.0416547, 0.0811457, -0.000357067, 0.0970763, 0.00525224, -0.0985412, -0.0158971, 0.0218848, -0.0471297, 0.0225501, -0.0612354, -0.0252052, -0.068688, -0.0880245, -0.0127964, -0.0937132, 0.0255959, 0.00545366, 0.0501205, 0.0707327, -0.0769158, -0.0106418, -0.0772637, 0.0192785, 0.0598682, -0.0131565, 0.0416059, -0.0755852, -0.0279214, -0.0713981, 0.0971313, -0.0326029, 0.058684, 0.0897702, -0.0519761, 0.019779, 0.0617237, 0.0739616, -0.00595416, -0.0496078, 0.0704703, 0.025956, 0.0630726, -0.0110263, -0.0443648, -0.0459456, -0.0310282, 0.0776055, 0.0398846, -0.0565111, -0.00361034, 0.0413678, -0.0890561, -0.0579089, 0.0687307, -0.090643, -0.0164342, 0.0994812, 0.0556017, 0.0173742, -0.0834834, -0.0590136, -0.0240089, 0.0234107, 0.0909482, -0.0423261, -0.046672, 0.0674123, 0.0562792, 0.0935118, 0.0788324, 0.00631428, -0.0500046, -0.0888424, 0.0392315, -0.0442122, -0.00254219, -0.0825373, 0.0652577, 0.0698477, 0.0980468, 0.0299966, 0.0570299, -0.0104038, 0.00391552, 0.0658376, 0.0427168, 0.092407, 0.0975463, 0.0338786, 0.0265603, -0.0273476, 0.0743828, -0.0880673, -0.0173315, 0.0854366, -0.0631703, 0.0897946, 0.0507675, -0.0156346, 0.00577105, -0.0404218, 0.0900815, 0.0848079, -0.0440535, 0.0346599, 0.0477645,


Starting training using GA on Car Evaluation Set
Press enter to start the training.

0,1486.82,0.700231,649213
1,1425.92,0.700231,651199
2,1377.5,0.700231,654865
3,1314.11,0.700231,650951
4,1198.43,0.700231,652200
5,1118.66,0.700231,651198
6,1045.3,0.700231,654245
7,1020.73,0.700231,651699
8,987.359,0.700231,653206
9,911.919,0.700231,650695
10,911.919,0.700231,652201
11,895.063,0.700231,654218
12,861.971,0.700231,651222
13,840.396,0.700231,656715
14,827.178,0.700231,656716
15,806.007,0.700231,655751
16,782.099,0.700231,650194
17,782.099,0.700231,651698
18,782.099,0.700231,651198
19,777.767,0.700231,650696
20,757.596,0.700231,658221
21,757.596,0.700231,650693
22,757.596,0.700231,652201
23,756.172,0.700231,652201
24,748.35,0.700231,651197
25,738.873,0.700231,657717
26,738.435,0.700231,656718
27,736.765,0.700231,651220
28,736.765,0.700231,651697
29,733.688,0.700231,651196
30,725.971,0.700231,660229
31,721.36,0.700231,650718
32,721.36,0.700231,659226
33,707.708,0.700231,651197
34,707.708,0.700231,658222
35,707.708,0.700231,675276
36,707.708,0.700231,651198
37,701.571,0.700231,650195
38,700.202,0.700231,649691
39,681.292,0.700231,652198
40,672.177,0.700231,650695
41,661.519,0.700231,649692
42,649.135,0.700231,652700
43,644.419,0.700231,650696
44,644.419,0.700231,650720
45,642.159,0.700231,651198
46,636.803,0.700231,660728
47,634.864,0.700231,650194
48,634.864,0.700231,650695
49,631.006,0.700231,651112
50,631.006,0.700231,678786
51,628.174,0.700231,652703
52,624.279,0.700231,651695
53,620.157,0.700231,652704
54,613.288,0.706597,652200
55,613.288,0.706597,656214
56,613.288,0.706597,660729
57,605.609,0.701968,652202
58,595.197,0.718171,651696
59,585.033,0.708333,654710
60,585.033,0.708333,655710
61,576.852,0.700231,651700
62,573.889,0.724537,657216
63,566.556,0.704861,652198
64,559.682,0.718171,654710
65,553.35,0.71412,652724
66,553.35,0.71412,651697
67,549.239,0.717593,651699
68,536.558,0.763889,651699
69,536.558,0.763889,653226
70,525.35,0.784722,650814
71,523.89,0.715856,669759
72,520.609,0.771412,651194
73,516.536,0.782986,650193
74,516.536,0.782986,657797
75,512.314,0.788194,652202
76,508.735,0.740741,651698
77,477.893,0.811343,653703
78,477.893,0.811343,653205
79,477.893,0.811343,650356
80,477.893,0.811343,651719
81,477.893,0.811343,650738
82,475.995,0.792824,656253
83,475.995,0.792824,649524
84,475.995,0.792824,651696
85,470.248,0.801505,652200
86,469.266,0.842593,651195
87,469.266,0.842593,650696
88,469.266,0.842593,652703
89,456.37,0.81713,651196
90,456.37,0.81713,651698
91,450.719,0.835069,650076
92,449.764,0.838542,655233
93,449.764,0.838542,652702
94,449.764,0.838542,650195
95,448.647,0.83044,651219
96,447.08,0.813657,649693
97,440.448,0.852431,652219
98,440.448,0.852431,657720
99,439.994,0.843171,651238
100,436.809,0.851273,657718
101,431.236,0.844907,660227
102,431.236,0.844907,654204
103,431.236,0.844907,661527
104,430.256,0.854167,657716
105,423.814,0.855903,651198
106,423.814,0.855903,664240
107,417.54,0.851852,652700
108,417.54,0.851852,654707
109,417.54,0.851852,657218
110,417.54,0.851852,656712
111,416.024,0.829282,653706
112,410.588,0.879051,651194
113,408.004,0.866319,658220
114,408.004,0.866319,655212
115,403.826,0.873264,650192
116,403.826,0.873264,650696
117,402.798,0.869213,652199
118,401.377,0.871528,656714
119,399.559,0.868634,650083
120,399.559,0.868634,649709
121,399.559,0.868634,649598
122,395.019,0.863426,649690
123,395.019,0.863426,650213
124,395.019,0.863426,653707
125,392.305,0.864005,649690
126,391.119,0.871528,654208
127,389.366,0.866319,653203
128,389.366,0.866319,651199
129,385.93,0.878472,652702
130,385.93,0.878472,649693
131,385.93,0.878472,652699
132,385.93,0.878472,655210
133,385.581,0.865741,650193
134,385.581,0.865741,651698
135,383.259,0.876736,651198
136,382.413,0.871528,654205
137,376.291,0.871528,650193
138,374.795,0.864005,650694
139,374.795,0.864005,652200
140,374.795,0.864005,652199
141,374.795,0.864005,650695
142,371.139,0.869213,649706
143,371.139,0.869213,649716
144,371.139,0.869213,674776
145,367.657,0.868634,650219
146,367.657,0.868634,652199
147,367.657,0.868634,651245
148,366.647,0.862847,650827
149,366.647,0.862847,660227
150,366.647,0.862847,652725
151,366.602,0.86169,656213
152,363.927,0.868634,660730
153,362.67,0.880208,667273
154,361.286,0.862847,652701
155,361.286,0.862847,649689
156,358.013,0.873264,654206
157,358.013,0.873264,650696
158,356.285,0.873264,656715
159,355.471,0.869792,650194
160,355.471,0.869792,650695
161,355.471,0.869792,656213
162,353.775,0.880787,649737
163,353.775,0.880787,651698
164,353.775,0.880787,651196
165,353.775,0.880787,650695
166,353.775,0.880787,651197
167,353.757,0.871528,658218
168,350.736,0.877315,651198
169,350.736,0.877315,651699
170,350.736,0.877315,653203
171,350.736,0.877315,650694
172,350.736,0.877315,653201
173,350.736,0.877315,650694
174,349.556,0.873264,651699
175,349.556,0.873264,687818
176,349.018,0.873264,651699
177,348.916,0.867477,654204
178,346.919,0.870949,653727
179,346.919,0.870949,660766
180,343.801,0.866319,663261
181,343.801,0.866319,651194
182,343.801,0.866319,655713
183,340.017,0.879051,652699
184,334.793,0.87963,651697
185,334.793,0.87963,650721
186,334.727,0.879051,649755
187,333.736,0.884838,652248
188,333.736,0.884838,660226
189,333.736,0.884838,663235
190,333.736,0.884838,652202
191,332.635,0.882523,654207
192,332.635,0.882523,652195
193,332.635,0.882523,650193
194,332.287,0.877894,657219
195,332.287,0.877894,652201
196,330.267,0.884838,654206
197,330.267,0.884838,653736
198,329.024,0.877315,651197
199,329.024,0.877315,662733
200,328.334,0.879051,661231
201,328.334,0.879051,652728
202,327.767,0.875579,652289
203,327.767,0.875579,652703
204,327.346,0.884838,679290
205,326.298,0.884259,653706
206,325.888,0.879051,651197
207,325.69,0.884838,657720
208,324.339,0.872106,649691
209,324.339,0.872106,649691
210,324.339,0.872106,665244
211,324.339,0.872106,651696
212,322.863,0.887153,653206
213,322.352,0.884259,653726
214,321.43,0.885417,654207
215,321.313,0.894097,680292
216,320.961,0.881944,653259
217,319.058,0.883102,652721
218,316.844,0.887731,650191
219,316.792,0.892361,671263
220,316.792,0.892361,656715
221,313.177,0.880208,659723
222,313.177,0.880208,650694
223,313.177,0.880208,649693
224,311.984,0.887731,654707
225,311.753,0.892361,653201
226,311.753,0.892361,653205
227,307.276,0.887731,648688
228,307.265,0.886574,654206
229,305.815,0.895255,653704
230,305.815,0.895255,653703
231,305.815,0.895255,651196
232,304.952,0.891204,651698
233,304.952,0.891204,654208
234,301.989,0.894676,654206
235,301.666,0.891204,653704
236,300.731,0.88831,665745
237,300.731,0.88831,657719
238,300.154,0.888889,651699
239,298.934,0.896412,650190
240,297.162,0.891204,652263
241,297.162,0.891204,651697
242,297.162,0.891204,653203
243,294.719,0.896991,653705
244,294.193,0.892361,654707
245,293.945,0.896991,653227
246,293.945,0.896991,679290
247,293.254,0.893519,649692
248,289.477,0.899306,650252
249,289.477,0.899306,655207
250,289.477,0.899306,650239
251,289.477,0.899306,652703
252,289.477,0.899306,659223
253,288.062,0.896412,650693
254,288.062,0.896412,653750
255,288.062,0.896412,652221
256,288.062,0.896412,658721
257,285.747,0.910301,650216
258,285.581,0.904514,655210
259,285.581,0.904514,661279
260,283.036,0.902778,650721
261,281.373,0.904514,655208
262,281.373,0.904514,653707
263,281.373,0.904514,650715
264,280.549,0.90162,650444
265,277.971,0.905671,670262
266,277.971,0.905671,652703
267,277.62,0.896991,653704
268,277.62,0.896991,667249
269,276.906,0.891204,650696
270,276.906,0.891204,653202
271,276.906,0.891204,662783
272,276.906,0.891204,650318
273,276.906,0.891204,650193
274,274.165,0.898148,650243
275,274.165,0.898148,654203
276,274.165,0.898148,654207
277,273.889,0.902778,653201
278,273.889,0.902778,664265
279,273.889,0.902778,654707
280,270.438,0.898148,652215
281,270.438,0.898148,649188
282,270.438,0.898148,652202
283,270.438,0.898148,651697
284,270.438,0.898148,655712
285,269.979,0.905671,677783
286,266.546,0.907986,654710
287,266.546,0.907986,653704
288,266.546,0.907986,648800
289,266.546,0.907986,652197
290,266.546,0.907986,652701
291,263.8,0.912616,652243
292,263.8,0.912616,654708
293,263.8,0.912616,674274
294,261.547,0.907986,656715
295,261.547,0.907986,648278
296,261.547,0.907986,650192
297,261.547,0.907986,683305
298,261.547,0.907986,650192
299,260.75,0.912037,651197
300,257.396,0.914352,650693
301,256.332,0.906829,652703
302,253.886,0.921296,650194
303,253.886,0.921296,649713
304,253.886,0.921296,670278
305,252.231,0.921296,664741
306,252.231,0.921296,650507
307,252.231,0.921296,652200
308,250.216,0.915509,656212
309,248.405,0.927083,650695
310,248.405,0.927083,660728
311,248.405,0.927083,651196
312,248.405,0.927083,655210
313,247.554,0.918981,650693
314,246.377,0.913194,651696
315,246.377,0.913194,651198
316,246.377,0.913194,650694
317,246.377,0.913194,651194
318,241.609,0.916088,655711
319,241.609,0.916088,650695
320,241.609,0.916088,652197
321,240.388,0.910301,656715
322,240.388,0.910301,654708
323,240.388,0.910301,658258
324,239.981,0.923611,650696
325,239.981,0.923611,648687
326,239.981,0.923611,650694
327,239.034,0.922454,651196
328,239.034,0.922454,652201
329,239.034,0.922454,654708
330,235.079,0.921875,650694
331,233.771,0.929977,666750
332,233.771,0.929977,651698
333,233.771,0.929977,681798
334,233.771,0.929977,670762
335,233.771,0.929977,650194
336,232.464,0.922454,659222
337,228.498,0.916667,653203
338,228.498,0.916667,654709
339,228.498,0.916667,650194
340,227.319,0.917245,649690
341,227.319,0.917245,654204
342,227.319,0.917245,649689
343,227.319,0.917245,657216
344,227.319,0.917245,652701
345,227.319,0.917245,650194
346,226.965,0.925347,650715
347,226.965,0.925347,651697
348,226.965,0.925347,651197
349,226.965,0.925347,650194
350,226.965,0.925347,651697
351,226.965,0.925347,649190
352,224.825,0.923032,649691
353,224.825,0.923032,651197
354,224.825,0.923032,650192
355,224.825,0.923032,653227
356,223.824,0.923032,652245
357,223.824,0.923032,648731
358,223.824,0.923032,655712
359,223.729,0.918403,649691
360,223.415,0.925347,650695
361,218.231,0.92419,649691
362,218.231,0.92419,658723
363,217.42,0.924769,671766
364,216.456,0.931134,650304
365,213.791,0.940394,650694
366,213.791,0.940394,651699
367,213.192,0.93287,675778
368,208.546,0.933449,652228
369,207.632,0.941551,660225
370,207.632,0.941551,656239
371,207.632,0.941551,651699
372,207.355,0.936343,657714
373,207.355,0.936343,652701
374,207.355,0.936343,649709
375,205.563,0.935185,649689
376,205.028,0.943866,649689
377,205.028,0.943866,648687
378,204.323,0.935185,654709
379,203.925,0.944444,650695
380,203.925,0.944444,649728
381,203.925,0.944444,652199
382,203.925,0.944444,651218
383,203.304,0.942708,657216
384,201.007,0.945023,666748
385,201.007,0.945023,665243
386,201.007,0.945023,652199
387,201.007,0.945023,654730
388,201.007,0.945023,652703
389,200.238,0.94213,654708
390,200.238,0.94213,649691
391,198.461,0.947917,662735
392,198.461,0.947917,655712
393,198.461,0.947917,658220
394,198.461,0.947917,651757
395,198.461,0.947917,649189
396,197.227,0.949653,654708
397,197.227,0.949653,651196
398,197.227,0.949653,651196
399,197.219,0.946759,649709
400,196.139,0.941551,654758
401,196.139,0.941551,652201
402,196.139,0.941551,648260
403,195.518,0.949074,649230
404,195.518,0.949074,654208
405,195.518,0.949074,650695
406,195.518,0.949074,649771
407,195.518,0.949074,650693
408,195.518,0.949074,650695
409,195.518,0.949074,653726
410,195.518,0.949074,654707
411,194.358,0.945023,654709
412,194.358,0.945023,650193
413,192.551,0.947338,650192
414,192.551,0.947338,654208
415,192.551,0.947338,649689
416,189.124,0.945023,650195
417,189.124,0.945023,649690
418,189.124,0.945023,652701
419,189.124,0.945023,653703
420,189.124,0.945023,652199
421,189.124,0.945023,651197
422,186.57,0.945602,651695
423,185.761,0.947917,655209
424,185.761,0.947917,651698
425,185.046,0.945023,655210
426,185.046,0.945023,648709
427,182.371,0.944444,651196
428,182.371,0.944444,654708
429,182.371,0.944444,657717
430,182.371,0.944444,653200
431,182.371,0.944444,650193
432,180.953,0.943866,657718
433,180.953,0.943866,663739
434,180.953,0.943866,654708
435,180.217,0.940972,655713
436,180.217,0.940972,656213
437,180.217,0.940972,654706
438,180.217,0.940972,653729
439,180.217,0.940972,654204
440,180.217,0.940972,657280
441,179.281,0.944444,653202
442,178.57,0.948495,654725
443,178.57,0.948495,650192
444,178.57,0.948495,653705
445,178.57,0.948495,653203
446,178.57,0.948495,652702
447,178.57,0.948495,650692
448,178.57,0.948495,655210
449,178.57,0.948495,666248
450,176.889,0.948495,651194
451,176.889,0.948495,654708
452,176.889,0.948495,653703
453,175.375,0.947917,650695
454,175.375,0.947917,658722
455,175.375,0.947917,649757
456,175.375,0.947917,650195
457,175.375,0.947917,649691
458,174.955,0.944444,650191
459,174.955,0.944444,650696
460,174.445,0.950231,653203
461,174.445,0.950231,652700
462,174.445,0.950231,651697
463,174.445,0.950231,652701
464,172.087,0.946759,653204
465,172.087,0.946759,651696
466,172.087,0.946759,655712
467,172.087,0.946759,656267
468,170.507,0.950231,650694
469,168.846,0.945602,650693
470,168.846,0.945602,654708
471,168.846,0.945602,652703
472,168.846,0.945602,650192
473,167.257,0.947338,649715
474,167.257,0.947338,679291
475,167.257,0.947338,652080
476,167.257,0.947338,654206
477,165.024,0.951389,652719
478,165.024,0.951389,666747
479,165.024,0.951389,650193
480,165.024,0.951389,676780
481,165.024,0.951389,653704
482,165.024,0.951389,651699
483,165.024,0.951389,650064
484,165.024,0.951389,650191
485,165.024,0.951389,654206
486,165.024,0.951389,654710
487,165.024,0.951389,650191
488,165.024,0.951389,652199
489,165.024,0.951389,648186
490,165.024,0.951389,650694
491,165.024,0.951389,652702
492,165.024,0.951389,651196
493,163.644,0.95081,650694
494,163.644,0.95081,649691
495,163.644,0.95081,650694
496,163.312,0.954282,651198
497,162.575,0.951389,653201
498,162.575,0.951389,657719
499,160.61,0.953704,651698
500,160.61,0.953704,651698
501,158.275,0.95544,649189
502,158.275,0.95544,650694
503,158.275,0.95544,649191
504,158.275,0.95544,648688
505,158.275,0.95544,655209
506,158.275,0.95544,652199
507,158.275,0.95544,649692
508,158.275,0.95544,650693
509,158.275,0.95544,649269
510,158.275,0.95544,654203
511,158.275,0.95544,651197
512,158.275,0.95544,654706
513,158.275,0.95544,650696
514,157.208,0.951968,649720
515,157.208,0.951968,653727
516,155.855,0.957755,653706
517,155.855,0.957755,654283
518,155.855,0.957755,654706
519,155.855,0.957755,650694
520,155.855,0.957755,655209
521,155.855,0.957755,654709
522,155.855,0.957755,649691
523,155.855,0.957755,652200
524,155.855,0.957755,650694
525,155.855,0.957755,649188
526,155.59,0.957176,651194
527,155.59,0.957176,650694
528,155.59,0.957176,651697
529,155.55,0.951968,656715
530,155.275,0.95544,654205
531,154.994,0.956597,650243
532,154.994,0.956597,659749
533,154.927,0.957755,651196
534,153.994,0.958912,651699
535,153.994,0.958912,651195
536,153.994,0.958912,652199
537,153.994,0.958912,656714
538,153.994,0.958912,655211
539,152.863,0.95544,654205
540,152.863,0.95544,651697
541,152.863,0.95544,654708
542,152.863,0.95544,650695
543,152.193,0.954861,650737
544,152.193,0.954861,650737
545,150.318,0.960648,651698
546,150.318,0.960648,650193
547,148.923,0.959491,650193
548,148.923,0.959491,652729
549,148.716,0.963542,650693
550,148.716,0.963542,655713
551,148.586,0.958912,650717
552,148.586,0.958912,655212
553,147.188,0.958333,649400
554,147.188,0.958333,650694
555,146.018,0.953125,653217
556,146.018,0.953125,650194
557,146.018,0.953125,651921
558,146.018,0.953125,654815
559,145.001,0.954861,649706
560,145.001,0.954861,653204
561,143.756,0.956597,651196
562,143.756,0.956597,656213
563,141.8,0.959491,650195
564,141.8,0.959491,651193
565,141.8,0.959491,662234
566,141.253,0.960069,659223
567,141.253,0.960069,650253
568,141.103,0.959491,656213
569,141.103,0.959491,650696
570,141.08,0.956019,652219
571,141.08,0.956019,650192
572,141.08,0.956019,652701
573,140.979,0.960069,650193
574,140.979,0.960069,649691
575,140.979,0.960069,651195
576,140.979,0.960069,651698
577,140.979,0.960069,651698
578,139.922,0.962963,650693
579,139.922,0.962963,652700
580,139.922,0.962963,650722
581,139.922,0.962963,650696
582,139.922,0.962963,649690
583,139.397,0.953125,652703
584,139.397,0.953125,656213
585,139.397,0.953125,650691
586,139.397,0.953125,657217
587,138.635,0.959491,657719
588,138.635,0.959491,653704
589,138.635,0.959491,650696
590,138.635,0.959491,650693
591,138.635,0.959491,650694
592,138.635,0.959491,652213
593,138.635,0.959491,649250
594,138.635,0.959491,655210
595,138.635,0.959491,652200
596,138.635,0.959491,653203
597,136.566,0.961806,650695
598,136.566,0.961806,653701
599,136.566,0.961806,654208
600,136.402,0.964699,653701
601,136.402,0.964699,650192
602,136.402,0.964699,657720
603,135.747,0.958912,663737
604,135.747,0.958912,657715
605,135.747,0.958912,650695
606,134.354,0.964699,655711
607,133.322,0.957176,656213
608,133.322,0.957176,654709
609,131.28,0.966435,670260
610,131.28,0.966435,652701
611,131.28,0.966435,653703
612,131.28,0.966435,651697
613,131.28,0.966435,649691
614,131.28,0.966435,650696
615,131.28,0.966435,671764
616,131.28,0.966435,651698
617,131.28,0.966435,652701
618,131.28,0.966435,649691
619,131.28,0.966435,653203
620,131.28,0.966435,649693
621,131.28,0.966435,651195
622,131.28,0.966435,654206
623,131.28,0.966435,651697
624,131.28,0.966435,668757
625,131.28,0.966435,662735
626,131.28,0.966435,654083
627,131.28,0.966435,649189
628,131.28,0.966435,652199
629,131.28,0.966435,651699
630,131.28,0.966435,651196
631,131.28,0.966435,666810
632,131.28,0.966435,655733
633,131.28,0.966435,656211
634,131.28,0.966435,650695
635,131.28,0.966435,651700
636,131.28,0.966435,654710
637,131.28,0.966435,650192
638,131.28,0.966435,649712
639,130.862,0.959491,650694
640,130.862,0.959491,649708
641,130.862,0.959491,650216
642,130.862,0.959491,649720
643,130.862,0.959491,650696
644,130.862,0.959491,664237
645,130.862,0.959491,657218
646,130.862,0.959491,651700
647,130.075,0.961806,654708
648,130.075,0.961806,651193
649,130.075,0.961806,654206
650,130.075,0.961806,652701
651,130.075,0.961806,649691
652,130.075,0.961806,655209
653,130.075,0.961806,651698
654,130.075,0.961806,651700
655,130.075,0.961806,650694
656,130.075,0.961806,648721
657,130.075,0.961806,650694
658,130.075,0.961806,651194
659,130.075,0.961806,649693
660,130.075,0.961806,649190
661,130.075,0.961806,650193
662,130.075,0.961806,653201
663,127.655,0.961806,650694
664,127.655,0.961806,650189
665,127.655,0.961806,655210
666,127.655,0.961806,650190
667,127.655,0.961806,653203
668,127.655,0.961806,657217
669,127.655,0.961806,650194
670,127.655,0.961806,650193
671,126.865,0.96412,650195
672,125.656,0.961227,709920
673,125.656,0.961227,650222
674,125.656,0.961227,650697
675,125.656,0.961227,654208
676,125.656,0.961227,650693
677,125.656,0.961227,653202
678,125.656,0.961227,649189
679,125.656,0.961227,649692
680,125.656,0.961227,655209
681,125.656,0.961227,651696
682,125.623,0.961806,654709
683,124.328,0.960069,650250
684,124.328,0.960069,649689
685,124.328,0.960069,652470
686,124.328,0.960069,650192
687,124.328,0.960069,650191
688,124.328,0.960069,661230
689,124.328,0.960069,649191
690,124.026,0.967593,654203
691,124.021,0.965278,649693
692,124.021,0.965278,654706
693,123.202,0.960648,686814
694,123.202,0.960648,651698
695,121.032,0.969329,652700
696,121.032,0.969329,648690
697,121.032,0.969329,655209
698,121.032,0.969329,649715
699,121.032,0.969329,649690
700,121.032,0.969329,655712
701,121.021,0.964699,651698
702,118.25,0.969907,652703
703,118.25,0.969907,654709
704,118.25,0.969907,652703
705,118.25,0.969907,654705
706,118.25,0.969907,653706
707,118.25,0.969907,674775
708,118.25,0.969907,651695
709,118.25,0.969907,649691
710,118.25,0.969907,652248
711,117.343,0.964699,657239
712,117.343,0.964699,653203
713,117.343,0.964699,654208
714,116.926,0.972801,653204
715,116.926,0.972801,653201
716,114.536,0.969329,655211
717,114.536,0.969329,653723
718,114.536,0.969329,651198
719,114.536,0.969329,652199
720,114.536,0.969329,651194
721,110.265,0.969329,655713
722,110.265,0.969329,654706
723,110.265,0.969329,649190
724,110.265,0.969329,650194
725,110.265,0.969329,648710
726,110.265,0.969329,651194
727,110.265,0.969329,650191
728,109.556,0.971065,653701
729,109.556,0.971065,650696
730,109.556,0.971065,654205
731,109.556,0.971065,650216
732,109.556,0.971065,650698
733,109.556,0.971065,651892
734,109.556,0.971065,652263
735,109.556,0.971065,652236
736,108.163,0.975116,650194
737,108.163,0.975116,649219
738,108.163,0.975116,650694
739,108.163,0.975116,649690
740,108.163,0.975116,657720
741,108.098,0.974537,654206
742,107.073,0.97338,653203
743,107.073,0.97338,656063
744,107.073,0.97338,654205
745,107.073,0.97338,651197
746,107.073,0.97338,650194
747,107.073,0.97338,651196
748,107.073,0.97338,649689
749,107.073,0.97338,654208
750,107.073,0.97338,675780
751,107.073,0.97338,651196
752,105.248,0.972801,652197
753,105.248,0.972801,651197
754,105.248,0.972801,650692
755,105.03,0.974537,653204
756,104.534,0.976852,651219
757,104.534,0.976852,652700
758,104.534,0.976852,653704
759,104.534,0.976852,650695
760,104.534,0.976852,656213
761,104.534,0.976852,650737
762,104.534,0.976852,651197
763,104.534,0.976852,651697
764,104.534,0.976852,650190
765,104.534,0.976852,649693
766,104.534,0.976852,657216
767,104.534,0.976852,653516
768,104.534,0.976852,657746
769,104.534,0.976852,649189
770,104.534,0.976852,653706
771,104.534,0.976852,652703
772,104.534,0.976852,654709
773,104.534,0.976852,648689
774,104.044,0.974537,651196
775,104.044,0.974537,669759
776,104.044,0.974537,649731
777,104.044,0.974537,651698
778,104.044,0.974537,650192
779,104.044,0.974537,651699
780,104.044,0.974537,651218
781,104.044,0.974537,652701
782,104.044,0.974537,684306
783,104.044,0.974537,649190
784,104.044,0.974537,651196
785,104.044,0.974537,660730
786,104.044,0.974537,655208
787,104.044,0.974537,658218
788,104.044,0.974537,658220
789,104.044,0.974537,651196
790,104.044,0.974537,651197
791,104.044,0.974537,650693
792,104.044,0.974537,654707
793,104.044,0.974537,651697
794,104.044,0.974537,653705
795,104.044,0.974537,655211
796,104.044,0.974537,650694
797,104.044,0.974537,654227
798,104.044,0.974537,652201
799,104.044,0.974537,649693
800,104.044,0.974537,651696
801,104.044,0.974537,654707
802,104.044,0.974537,650194
803,104.044,0.974537,673791
804,104.044,0.974537,661228
805,104.044,0.974537,656717
806,104.044,0.974537,651194
807,104.044,0.974537,650194
808,104.044,0.974537,650191
809,104.044,0.974537,650694
810,104.044,0.974537,650718
811,104.044,0.974537,653201
812,104.044,0.974537,651195
813,103.575,0.97338,649186
814,103.575,0.97338,650711
815,103.575,0.97338,652703
816,103.575,0.97338,651737
817,103.575,0.97338,650452
818,103.575,0.97338,651713
819,103.575,0.97338,661734
820,103.575,0.97338,665635
821,103.575,0.97338,651721
822,103.575,0.97338,650192
823,103.575,0.97338,650517
824,103.575,0.97338,654204
825,103.575,0.97338,656212
826,103.575,0.97338,658721
827,103.575,0.97338,654204
828,103.575,0.97338,650695
829,103.575,0.97338,648689
830,103.575,0.97338,652701
831,103.575,0.97338,677282
832,103.575,0.97338,650214
833,103.575,0.97338,650193
834,103.575,0.97338,652702
835,103.575,0.97338,655209
836,103.575,0.97338,652703
837,102.963,0.974537,650232
838,102.963,0.974537,652698
839,102.963,0.974537,652200
840,102.963,0.974537,653222
841,102.963,0.974537,653703
842,102.963,0.974537,657239
843,102.963,0.974537,651197
844,102.963,0.974537,654203
845,102.963,0.974537,652703
846,102.963,0.974537,648689
847,102.963,0.974537,658218
848,102.963,0.974537,660729
849,102.963,0.974537,649614
850,102.543,0.977431,651197
851,102.543,0.977431,653703
852,102.543,0.977431,652247
853,102.543,0.977431,649714
854,102.543,0.977431,649202
855,102.543,0.977431,651197
856,102.543,0.977431,651695
857,102.543,0.977431,654709
858,102.543,0.977431,653702
859,102.543,0.977431,653704
860,102.543,0.977431,650228
861,102.543,0.977431,650743
862,102.543,0.977431,651198
863,102.543,0.977431,650240
864,102.368,0.977431,650191
865,102.368,0.977431,651196
866,102.368,0.977431,652699
867,102.368,0.977431,651196
868,102.368,0.977431,653706
869,102.368,0.977431,669253
870,100.529,0.978009,650355
871,100.529,0.978009,654207
872,100.529,0.978009,655210
873,100.529,0.978009,650257
874,100.529,0.978009,651698
875,100.321,0.978009,651699
876,100.321,0.978009,650692
877,100.321,0.978009,650195
878,100.321,0.978009,651696
879,100.321,0.978009,650693
880,100.321,0.978009,657721
881,100.321,0.978009,649711
882,100.321,0.978009,652702
883,100.321,0.978009,655709
884,100.321,0.978009,652199
885,100.321,0.978009,655242
886,100.212,0.978588,668272
887,100.212,0.978588,659221
888,100.212,0.978588,651216
889,99.8342,0.980324,650232
890,99.8342,0.980324,651197
891,99.8342,0.980324,648687
892,99.8342,0.980324,652702
893,99.6623,0.980324,652702
894,98.4216,0.976273,651197
895,98.4216,0.976273,653703
896,98.4216,0.976273,649691
897,98.4216,0.976273,652227
898,98.4216,0.976273,653202
899,98.4216,0.976273,651196
900,98.4216,0.976273,653204
901,97.7589,0.976852,649189
902,97.7589,0.976852,649689
903,97.7589,0.976852,650275
904,97.7589,0.976852,652199
905,97.7589,0.976852,654204
906,96.8359,0.977431,652701
907,96.8359,0.977431,652703
908,96.8359,0.977431,650694
909,96.8359,0.977431,651695
910,96.8359,0.977431,650193
911,96.8359,0.977431,649692
912,96.8359,0.977431,649691
913,96.8359,0.977431,658221
914,96.7611,0.976273,649687
915,96.7611,0.976273,652201
916,96.7611,0.976273,648783
917,96.7611,0.976273,651196
918,96.7611,0.976273,651696
919,96.7611,0.976273,671263
920,96.7611,0.976273,650693
921,96.7611,0.976273,649191
922,96.7611,0.976273,655709
923,96.7283,0.979167,650192
924,96.7283,0.979167,650694
925,96.1718,0.976273,650696
926,95.3198,0.978588,651231
927,95.0325,0.98206,650512
928,95.0325,0.98206,650192
929,95.0325,0.98206,677784
930,95.0325,0.98206,649227
931,95.0325,0.98206,651193
932,95.0325,0.98206,652199
933,95.0325,0.98206,653706
934,95.0325,0.98206,655211
935,94.5845,0.977431,655252
936,94.5845,0.977431,654707
937,94.2186,0.976273,650596
938,94.2186,0.976273,652219
939,94.2186,0.976273,677785
940,94.2186,0.976273,650693
941,94.2186,0.976273,652200
942,94.2186,0.976273,651196
943,94.2186,0.976273,654208
944,94.2186,0.976273,648747
945,94.2186,0.976273,653741
946,94.2186,0.976273,656715
947,93.7052,0.978588,650713
948,93.7052,0.978588,650694
949,93.7052,0.978588,669258
950,93.7052,0.978588,656209
951,93.7052,0.978588,648687
952,92.6095,0.979745,650695
953,92.6095,0.979745,649691
954,92.6095,0.979745,651697
955,92.6095,0.979745,649551
956,92.6095,0.979745,651715
957,92.6095,0.979745,651266
958,92.6095,0.979745,652700
959,92.6095,0.979745,648687
960,92.6095,0.979745,650191
961,92.6095,0.979745,655712
962,92.6095,0.979745,650192
963,92.6095,0.979745,676782
964,92.6095,0.979745,650194
965,92.6095,0.979745,659219
966,92.6095,0.979745,650193
967,92.6095,0.979745,650192
968,92.6095,0.979745,650694
969,92.6095,0.979745,651699
970,92.6095,0.979745,649189
971,92.6095,0.979745,653585
972,92.6095,0.979745,650695
973,92.6095,0.979745,649191
974,92.6095,0.979745,652199
975,92.6095,0.979745,653704
976,92.6095,0.979745,654206
977,92.6095,0.979745,653219
978,92.6095,0.979745,679791
979,92.6095,0.979745,652702
980,92.6095,0.979745,667250
981,92.6095,0.979745,650215
982,92.6095,0.979745,654230
983,92.6095,0.979745,657717
984,92.6095,0.979745,649709
985,92.6095,0.979745,649283
986,92.4084,0.979167,651743
987,92.2135,0.976852,656713
988,90.9488,0.98206,649187
989,90.9488,0.98206,651698
990,90.9488,0.98206,653704
991,90.9488,0.98206,649191
992,90.9488,0.98206,651721
993,90.9488,0.98206,651699
994,90.9488,0.98206,653214
995,90.9488,0.98206,652725
996,90.9488,0.98206,651217
997,90.9488,0.98206,653201
998,90.9488,0.98206,651712
999,90.9488,0.98206,651195
Done! Press enter to close the program.
