Normalizing data...
Randomizing order of the data...
Creating Neural Network (21, 13, 4)
Current weights set to:
0.0150853, 0.0137608, -0.0231849, 0.0899899, 0.00467238, 0.0143223, 0.0753044, 0.0693411, -0.0840266, -0.0891537, -0.0411115, -0.094293, -0.074456, -0.0141331, 0.0433821, 0.0615467, 0.0164403, 0.0789666, -0.0563341, -0.00889615, 0.0291238, -0.0408856, -0.0181555, -0.0589404, 0.0846126, -0.0198584, 0.0457686, 0.0999329, -0.0388287, 0.0756767, 0.0291665, 0.00260933, -0.0942015, 0.0497971, -0.0152623, -0.00378735, 0.0616382, 0.0196509, 0.0213111, 0.0734794, -0.00727866, -0.0337565, 0.0764397, 0.080047, 0.0872616, 0.0496933, -0.00437941, 0.00176702, -0.0794122, 0.0452132, 0.0494369, -0.0616382, -0.040727, -0.0439924, -0.0802484, 0.0696829, 0.0873226, -0.0405988, 0.0864315, 0.0207251, -0.0639515, -0.0575976, 0.0455611, -0.0681814, 0.098645, -0.0170141, 0.0906613, 0.0400861, 0.0107395, 0.0333232, 0.0880062, 0.0784539, -0.0217078, -0.0388165, -0.0227088, 0.0985839, -0.0660573, 0.00586261, 0.0290567, 0.0237892, 0.00315867, 0.00473342, -0.0101535, -0.0616688, 0.0613758, 0.0468123, -0.0533677, 0.0192785, -0.0365703, -0.090521, 0.0415876, -0.082812, 0.026487, -0.0653066, 0.0684683, 0.0918882, 0.0477523, -0.0991211, 0.0819391, -0.090466, 0.0381634, -0.0532212, 0.0510117, 0.00735801, -0.0466048, -0.0964782, 0.0878842, -0.0679312, 0.00335398, 0.0911313, 0.0833918, -0.0414777, 0.0214148, -0.0643056, 0.0803827, 0.0945799, 0.0747368, 0.0636097, 0.016245, -0.021427, -0.00322581, 0.0288736, -0.0342265, 0.0757073, 0.023368, -0.0700552, -0.0843013, 0.0793329, 0.013535, 0.072277, 0.00216376, -0.0762322, 0.0363506, -0.0672597, 0.0422285, -0.0854671, 0.00500809, -0.0176061, 0.0908689, -0.0174841, -0.0605213, 0.0235206, 0.0545579, -0.0318705, -0.0611133, -0.00247505, 0.0927732, -0.0580981, 0.044908, -0.0802789, 0.0386029, 0.0675405, 0.0774468, 0.0973083, -0.0302225, 0.013889, 0.0237953, 0.0867977, -0.0386517, 0.021952, 0.0626453, -0.0527879, -0.0488021, 0.0332133, 0.00396435, 0.0451643, -0.0502182, -0.0144078, 0.0263222, -0.0318644, -0.0748466, 0.083166, 0.0925657, 0.00229804, -0.00524003, -0.0539842, -0.0746513, -0.0691031, 0.0549852, 0.0463851, -0.0762993, 0.00974456, 0.0799554, -0.0626087, -0.0982299, 0.0757683, 0.0206519, 0.080633, 0.0311563, 0.0451338, -0.064275, -0.0212317, 0.0679739, -0.0430036, 0.0851558, 0.0195593, 0.0459578, 0.0192358, 0.0180578, -0.0626392, -0.0831904, 0.0123753, -0.0140721, 0.0985229, -0.0809015, -0.0920225, -0.0875546, -0.083166, -0.0431684, 0.057738, 0.0512619, 0.00533158, -0.0308206, 0.0094882, -0.0371868, -0.0293985, -0.0276467, -0.0935057, -0.0583239, 0.0560472, -0.0449446, -0.0738945, -0.0745964, -0.0599292, -0.0913327, -0.0858211, 0.0163671, 0.0957518, -0.0265053, 0.0714286, 0.0476974, 0.0179479, -0.0178076, 0.047972, -0.0754082, -0.0756584, -0.0181677, -0.0976623, -0.0276772, 0.0365093, 0.0156041, 0.0812128, 0.0220679, 0.0473128, -0.0543626, 0.0760491, 0.0659536, 0.0809015, -0.00197455, -0.0870296, 0.0123936, -0.0484848, 0.0113681, -0.0679006, -0.0267983, 0.0273965, 0.0701468, 0.0125584, 0.0134556, -0.0940306, -0.0959899, 0.0994385, -0.00442213, 0.00668661, -0.0655812, -0.0109775, 0.0488205, 0.0876217, -0.0502426, 0.0283914, 0.0953246, -0.00782189, 0.0901975, 0.085754, -0.0358562, 0.0321329, -0.0763604, 0.0477523, -0.0756401, -0.0867611, 0.0938719, -5.18815e-005, -0.0314005, 0.00967132, -0.0777886, -0.0532273, 0.0782037, 0.0935179, 0.0440474, 0.0271767, 0.00126652, -0.07434, 0.0611988, 0.082226, -0.0251625, 0.0141881, 0.0917173, -0.069097, -0.0774834, -0.053386, -0.00188299, 0.0103977, -0.0413495, 0.00226142, -0.0246193, -0.0629749, -0.0695364, 0.0508713, 0.0799921, 0.0441694, 0.0293191, 0.0438581, -0.018778, 0.0533921, 0.00233467, -0.0956236, -0.0840388, -0.0650014, -0.00428175, -0.0775262, -0.0717338, -0.0856685, -0.0391034, 0.0615162, -0.0250221, 0.0799921, 0.0548631, 0.0822871, -0.0214637, -0.0497787, -0.0341411, 0.0908322, 0.00840785, 0.0538865, -0.00425123, 0.0164159, 0.0721854, 0.0819636, 0.030253, 0.0258278, 0.0977477, 0.0661428, 0.0283181, -0.0197851, -0.0123142, -0.0594531, -0.0381146, -0.0592212, -0.0727714, -0.0570666, 0.0373333, 0.0295511, 0.0269692, 0.0115879, -0.0702872, 0.0514756, 0.0815363, 0.0341899, 0.0612842, -0.0159215, -0.0744072, -0.0951598, 0.0552599,


Starting training using GA on Car Evaluation Set
Press enter to start the training.

0,1470.58,0.700231,650194
1,1412.85,0.700231,654709
2,1369.44,0.700231,655042
3,1253.8,0.700231,656716
4,1253.8,0.700231,651698
5,1195.66,0.700231,655734
6,1069.75,0.700231,652704
7,1060.77,0.700231,659251
8,982.508,0.700231,654709
9,982.508,0.700231,654206
10,931.443,0.700231,651306
11,930.129,0.700231,656216
12,865.226,0.700231,663238
13,835.419,0.700231,655228
14,835.419,0.700231,655712
15,825.966,0.700231,652200
16,818.215,0.700231,681800
17,801.686,0.700231,651721
18,801.686,0.700231,649303
19,791.345,0.700231,652504
20,768.467,0.700231,651718
21,768.467,0.700231,648691
22,768.467,0.700231,651698
23,762.217,0.700231,656253
24,760.658,0.700231,653206
25,760.658,0.700231,655210
26,748.862,0.700231,667249
27,743.957,0.700231,654711
28,743.957,0.700231,651206
29,741.028,0.700231,651725
30,741.028,0.700231,651701
31,730.908,0.700231,650192
32,730.908,0.700231,653243
33,726.804,0.700231,653206
34,723.14,0.700231,650195
35,717.585,0.700231,657216
36,712.811,0.700231,650195
37,709.427,0.700231,650693
38,705.382,0.700231,654206
39,700.673,0.700231,653706
40,687.578,0.700231,655210
41,677.604,0.700231,652703
42,677.604,0.700231,650193
43,675.294,0.700231,650718
44,658.266,0.70081,652199
45,658.266,0.70081,649691
46,658.266,0.70081,650695
47,646.986,0.700231,654732
48,639.458,0.700231,657218
49,639.458,0.700231,652200
50,633.687,0.741898,656716
51,633.687,0.741898,654206
52,614.379,0.704861,655211
53,609.118,0.711806,652703
54,603.007,0.703704,653205
55,601.538,0.737269,652198
56,600.286,0.717014,649190
57,600.286,0.717014,652201
58,587.072,0.703704,649690
59,585.886,0.715856,651198
60,581.575,0.708912,648714
61,572.66,0.729167,652704
62,568.811,0.748264,653203
63,568.81,0.75,648689
64,562.6,0.742477,654208
65,558.132,0.792245,649608
66,557.359,0.795718,655711
67,549.502,0.791667,649692
68,539.262,0.801505,650694
69,538.375,0.752315,654207
70,531.708,0.797454,654709
71,531.708,0.797454,653706
72,530.401,0.789352,654709
73,530.401,0.789352,654208
74,527.953,0.75463,655212
75,510.238,0.766204,653704
76,510.238,0.766204,659225
77,501.278,0.792245,654205
78,488.807,0.791667,662735
79,488.807,0.791667,652199
80,488.807,0.791667,655212
81,488.807,0.791667,651697
82,488.807,0.791667,649213
83,488.807,0.791667,649191
84,480.364,0.849537,653201
85,473.899,0.821181,653707
86,465.248,0.841435,648710
87,465.248,0.841435,649811
88,465.248,0.841435,651699
89,465.248,0.841435,649188
90,462.316,0.854745,666328
91,461.832,0.810185,649691
92,457.322,0.820602,650697
93,456.599,0.836806,655209
94,451.035,0.829282,652700
95,450.834,0.841435,652340
96,450.834,0.841435,651724
97,442.43,0.834491,649256
98,442.43,0.834491,654207
99,442.43,0.834491,649228
100,435.54,0.858796,651029
101,435.54,0.858796,655210
102,435.54,0.858796,651698
103,433.125,0.852431,654708
104,430.629,0.859375,655712
105,430.629,0.859375,653705
106,424.28,0.838542,654707
107,419.48,0.87037,654091
108,419.48,0.87037,654730
109,418.357,0.868056,652200
110,417.508,0.859375,650695
111,411.521,0.865741,648714
112,409.886,0.867477,650693
113,404.312,0.859954,654209
114,404.312,0.859954,649714
115,404.312,0.859954,656215
116,401.597,0.858218,657257
117,401.597,0.858218,656715
118,400.517,0.864005,656715
119,400.517,0.864005,651195
120,400.517,0.864005,650991
121,398.955,0.859375,658723
122,398.955,0.859375,664242
123,397.864,0.872685,651196
124,397.864,0.872685,653705
125,397.864,0.872685,650194
126,397.864,0.872685,648186
127,396.461,0.865162,651195
128,396.461,0.865162,650193
129,396.461,0.865162,655711
130,393.245,0.851852,654207
131,391.309,0.872685,654709
132,386.546,0.877894,649191
133,386.502,0.858796,650193
134,380.347,0.861111,651198
135,380.347,0.861111,656021
136,379.466,0.872106,649710
137,379.19,0.851273,649077
138,379.19,0.851273,656715
139,379.19,0.851273,655229
140,378.431,0.868056,651699
141,375.628,0.862847,652702
142,370.079,0.871528,686815
143,370.079,0.871528,656717
144,370.079,0.871528,650193
145,370.079,0.871528,653205
146,370.079,0.871528,652701
147,368.362,0.858218,648688
148,368.362,0.858218,649190
149,368.362,0.858218,657215
150,366.565,0.861111,652701
151,366.565,0.861111,654208
152,361.826,0.862269,653705
153,361.826,0.862269,651696
154,359.322,0.87037,651698
155,359.322,0.87037,656213
156,359.322,0.87037,652702
157,359.322,0.87037,654708
158,359.322,0.87037,652215
159,355.806,0.863426,654231
160,355.806,0.863426,656211
161,354.716,0.869213,652728
162,354.716,0.869213,653203
163,352.538,0.863426,652224
164,352.538,0.863426,652786
165,352.538,0.863426,651268
166,352.538,0.863426,653226
167,351.423,0.867477,649693
168,351.423,0.867477,654207
169,351.423,0.867477,650215
170,351.423,0.867477,652198
171,350.145,0.87037,656213
172,350.145,0.87037,649189
173,348.245,0.869213,649190
174,347.638,0.868056,649191
175,347.638,0.868056,651698
176,347.37,0.877315,649190
177,347.09,0.869792,652701
178,347.09,0.869792,653251
179,344.843,0.876736,651196
180,344.843,0.876736,680795
181,344.843,0.876736,653706
182,342.629,0.873843,657218
183,342.629,0.873843,657215
184,342.233,0.873843,649190
185,337.036,0.869213,649693
186,337.036,0.869213,649690
187,337.036,0.869213,650695
188,337.036,0.869213,653704
189,334.57,0.868634,650191
190,333.372,0.866898,652200
191,333.372,0.866898,650695
192,327.79,0.872685,654710
193,327.79,0.872685,654708
194,327.79,0.872685,649190
195,327.79,0.872685,649731
196,327.79,0.872685,650717
197,326.617,0.879051,654230
198,325.495,0.876736,651698
199,325.495,0.876736,653706
200,324.746,0.87037,652200
201,324.746,0.87037,659223
202,324.746,0.87037,649780
203,324.156,0.869213,649738
204,323.963,0.875579,651196
205,322.585,0.871528,652701
206,320.193,0.877894,652702
207,320.193,0.877894,653707
208,318.326,0.873843,653202
209,317.9,0.884259,653703
210,317.9,0.884259,649190
211,317.299,0.865162,661231
212,317.299,0.865162,652700
213,317.299,0.865162,650225
214,317.299,0.865162,656715
215,317.067,0.876736,661731
216,312.768,0.877315,650195
217,312.768,0.877315,649720
218,312.768,0.877315,649784
219,312.67,0.876157,651698
220,311.116,0.880787,650695
221,308.811,0.873264,651197
222,308.811,0.873264,649188
223,308.811,0.873264,653203
224,307.242,0.880208,656717
225,307.242,0.880208,649188
226,304.978,0.883102,654707
227,304.978,0.883102,653706
228,304.978,0.883102,653203
229,304.978,0.883102,655235
230,304.367,0.885417,654708
231,303.414,0.882523,654206
232,303.414,0.882523,652703
233,303.111,0.876157,648743
234,302.898,0.87963,649189
235,302.898,0.87963,656714
236,302.898,0.87963,652703
237,302.898,0.87963,653203
238,302.898,0.87963,655712
239,297.899,0.881944,650194
240,297.899,0.881944,650193
241,297.899,0.881944,648686
242,297.899,0.881944,654208
243,297.899,0.881944,653706
244,297.899,0.881944,648687
245,297.899,0.881944,659223
246,295.386,0.881944,651698
247,295.386,0.881944,659221
248,295.386,0.881944,654708
249,294.889,0.884838,654708
250,294.889,0.884838,653707
251,294.447,0.883681,652200
252,294.447,0.883681,649688
253,294.447,0.883681,654708
254,294.007,0.886574,650696
255,294.007,0.886574,649190
256,294.007,0.886574,651196
257,294.007,0.886574,649752
258,294.007,0.886574,649191
259,294.007,0.886574,654207
260,290.602,0.892361,653704
261,290.602,0.892361,654206
262,290.602,0.892361,649715
263,290.602,0.892361,654208
264,290.602,0.892361,662233
265,288.286,0.887731,650210
266,288.286,0.887731,654710
267,288.286,0.887731,654755
268,288.286,0.887731,652703
269,287.204,0.883102,655711
270,287.204,0.883102,652200
271,287.204,0.883102,648233
272,287.204,0.883102,653226
273,287.204,0.883102,652201
274,287.204,0.883102,650216
275,282.679,0.896991,656716
276,282.679,0.896991,654256
277,282.679,0.896991,652222
278,282.679,0.896991,650193
279,282.598,0.888889,649213
280,280.321,0.896412,654709
281,280.321,0.896412,650942
282,280.321,0.896412,649693
283,280.321,0.896412,660728
284,279.71,0.889468,650695
285,278.216,0.903935,652703
286,277.316,0.905093,652701
287,277.316,0.905093,651192
288,277.316,0.905093,648756
289,277.316,0.905093,651805
290,276.405,0.902199,667270
291,274.796,0.902199,649723
292,274.796,0.902199,658220
293,274.796,0.902199,654709
294,274.796,0.902199,654234
295,274.42,0.900463,651699
296,274.42,0.900463,649189
297,274.42,0.900463,651213
298,274.42,0.900463,653703
299,271.426,0.898727,648690
300,271.426,0.898727,683303
301,271.426,0.898727,650694
302,271.426,0.898727,653706
303,271.426,0.898727,654709
304,271.426,0.898727,650193
305,266.154,0.912037,652311
306,266.154,0.912037,656211
307,266.154,0.912037,648688
308,266.154,0.912037,649735
309,264.867,0.908565,651698
310,264.867,0.908565,654207
311,262.214,0.908565,650193
312,262.214,0.908565,651288
313,262.214,0.908565,653704
314,260.01,0.917824,648687
315,260.01,0.917824,651697
316,259.807,0.908565,652201
317,259.807,0.908565,651696
318,258.804,0.902778,654710
319,258.804,0.902778,648689
320,258.804,0.902778,649716
321,256.418,0.909722,654726
322,256.418,0.909722,657218
323,256.418,0.909722,660543
324,256.418,0.909722,649189
325,256.418,0.909722,657217
326,254.138,0.909144,653704
327,253.594,0.906829,656715
328,253.217,0.90625,651698
329,253.217,0.90625,657720
330,253.217,0.90625,652200
331,251.309,0.918981,653203
332,251.309,0.918981,649191
333,251.309,0.918981,649690
334,251.037,0.920718,650191
335,251.037,0.920718,652701
336,251.037,0.920718,649192
337,251.037,0.920718,649691
338,244.573,0.916088,654709
339,244.573,0.916088,653203
340,244.573,0.916088,651736
341,244.573,0.916088,648689
342,244.573,0.916088,649692
343,244.573,0.916088,650194
344,244.573,0.916088,676281
345,244.573,0.916088,654709
346,242.277,0.913194,656716
347,242.277,0.913194,654206
348,241.378,0.915509,649190
349,241.009,0.914931,656715
350,241.009,0.914931,655712
351,241.009,0.914931,649691
352,240.167,0.913773,649693
353,239.645,0.916667,650694
354,239.645,0.916667,651196
355,238.787,0.908565,651700
356,238.787,0.908565,653203
357,238.787,0.908565,652701
358,238.787,0.908565,658218
359,237.891,0.912037,649691
360,236.376,0.905093,651698
361,236.376,0.905093,653202
362,236.376,0.905093,651196
363,236.376,0.905093,649713
364,234.091,0.917245,658220
365,232.894,0.917824,652199
366,232.894,0.917824,651698
367,232.894,0.917824,652200
368,232.894,0.917824,653204
369,232.894,0.917824,649691
370,232.894,0.917824,652702
371,232.894,0.917824,652700
372,232.607,0.920139,649211
373,232.607,0.920139,649736
374,232.607,0.920139,650236
375,232.607,0.920139,654206
376,232.607,0.920139,653203
377,232.607,0.920139,653704
378,232.607,0.920139,653705
379,231.629,0.911458,658723
380,231.629,0.911458,662233
381,231.629,0.911458,654821
382,231.629,0.911458,654708
383,230.174,0.914352,651197
384,228.804,0.916088,669259
385,227.811,0.912616,650720
386,227.811,0.912616,660225
387,227.811,0.912616,649717
388,227.498,0.917245,649692
389,227.498,0.917245,656213
390,224.549,0.913194,651698
391,224.549,0.913194,652721
392,224.549,0.913194,659221
393,224.549,0.913194,651195
394,224.549,0.913194,650192
395,224.549,0.913194,656717
396,224.549,0.913194,653202
397,222.369,0.916088,650732
398,222.369,0.916088,656213
399,222.369,0.916088,649213
400,221.029,0.920139,649191
401,221.029,0.920139,650696
402,221.029,0.920139,654204
403,221.029,0.920139,661229
404,221.029,0.920139,649713
405,221.029,0.920139,648688
406,220.854,0.921875,650696
407,220.72,0.916088,652702
408,220.72,0.916088,654708
409,220.72,0.916088,662735
410,220.72,0.916088,657216
411,220.72,0.916088,652761
412,220.093,0.918403,651700
413,220.093,0.918403,653204
414,217.777,0.923611,653203
415,217.777,0.923611,654206
416,217.777,0.923611,654726
417,217.777,0.923611,649741
418,217.777,0.923611,649191
419,217.777,0.923611,652252
420,217.777,0.923611,654748
421,217.777,0.923611,649691
422,213.905,0.922454,650694
423,211.587,0.932292,649768
424,211.587,0.932292,651696
425,211.587,0.932292,656215
426,211.587,0.932292,658745
427,211.587,0.932292,653704
428,211.587,0.932292,656715
429,211.587,0.932292,653705
430,211.587,0.932292,654708
431,211.376,0.929977,649693
432,211.376,0.929977,658219
433,211.376,0.929977,653706
434,211.376,0.929977,650694
435,211.376,0.929977,653203
436,211.376,0.929977,653704
437,211.376,0.929977,649691
438,211.376,0.929977,649191
439,211.376,0.929977,650191
440,211.376,0.929977,651700
441,211.376,0.929977,652700
442,211.376,0.929977,661230
443,211.376,0.929977,649713
444,208.69,0.93287,650694
445,208.69,0.93287,648689
446,208.69,0.93287,652703
447,208.335,0.932292,656211
448,208.335,0.932292,650193
449,208.335,0.932292,648687
450,208.335,0.932292,655209
451,208.335,0.932292,653705
452,208.335,0.932292,656215
453,207.96,0.935764,649691
454,204.929,0.929398,655712
455,204.929,0.929398,651721
456,204.929,0.929398,654707
457,201.225,0.940394,659787
458,201.225,0.940394,652701
459,201.225,0.940394,649207
460,201.225,0.940394,657718
461,201.225,0.940394,655712
462,201.225,0.940394,650191
463,198.483,0.936921,656213
464,198.483,0.936921,649189
465,198.483,0.936921,666247
466,197.161,0.936343,655712
467,197.161,0.936343,655208
468,196.597,0.935185,653204
469,195.435,0.944444,652701
470,193.443,0.941551,653203
471,193.443,0.941551,659727
472,192.868,0.932292,649758
473,192.868,0.932292,654208
474,192.868,0.932292,652701
475,191.443,0.939236,650693
476,191.042,0.934028,650194
477,191.042,0.934028,654207
478,189.512,0.939236,648688
479,188.787,0.932292,649689
480,188.787,0.932292,653705
481,187.666,0.941551,653705
482,187.666,0.941551,654707
483,187.666,0.941551,654206
484,187.666,0.941551,655266
485,187.666,0.941551,654208
486,184.912,0.94213,650193
487,184.912,0.94213,653704
488,184.912,0.94213,653205
489,183.05,0.944444,654709
490,183.05,0.944444,660250
491,182.647,0.945602,656213
492,182.647,0.945602,658576
493,182.647,0.945602,656211
494,181.758,0.946181,654726
495,181.758,0.946181,651696
496,181.758,0.946181,649191
497,181.758,0.946181,660225
498,181.758,0.946181,651196
499,181.758,0.946181,649692
500,181.758,0.946181,650574
501,181.758,0.946181,650696
502,181.758,0.946181,655712
503,181.758,0.946181,654710
504,181.758,0.946181,648687
505,181.758,0.946181,650692
506,181.758,0.946181,648688
507,181.758,0.946181,652200
508,181.038,0.945602,652199
509,181.038,0.945602,653203
510,181.038,0.945602,651698
511,180.734,0.940972,653203
512,180.734,0.940972,653203
513,180.734,0.940972,654208
514,180.734,0.940972,649690
515,180.734,0.940972,658723
516,180.734,0.940972,653703
517,180.734,0.940972,652701
518,180.734,0.940972,650695
519,180.734,0.940972,652200
520,180.734,0.940972,657720
521,180.734,0.940972,653310
522,178.168,0.950231,654206
523,178.168,0.950231,655710
524,178.168,0.950231,651700
525,178.168,0.950231,652201
526,178.168,0.950231,649769
527,177.961,0.934028,652699
528,177.961,0.934028,657719
529,177.961,0.934028,655709
530,177.961,0.934028,654710
531,177.961,0.934028,652229
532,177.961,0.934028,653728
533,174.531,0.938079,653205
534,170.848,0.942708,650269
535,170.848,0.942708,653703
536,170.848,0.942708,654207
537,170.848,0.942708,657216
538,170.848,0.942708,651196
539,170.848,0.942708,651698
540,170.786,0.945023,651196
541,168.073,0.949074,654205
542,168.073,0.949074,651699
543,168.073,0.949074,652197
544,167.706,0.944444,652701
545,164.546,0.951968,650695
546,164.546,0.951968,651698
547,164.546,0.951968,657719
548,164.546,0.951968,652250
549,164.546,0.951968,655735
550,164.546,0.951968,649190
551,164.546,0.951968,652199
552,164.546,0.951968,653704
553,164.546,0.951968,650192
554,164.421,0.940394,655206
555,164.421,0.940394,652199
556,164.421,0.940394,648186
557,164.421,0.940394,648688
558,160.362,0.953704,652702
559,160.362,0.953704,654208
560,160.362,0.953704,651237
561,160.362,0.953704,649732
562,160.362,0.953704,653202
563,159.91,0.954861,650693
564,159.91,0.954861,651198
565,159.459,0.953125,655238
566,159.459,0.953125,653203
567,159.459,0.953125,655210
568,159.459,0.953125,652224
569,159.17,0.942708,651198
570,159.17,0.942708,652410
571,159.17,0.942708,651197
572,157.991,0.951389,650208
573,157.991,0.951389,649190
574,157.991,0.951389,650417
575,157.991,0.951389,652306
576,157.723,0.951389,657732
577,154.586,0.960069,654709
578,154.586,0.960069,654708
579,154.586,0.960069,652701
580,154.586,0.960069,651699
581,154.586,0.960069,653201
582,154.46,0.951968,652702
583,154.46,0.951968,653204
584,154.46,0.951968,653768
585,153.529,0.957176,651197
586,153.529,0.957176,660226
587,153.529,0.957176,648204
588,152.878,0.957176,650692
589,152.878,0.957176,665244
590,152.878,0.957176,652199
591,152.878,0.957176,674775
592,152.878,0.957176,656213
593,152.618,0.951968,651197
594,152.618,0.951968,651699
595,152.618,0.951968,655208
596,152.618,0.951968,654707
597,149.779,0.964699,654233
598,149.779,0.964699,652202
599,149.779,0.964699,651196
600,149.779,0.964699,652199
601,149.779,0.964699,648685
602,149.779,0.964699,652699
603,149.779,0.964699,654206
604,148.871,0.958912,648688
605,148.871,0.958912,652701
606,148.871,0.958912,655712
607,148.871,0.958912,653705
608,148.871,0.958912,656713
609,144.681,0.962963,652715
610,144.681,0.962963,647763
611,144.681,0.962963,654208
612,144.681,0.962963,653704
613,144.681,0.962963,649189
614,144.681,0.962963,653204
615,144.681,0.962963,653704
616,144.681,0.962963,650695
617,144.681,0.962963,651196
618,144.681,0.962963,649189
619,144.681,0.962963,651699
620,144.681,0.962963,652703
621,144.681,0.962963,654706
622,144.681,0.962963,654206
623,144.681,0.962963,648687
624,144.681,0.962963,651698
625,144.681,0.962963,650696
626,144.681,0.962963,651196
627,144.681,0.962963,670762
628,144.681,0.962963,649189
629,144.681,0.962963,650193
630,144.681,0.962963,651697
631,144.681,0.962963,652199
632,144.681,0.962963,651195
633,144.681,0.962963,652201
634,144.681,0.962963,652702
635,143.621,0.962384,647684
636,143.621,0.962384,651698
637,143.621,0.962384,652702
638,143.621,0.962384,653202
639,143.621,0.962384,653203
640,141.117,0.960069,682298
641,141.117,0.960069,668757
642,141.117,0.960069,676281
643,141.117,0.960069,654085
644,141.117,0.960069,651700
645,141.117,0.960069,649691
646,141.117,0.960069,661229
647,141.117,0.960069,649690
648,141.117,0.960069,649254
649,141.117,0.960069,663761
650,141.117,0.960069,659222
651,141.117,0.960069,653203
652,141.117,0.960069,657216
653,141.117,0.960069,649692
654,141.117,0.960069,654207
655,140.252,0.957755,654227
656,140.252,0.957755,653707
657,140.182,0.960069,650210
658,140.182,0.960069,650216
659,139.313,0.961806,654234
660,139.313,0.961806,653705
661,139.313,0.961806,650192
662,139.313,0.961806,652703
663,139.313,0.961806,652701
664,139.313,0.961806,657216
665,139.313,0.961806,654707
666,139.313,0.961806,655209
667,139.313,0.961806,650193
668,139.313,0.961806,648186
669,139.313,0.961806,656213
670,139.313,0.961806,652701
671,139.313,0.961806,677786
672,139.313,0.961806,656212
673,139.313,0.961806,648221
674,139.313,0.961806,648188
675,139.313,0.961806,652699
676,138.715,0.962963,650194
677,138.715,0.962963,653201
678,137.533,0.964699,651698
679,137.533,0.964699,648688
680,137.533,0.964699,658249
681,137.533,0.964699,654203
682,137.533,0.964699,650696
683,137.533,0.964699,654205
684,137.533,0.964699,653203
685,137.533,0.964699,649190
686,137.533,0.964699,654706
687,137.533,0.964699,651196
688,137.533,0.964699,660228
689,137.533,0.964699,649213
690,137.533,0.964699,650724
691,137.533,0.964699,653706
692,137.533,0.964699,651698
693,137.533,0.964699,653704
694,137.533,0.964699,652201
695,137.533,0.964699,650695
696,137.533,0.964699,653706
697,137.533,0.964699,659223
698,137.533,0.964699,675779
699,137.533,0.964699,656214
700,137.533,0.964699,652759
701,137.533,0.964699,650694
702,137.533,0.964699,648960
703,137.533,0.964699,651698
704,137.533,0.964699,651697
705,137.533,0.964699,652701
706,137.533,0.964699,655711
707,137.533,0.964699,652700
708,137.533,0.964699,651198
709,137.533,0.964699,650694
710,137.533,0.964699,650192
711,137.533,0.964699,667754
712,137.533,0.964699,654204
713,137.533,0.964699,654206
714,137.533,0.964699,649693
715,137.533,0.964699,650192
716,137.533,0.964699,648186
717,137.533,0.964699,649190
718,137.533,0.964699,649691
719,137.063,0.956597,652201
720,137.063,0.956597,650694
721,136.998,0.959491,650696
722,136.998,0.959491,653703
723,136.907,0.96412,655712
724,135.487,0.966435,654208
725,135.487,0.966435,653201
726,135.487,0.966435,652199
727,135.487,0.966435,652248
728,135.377,0.965278,651219
729,135.377,0.965278,652199
730,135.377,0.965278,656214
731,131.076,0.967593,649691
732,131.076,0.967593,649189
733,131.076,0.967593,650194
734,131.076,0.967593,656752
735,131.076,0.967593,655712
736,131.076,0.967593,654206
737,131.076,0.967593,652699
738,131.076,0.967593,653706
739,129.91,0.965278,650192
740,129.91,0.965278,650191
741,129.91,0.965278,652201
742,129.467,0.971065,648712
743,129.467,0.971065,653706
744,129.467,0.971065,652201
745,129.467,0.971065,652698
746,129.467,0.971065,651198
747,129.467,0.971065,657717
748,129.467,0.971065,680819
749,129.467,0.971065,654709
750,129.467,0.971065,657412
751,129.467,0.971065,649254
752,129.467,0.971065,657249
753,129.467,0.971065,654207
754,129.467,0.971065,654737
755,129.467,0.971065,655713
756,129.467,0.971065,655709
757,129.467,0.971065,653706
758,129.033,0.972222,649190
759,129.033,0.972222,653201
760,129.033,0.972222,655560
761,129.02,0.96875,654205
762,129.02,0.96875,654709
763,129.02,0.96875,652201
764,129.02,0.96875,652703
765,129.02,0.96875,652197
766,129.02,0.96875,656714
767,128.476,0.969329,652201
768,128.476,0.969329,653204
769,128.476,0.969329,654204
770,128.476,0.969329,655713
771,128.476,0.969329,648685
772,128.476,0.969329,648187
773,128.476,0.969329,653753
774,128.476,0.969329,652700
775,128.476,0.969329,654207
776,128.476,0.969329,652199
777,128.476,0.969329,660229
778,128.476,0.969329,651741
779,128.476,0.969329,656716
780,128.476,0.969329,653704
781,127.026,0.971644,652701
782,127.026,0.971644,650193
783,127.026,0.971644,655211
784,127.026,0.971644,656025
785,127.026,0.971644,653731
786,127.026,0.971644,650694
787,127.026,0.971644,649190
788,127.026,0.971644,648688
789,124.726,0.96875,647684
790,124.726,0.96875,650695
791,124.726,0.96875,653201
792,124.726,0.96875,655210
793,124.726,0.96875,651739
794,124.726,0.96875,653203
795,124.726,0.96875,655711
796,124.726,0.96875,656214
797,124.726,0.96875,652221
798,124.522,0.965856,676781
799,124.522,0.965856,663737
800,124.522,0.965856,652200
801,124.522,0.965856,653705
802,124.522,0.965856,656714
803,124.522,0.965856,651698
804,124.522,0.965856,655209
805,124.522,0.965856,650194
806,123.388,0.973958,654706
807,121.791,0.972801,661731
808,121.791,0.972801,658721
809,121.791,0.972801,653704
810,121.791,0.972801,652701
811,121.791,0.972801,656715
812,121.791,0.972801,654708
813,121.791,0.972801,659725
814,121.791,0.972801,651716
815,121.791,0.972801,658221
816,121.791,0.972801,653705
817,121.791,0.972801,652701
818,121.457,0.969329,651698
819,121.457,0.969329,653706
820,121.457,0.969329,655230
821,121.457,0.969329,656211
822,121.457,0.969329,654709
823,121.457,0.969329,654708
824,121.457,0.969329,653706
825,121.457,0.969329,651197
826,121.457,0.969329,655212
827,121.457,0.969329,656740
828,121.457,0.969329,650192
829,121.457,0.969329,660757
830,121.457,0.969329,652719
831,120.689,0.972801,653705
832,119.001,0.975694,652201
833,119.001,0.975694,663273
834,119.001,0.975694,651473
835,119.001,0.975694,658220
836,119.001,0.975694,655604
837,119.001,0.975694,652726
838,119.001,0.975694,651696
839,118.623,0.975694,651219
840,118.623,0.975694,656539
841,118.611,0.978009,654706
842,118.611,0.978009,653706
843,118.611,0.978009,652199
844,118.611,0.978009,651698
845,118.611,0.978009,649692
846,118.611,0.978009,649189
847,118.611,0.978009,654206
848,118.611,0.978009,654707
849,118.611,0.978009,660726
850,115.553,0.979167,653705
851,115.553,0.979167,648688
852,115.553,0.979167,648184
853,115.553,0.979167,648689
854,115.553,0.979167,651735
855,115.553,0.979167,653702
856,115.553,0.979167,654206
857,115.553,0.979167,659742
858,115.553,0.979167,654707
859,115.553,0.979167,654229
860,114.905,0.97338,658722
861,114.905,0.97338,649689
862,114.905,0.97338,650194
863,114.905,0.97338,655712
864,113.827,0.977431,654207
865,113.827,0.977431,658219
866,113.827,0.977431,653126
867,113.827,0.977431,654208
868,113.827,0.977431,660226
869,113.827,0.977431,650240
870,113.827,0.977431,653224
871,113.827,0.977431,651208
872,113.827,0.977431,651195
873,113.827,0.977431,651698
874,113.827,0.977431,652201
875,113.827,0.977431,649189
876,113.827,0.977431,654206
877,113.827,0.977431,653238
878,113.827,0.977431,655258
879,113.827,0.977431,653203
880,113.276,0.980324,650742
881,113.276,0.980324,649188
882,113.276,0.980324,655713
883,113.276,0.980324,655709
884,112.295,0.973958,653204
885,112.295,0.973958,653201
886,112.295,0.973958,652200
887,112.295,0.973958,651360
888,112.295,0.973958,654709
889,112.295,0.973958,654206
890,112.295,0.973958,651764
891,112.295,0.973958,653202
892,112.295,0.973958,654208
893,112.295,0.973958,654204
894,112.295,0.973958,653204
895,112.295,0.973958,653201
896,112.295,0.973958,651196
897,112.295,0.973958,652201
898,112.295,0.973958,650212
899,112.108,0.978009,650193
900,112.108,0.978009,657716
901,112.108,0.978009,654709
902,111.593,0.979167,652234
903,111.593,0.979167,657736
904,111.593,0.979167,672266
905,111.593,0.979167,655229
906,111.593,0.979167,648729
907,111.593,0.979167,652701
908,111.593,0.979167,652701
909,111.593,0.979167,651698
910,111.593,0.979167,652701
911,111.585,0.976852,652701
912,111.585,0.976852,654206
913,111.585,0.976852,655209
914,111.585,0.976852,650220
915,111.585,0.976852,648685
916,111.585,0.976852,655713
917,111.585,0.976852,650693
918,110.995,0.976273,649693
919,110.995,0.976273,649691
920,110.995,0.976273,652784
921,110.995,0.976273,650696
922,110.995,0.976273,653705
923,110.995,0.976273,651697
924,110.995,0.976273,654207
925,110.995,0.976273,654709
926,110.995,0.976273,656716
927,110.995,0.976273,650696
928,110.995,0.976273,652200
929,110.995,0.976273,649689
930,110.995,0.976273,661230
931,110.995,0.976273,650191
932,110.995,0.976273,652703
933,110.995,0.976273,657310
934,110.995,0.976273,653205
935,110.465,0.978588,653703
936,110.465,0.978588,650194
937,110.465,0.978588,651194
938,110.465,0.978588,649692
939,110.374,0.969907,652197
940,109.308,0.976852,650193
941,109.234,0.978009,653704
942,109.234,0.978009,653741
943,109.234,0.978009,654206
944,108.906,0.976852,654024
945,108.227,0.972801,653702
946,108.227,0.972801,652201
947,107.842,0.974537,652238
948,107.842,0.974537,653202
949,107.842,0.974537,650694
950,107.842,0.974537,649692
951,107.842,0.974537,652699
952,107.842,0.974537,655754
953,107.842,0.974537,653705
954,107.842,0.974537,652603
955,107.842,0.974537,651219
956,107.842,0.974537,656213
957,107.801,0.97338,654206
958,107.801,0.97338,654708
959,107.801,0.97338,655210
960,107.801,0.97338,651197
961,107.801,0.97338,653279
962,107.801,0.97338,648708
963,107.801,0.97338,659725
964,107.495,0.973958,648205
965,107.495,0.973958,653704
966,107.495,0.973958,652199
967,106.524,0.978009,654708
968,106.524,0.978009,650694
969,106.524,0.978009,651697
970,106.524,0.978009,659726
971,106.524,0.978009,653704
972,106.524,0.978009,650574
973,106.524,0.978009,653704
974,106.524,0.978009,655283
975,106.524,0.978009,652199
976,106.524,0.978009,652198
977,106.524,0.978009,651698
978,106.524,0.978009,656214
979,106.524,0.978009,652699
980,106.524,0.978009,649190
981,106.524,0.978009,649691
982,106.524,0.978009,652701
983,106.524,0.978009,649190
984,106.524,0.978009,651698
985,106.524,0.978009,653705
986,106.524,0.978009,651699
987,106.524,0.978009,659105
988,105.197,0.976852,653702
989,105.197,0.976852,653203
990,105.197,0.976852,656214
991,105.197,0.976852,651196
992,105.197,0.976852,647685
993,105.197,0.976852,655710
994,105.197,0.976852,650710
995,105.197,0.976852,649690
996,105.197,0.976852,655209
997,105.197,0.976852,653203
998,105.197,0.976852,650214
999,105.061,0.974537,649213
Done! Press enter to close the program.
