Normalizing data...
Randomizing order of the data...
Creating Neural Network (21, 13, 4)
Current weights set to:
0.0150426, 0.0825556, -0.0412519, -0.00375683, 0.0787652, -0.03361, 0.037315, -0.0949278, -0.0855892, -0.0140965, -0.0393048, -0.0948302, 0.0552965, -0.0161168, -0.0275185, 0.0499008, 0.0890744, 0.0540452, -0.0786859, -0.0960631, 0.0897763, -0.0298624, -0.00144353, 0.0554308, -0.0936522, 0.045146, -0.0143468, 0.0988159, 0.0391888, 0.0268349, -0.00746178, -0.0554064, -0.0642567, -0.0641591, -0.0316935, 0.0123814, 0.0365398, 0.0526475, -0.0345866, -0.0367168, 0.00284738, -0.0404584, 0.0385968, -0.0718986, 0.0572253, 0.0440352, -0.040141, 0.0874142, 0.0682241, -0.0303018, 0.0307047, -0.0401532, -0.0895505, -0.0789972, -0.027134, 0.054912, -0.0686758, -0.071923, -0.0211585, 0.0463912, 0.0556627, 0.0779168, -0.0966063, -0.0772088, -0.0405683, -0.081933, 0.0773919, 0.0709647, 0.0439131, 0.0592517, -0.0749504, -0.0508408, 0.0414899, 0.0829402, 0.0660817, -0.0941954, -0.0157018, -0.0396222, 0.0837214, 0.000253304, -0.0329264, 0.0891232, 0.0401288, -0.0183264, 0.0353435, -0.0466231, -0.0797662, 0.0824702, 0.0302774, -0.0855037, 0.085406, -0.0176489, -0.078576, -0.0622364, -0.0819575, -0.000607318, 0.0586169, -0.0382977, -0.0614246, 0.0642384, 0.0741813, -0.0836726, -0.0241615, -0.0661611, 0.0669179, 0.0963683, 0.0722953, 0.000827052, -0.00112613, 0.0958739, -0.0947691, -0.0451216, -0.0637318, 0.0103977, 0.00529496, 0.0522691, 0.0658681, -0.0869991, -0.0465865, 0.0498703, -0.08211, -0.0896908, 0.0376202, -0.0401227, -0.0730399, -0.0150609, -0.0492111, 0.0814753, -0.0379559, -0.0695364, 0.010715, 0.0656911, -0.0431318, -0.0147435, 0.0836543, 0.0697195, 0.0719596, 0.0713553, 0.092645, -0.0430342, -0.0804498, 0.0446883, 0.0918455, -0.000997955, 0.0827021, 0.0628834, -0.0118259, 0.0357524, 0.0596789, 0.0768914, 0.0913938, -0.0498642, 0.0651234, -0.0473251, -0.0259926, 0.0133885, 0.0190039, 0.0292581, 0.0221839, -0.0426313, -0.0452559, 0.0193274, -0.0411115, -0.0699515, -0.0222205, 0.0586657, -0.0793939, -0.00956145, 0.00567339, 0.0106906, -0.0312296, 0.0992737, 0.021189, 0.0322733, 0.0172277, 0.0615711, 0.0694876, -0.0928343, 0.056975, -0.0225135, -0.0693045, -0.0467086, 0.0594165, 0.0575304, 0.0991638, 0.0100009, 0.0393536, -0.0414411, 0.000515763, -0.0882199, 0.0590381, 0.0966613, 0.0779717, -0.0455, 0.0544359, 0.0933103, 0.0789605, -0.0395734, 0.0650746, 0.0108921, -0.026603, 0.0484115, -0.0514145, -0.0659658, 0.0348857, -0.0846858, -0.0386883, -0.0472152, -0.0839778, -0.0648976, 0.0861629, -0.0959288, 0.0491012, 0.0817072, 0.0889828, -0.0724235, 0.00345775, -0.0180639, -0.0153233, -0.00769372, -0.0692679, -0.095172, 0.0944029, 0.0501755, -0.0707755, -0.00652791, -0.0250587, -0.0273049, 0.058684, -0.054326, 0.00166936, -0.0727836, 0.0366924, 0.0497971, 0.0862362, -0.0511887, -0.0520005, -0.018247, -0.0897153, -0.0358867, -0.00206, 0.0697867, -0.043553, 0.0233863, 0.0412885, 0.0328837, -0.0821772, -0.00296335, -0.0822932, 0.0994018, -0.0327494, 0.0928159, -0.074865, -0.0880428, 0.0675893, 0.0499924, 0.0622852, -0.0750542, 0.00424512, -0.0332926, -0.0284951, -0.0992187, -0.0787408, 0.0168188, 0.0133885, 0.0113742, 0.0421186, 0.0124058, 0.00412915, -0.0492172, -0.0434248, 0.0682546, 0.0471297, -0.0344523, -0.0452071, -0.0754692, -0.010062, 0.0088229, -0.0100558, -0.016068, -0.0621387, -0.075457, -0.0493942, 0.0195044, -0.0445418, 0.0679983, 0.0241554, 0.00943937, -0.0128636, 0.0689016, 0.0324381, 0.0550707, -0.0717887, -0.056621, -0.0790277, 0.0383282, 0.0775567, 0.0609363, 0.0828852, -0.0251442, -0.0968749, -0.0271645, 0.0988647, -0.0808466, -0.0482833, 0.00800501, -0.0255837, -0.0221351, 0.033964, 0.04279, 0.0555895, 0.0875301, -0.0838801, -0.0492172, -0.0954894, -0.0869625, 0.0496689, -0.0610096, -0.0840999, -0.0769036, -0.0299478, 0.0765618, -0.0441511, -0.00121769, 0.0958434, 0.0223365, 0.00417188, 0.0316385, -0.040495, 0.0575182, 0.0814447, 0.0674673, 0.00110782, 0.029606, 0.0420881, 0.0520371, -0.043907, -0.0860164, -0.085229, -0.0649953, -0.0314737, -0.000729392, -0.0287515, -0.0116611, 0.0609241, 0.00276803, 0.00500198, 0.0953612, 0.0920042, -0.0777337, 0.000888089, 0.0668081, 0.0335429, -0.0696097, 0.0770806, -0.0599353, 0.0976928, -0.0822199, 0.0804804, -0.0821039, -0.0541734, -0.00860927, -0.0830744,


Starting training using GA on Car Evaluation Set
Press enter to start the training.

0,1506.88,0.700231,650304
1,1360.33,0.700231,654207
2,1241.5,0.700231,651698
3,1241.5,0.700231,654725
4,1211.78,0.700231,654709
5,1143.16,0.700231,650196
6,1119.04,0.700231,650719
7,1076.53,0.700231,700364
8,1047.56,0.700231,652314
9,945.63,0.700231,652505
10,921.789,0.700231,682302
11,907.376,0.700231,650697
12,900.066,0.700231,658760
13,851.626,0.700231,694342
14,851.626,0.700231,651198
15,851.435,0.700231,651197
16,815.938,0.700231,654707
17,807.092,0.700231,657228
18,805.816,0.700231,656240
19,799.233,0.700231,658220
20,794.252,0.700231,658221
21,794.026,0.700231,654748
22,781.487,0.700231,658221
23,777.424,0.700231,656214
24,777.424,0.700231,655711
25,777.424,0.700231,651197
26,774.326,0.700231,653704
27,774.326,0.700231,650696
28,757.394,0.700231,670261
29,757.394,0.700231,697855
30,757.394,0.700231,669260
31,752.965,0.700231,655712
32,752.965,0.700231,658221
33,744.533,0.700231,653728
34,740.708,0.700231,684308
35,740.708,0.700231,653706
36,740.05,0.700231,660753
37,736.087,0.700231,655709
38,729.299,0.700231,658222
39,729.299,0.700231,656716
40,719.36,0.700231,657216
41,717.573,0.700231,652202
42,705.747,0.700231,652200
43,705.351,0.700231,651197
44,697.349,0.700231,656216
45,697.349,0.700231,650693
46,697.349,0.700231,650696
47,689.311,0.700231,650695
48,684.185,0.700231,684806
49,684.185,0.700231,654709
50,677.272,0.700231,685813
51,663.747,0.700231,653205
52,663.747,0.700231,653706
53,659.086,0.704282,650195
54,655.651,0.700231,655212
55,627.271,0.725694,652617
56,627.271,0.725694,650696
57,627.271,0.725694,655712
58,626.045,0.721065,651696
59,624.217,0.743634,658222
60,617.71,0.729167,668756
61,611.56,0.703704,658221
62,604.76,0.744213,679289
63,604.76,0.744213,651700
64,599.81,0.718171,651697
65,596.269,0.755208,651700
66,593.342,0.733796,651195
67,583.089,0.715856,656215
68,583.089,0.715856,659723
69,583.089,0.715856,661733
70,578.02,0.720486,652202
71,563.111,0.759838,649213
72,556.276,0.751736,675279
73,556.276,0.751736,651698
74,556.276,0.751736,654210
75,556.276,0.751736,650215
76,556.068,0.789931,652822
77,551.049,0.715856,650696
78,549.131,0.796875,650693
79,538.418,0.774884,650774
80,533.295,0.753472,653202
81,532.166,0.838542,652202
82,524.206,0.759838,651197
83,522.785,0.776042,655208
84,517.407,0.809606,650333
85,510.523,0.774306,652728
86,501.724,0.781829,649713
87,501.724,0.781829,659226
88,501.014,0.839699,649730
89,501.014,0.839699,651531
90,496.258,0.803819,651699
91,494.66,0.777778,651196
92,487.054,0.79456,675277
93,475.726,0.834491,650696
94,470.041,0.822338,651195
95,469.008,0.829282,651195
96,469.008,0.829282,652586
97,465.794,0.811921,681822
98,465.794,0.811921,679792
99,465.794,0.811921,683306
100,458.044,0.825231,649717
101,451.158,0.820602,692837
102,450.962,0.835648,656716
103,450.962,0.835648,649191
104,449.671,0.828125,650695
105,448.672,0.840278,653242
106,446.861,0.823495,656213
107,446.861,0.823495,675280
108,443.703,0.826968,651696
109,443.703,0.826968,651494
110,443.703,0.826968,655212
111,439.188,0.857639,651195
112,433.857,0.842593,656213
113,433.857,0.842593,652199
114,428.918,0.849537,651700
115,428.918,0.849537,650696
116,425.14,0.858218,678788
117,425.14,0.858218,657217
118,425.14,0.858218,650695
119,424.087,0.858218,658722
120,423.168,0.857639,652701
121,418.643,0.848958,671767
122,418.643,0.848958,658220
123,418.11,0.851273,651198
124,418.11,0.851273,652592
125,418.11,0.851273,652719
126,418.11,0.851273,650100
127,418.11,0.851273,656214
128,418.11,0.851273,654227
129,418.11,0.851273,654710
130,416.739,0.859375,657215
131,413.615,0.855903,650195
132,413.615,0.855903,651196
133,413.615,0.855903,684808
134,413.615,0.855903,650195
135,411.208,0.86169,681798
136,411.162,0.854167,652701
137,406.225,0.84838,651699
138,406.225,0.84838,670763
139,400.964,0.854745,650193
140,400.964,0.854745,651198
141,399.857,0.865162,652200
142,394.808,0.865741,676782
143,394.808,0.865741,677786
144,391.366,0.864005,688322
145,389.299,0.859954,668755
146,389.299,0.859954,672267
147,389.299,0.859954,663752
148,389.299,0.859954,654733
149,389.299,0.859954,653704
150,389.299,0.859954,649718
151,389.299,0.859954,652199
152,388.991,0.866898,653250
153,380.883,0.863426,654341
154,380.883,0.863426,657718
155,378.628,0.869792,651722
156,377.772,0.87037,656213
157,375.416,0.868634,653205
158,375.416,0.868634,652223
159,373.209,0.871528,650694
160,373.209,0.871528,654707
161,373.209,0.871528,652200
162,373.209,0.871528,650195
163,369.701,0.867477,657217
164,369.701,0.867477,672771
165,369.701,0.867477,683303
166,369.701,0.867477,671767
167,369.701,0.867477,649737
168,369.701,0.867477,655710
169,369.324,0.874421,649693
170,368.188,0.868056,652200
171,367.953,0.875579,651697
172,367.669,0.875579,652199
173,366.67,0.869792,660228
174,366.67,0.869792,655713
175,366.67,0.869792,657718
176,365.174,0.866319,668253
177,365.174,0.866319,658218
178,365.174,0.866319,653704
179,365.174,0.866319,653705
180,365.174,0.866319,651196
181,365.174,0.866319,649191
182,365.174,0.866319,652200
183,365.174,0.866319,654733
184,365.103,0.868634,663273
185,364.258,0.876736,651723
186,356.017,0.872685,661230
187,356.017,0.872685,650194
188,355.481,0.869213,649690
189,355.099,0.870949,652200
190,355.099,0.870949,650218
191,354.894,0.874421,649756
192,352.183,0.877894,650715
193,352.183,0.877894,666748
194,348.881,0.877315,652200
195,348.881,0.877315,657217
196,348.881,0.877315,657218
197,348.881,0.877315,658218
198,348.881,0.877315,650193
199,348.881,0.877315,654708
200,343.838,0.87037,658221
201,342.811,0.877894,656715
202,342.811,0.877894,650727
203,342.811,0.877894,650697
204,342.811,0.877894,653703
205,341.807,0.880208,650195
206,341.807,0.880208,651196
207,340.28,0.866898,650762
208,335.782,0.873843,649191
209,335.782,0.873843,654206
210,335.782,0.873843,653706
211,335.782,0.873843,683806
212,335.703,0.873264,674777
213,335.703,0.873264,655210
214,335.703,0.873264,650191
215,334.516,0.876736,653203
216,334.516,0.876736,652197
217,331.632,0.875,649692
218,331.632,0.875,656236
219,331.632,0.875,655710
220,331.632,0.875,650695
221,331.632,0.875,653258
222,331.632,0.875,651719
223,331.632,0.875,672769
224,330.047,0.876736,654206
225,330.047,0.876736,650696
226,328.542,0.880787,677284
227,327.662,0.872106,687319
228,327.662,0.872106,650194
229,327.662,0.872106,653704
230,326.544,0.880208,674774
231,325.548,0.883681,653204
232,325.548,0.883681,650693
233,325.548,0.883681,656213
234,325.548,0.883681,657216
235,317.724,0.884838,655209
236,317.724,0.884838,651698
237,317.724,0.884838,651698
238,317.724,0.884838,651199
239,317.055,0.875579,650193
240,317.055,0.875579,651696
241,317.055,0.875579,650193
242,317.055,0.875579,653705
243,316.729,0.881944,655712
244,314.573,0.879051,658723
245,311.729,0.874421,661794
246,311.729,0.874421,650694
247,309.001,0.877894,659727
248,309.001,0.877894,649691
249,309.001,0.877894,651195
250,306.806,0.879051,652221
251,306.806,0.879051,653203
252,305.245,0.874421,650193
253,304.59,0.872685,650255
254,304.59,0.872685,673272
255,303.871,0.874421,653752
256,303.871,0.874421,654209
257,303.871,0.874421,657213
258,303.871,0.874421,650695
259,300.274,0.877894,663283
260,300.274,0.877894,654230
261,300.274,0.877894,657218
262,300.274,0.877894,652223
263,300.274,0.877894,655713
264,300.274,0.877894,660777
265,299.745,0.867477,650719
266,298.616,0.875579,673772
267,298.616,0.875579,658744
268,298.616,0.875579,650192
269,298.616,0.875579,653954
270,298.616,0.875579,651197
271,297.839,0.87037,649691
272,297.839,0.87037,657216
273,297.839,0.87037,655211
274,296.078,0.874421,657215
275,294.225,0.890625,655711
276,294.225,0.890625,650763
277,294.225,0.890625,653812
278,293.177,0.883102,651716
279,292.571,0.887153,650225
280,292.571,0.887153,684809
281,292.571,0.887153,655710
282,290.378,0.902199,650221
283,290.378,0.902199,652199
284,290.378,0.902199,652199
285,287.823,0.884259,653722
286,287.823,0.884259,651696
287,287.714,0.887153,652702
288,287.714,0.887153,652701
289,285.667,0.892361,654708
290,285.667,0.892361,659724
291,285.667,0.892361,650192
292,285.667,0.892361,651195
293,281.259,0.89294,649302
294,281.259,0.89294,650693
295,281.259,0.89294,652701
296,281.259,0.89294,650738
297,281.259,0.89294,651195
298,281.259,0.89294,651699
299,281.259,0.89294,671264
300,281.244,0.892361,649783
301,280.431,0.882523,652700
302,278.628,0.896412,653203
303,278.628,0.896412,649691
304,276.524,0.891204,649693
305,276.524,0.891204,652700
306,276.524,0.891204,657720
307,273.442,0.90625,650694
308,273.442,0.90625,654227
309,273.442,0.90625,654225
310,273.442,0.90625,656716
311,273.287,0.899306,650693
312,269.114,0.899884,651196
313,269.114,0.899884,652200
314,269.114,0.899884,651196
315,269.114,0.899884,652702
316,269.114,0.899884,690830
317,269.114,0.899884,655211
318,267.765,0.899884,651197
319,267.765,0.899884,681297
320,267.765,0.899884,652199
321,267.296,0.895833,651196
322,264.611,0.898148,675276
323,264.611,0.898148,679792
324,264.611,0.898148,651699
325,263.454,0.901042,680294
326,263.454,0.901042,679793
327,263.454,0.901042,658722
328,263.454,0.901042,658256
329,263.454,0.901042,652703
330,261.623,0.90162,648687
331,261.623,0.90162,649691
332,261.623,0.90162,650696
333,260.806,0.894676,650192
334,258.614,0.903356,651195
335,258.614,0.903356,652700
336,255.548,0.911458,653705
337,255.548,0.911458,657215
338,255.548,0.911458,650193
339,255.548,0.911458,652701
340,255.548,0.911458,657216
341,255.548,0.911458,650696
342,255.548,0.911458,651194
343,255.548,0.911458,651198
344,255.548,0.911458,650191
345,255.548,0.911458,650194
346,252.876,0.909722,654710
347,252.876,0.909722,673770
348,252.715,0.917824,679792
349,252.296,0.905093,653203
350,248.716,0.912616,655211
351,248.716,0.912616,653223
352,248.716,0.912616,657216
353,248.716,0.912616,650694
354,248.642,0.921296,650696
355,248.001,0.909144,667250
356,248.001,0.909144,674274
357,246.54,0.912616,689827
358,246.54,0.912616,650695
359,246.54,0.912616,665745
360,246.364,0.920139,654255
361,246.364,0.920139,659289
362,246.364,0.920139,670259
363,246.124,0.913194,660229
364,246.124,0.913194,672266
365,239.79,0.920718,667250
366,239.79,0.920718,678789
367,239.79,0.920718,658721
368,239.146,0.911458,658221
369,238.543,0.916667,656325
370,237.757,0.917245,654708
371,237.029,0.920139,679292
372,237.029,0.920139,652225
373,235.029,0.908565,658220
374,235.029,0.908565,649717
375,235.029,0.908565,651697
376,235.029,0.908565,651700
377,235.029,0.908565,654707
378,234.991,0.917824,650214
379,234.548,0.922454,653705
380,229.386,0.917245,654708
381,229.094,0.918981,653703
382,229.094,0.918981,652703
383,227.48,0.925926,653201
384,226.843,0.925926,649726
385,226.053,0.921296,664741
386,226.053,0.921296,656213
387,224.432,0.928819,683305
388,224.432,0.928819,651195
389,224.256,0.931713,652200
390,224.256,0.931713,650696
391,224.256,0.931713,663762
392,224.256,0.931713,677785
393,224.256,0.931713,656215
394,224.256,0.931713,655710
395,223.736,0.931713,649693
396,223.736,0.931713,678287
397,222.019,0.925926,655712
398,221.914,0.931134,652258
399,221.914,0.931134,681297
400,219.639,0.921875,654709
401,219.639,0.921875,652701
402,219.639,0.921875,651698
403,219.639,0.921875,653724
404,219.081,0.92419,652752
405,219.081,0.92419,684306
406,216.432,0.928241,649726
407,216.432,0.928241,648751
408,216.432,0.928241,653706
409,212.554,0.933449,658220
410,212.554,0.933449,649692
411,212.554,0.933449,651274
412,212.554,0.933449,676782
413,212.554,0.933449,652225
414,212.554,0.933449,650191
415,212.554,0.933449,656715
416,212.554,0.933449,650694
417,212.554,0.933449,653203
418,212.554,0.933449,654710
419,212.554,0.933449,650693
420,209.675,0.933449,658723
421,207.73,0.938079,652700
422,207.73,0.938079,664742
423,206.315,0.939236,651698
424,205.054,0.9375,653203
425,205.054,0.9375,651198
426,205.054,0.9375,658218
427,205.054,0.9375,656717
428,205.054,0.9375,649690
429,205.054,0.9375,651700
430,205.054,0.9375,653228
431,205.054,0.9375,681294
432,205.054,0.9375,655713
433,202.183,0.940394,650695
434,202.043,0.938079,650191
435,202.043,0.938079,655713
436,200.261,0.943287,666746
437,198.169,0.935185,681297
438,195.834,0.938079,653203
439,195.834,0.938079,651700
440,195.834,0.938079,652197
441,195.834,0.938079,658218
442,195.834,0.938079,650216
443,195.138,0.946759,660728
444,193.112,0.934028,657280
445,190.457,0.940394,650695
446,190.457,0.940394,655227
447,190.457,0.940394,650191
448,190.457,0.940394,650693
449,190.457,0.940394,651698
450,186.946,0.940972,650695
451,186.946,0.940972,649690
452,186.946,0.940972,654708
453,186.382,0.942708,650696
454,184.794,0.939236,651194
455,184.794,0.939236,653204
456,184.794,0.939236,650193
457,184.794,0.939236,674775
458,183.132,0.940972,650696
459,183.132,0.940972,648755
460,183.132,0.940972,656214
461,183.132,0.940972,654205
462,182.129,0.939815,649187
463,182.129,0.939815,652201
464,182.129,0.939815,652700
465,182.129,0.939815,658220
466,182.129,0.939815,655209
467,182.129,0.939815,669759
468,182.129,0.939815,655212
469,182.129,0.939815,652700
470,182.129,0.939815,655210
471,182.129,0.939815,650249
472,182.129,0.939815,666750
473,182.129,0.939815,650693
474,182.069,0.940394,654206
475,182.069,0.940394,650194
476,180.82,0.94213,655211
477,179.333,0.941551,654230
478,178.913,0.95081,651196
479,178.168,0.936921,654562
480,178.168,0.936921,663237
481,172.549,0.940972,651214
482,172.549,0.940972,649188
483,172.549,0.940972,652199
484,172.549,0.940972,651194
485,172.549,0.940972,653705
486,172.549,0.940972,650696
487,172.549,0.940972,653082
488,172.549,0.940972,650694
489,170.107,0.947338,651698
490,170.107,0.947338,653704
491,170.107,0.947338,650694
492,169.731,0.945602,676279
493,169.731,0.945602,690829
494,169.731,0.945602,679791
495,169.731,0.945602,677284
496,169.178,0.946759,683305
497,169.178,0.946759,678289
498,169.178,0.946759,672769
499,169.178,0.946759,665244
500,169.178,0.946759,650194
501,169.178,0.946759,650695
502,169.178,0.946759,658720
503,169.178,0.946759,656714
504,166.52,0.94213,654708
505,166.52,0.94213,652702
506,165.53,0.945602,674775
507,165.53,0.945602,650801
508,164.217,0.939815,649691
509,164.217,0.939815,670760
510,162.794,0.960069,678288
511,161.504,0.953125,656714
512,161.504,0.953125,652277
513,161.504,0.953125,651698
514,161.411,0.951968,655210
515,161.256,0.952546,654706
516,159.676,0.958333,651196
517,159.473,0.95081,653233
518,159.473,0.95081,649691
519,159.473,0.95081,686816
520,159.134,0.947917,651697
521,158.058,0.950231,651272
522,158.058,0.950231,655209
523,158.058,0.950231,652701
524,157.445,0.949653,650193
525,157.445,0.949653,664743
526,157.445,0.949653,650193
527,157.445,0.949653,656213
528,157.445,0.949653,656212
529,157.445,0.949653,650695
530,157.445,0.949653,668755
531,157.445,0.949653,674775
532,157.445,0.949653,650695
533,155.34,0.957755,659224
534,155.34,0.957755,655210
535,155.34,0.957755,654758
536,155.34,0.957755,651196
537,155.34,0.957755,650193
538,155.34,0.957755,650192
539,155.34,0.957755,653204
540,155.34,0.957755,651696
541,155.34,0.957755,653202
542,154.735,0.956597,649188
543,154.735,0.956597,678287
544,154.449,0.958912,691332
545,154.449,0.958912,656714
546,154.449,0.958912,653706
547,154.449,0.958912,652283
548,154.449,0.958912,653706
549,153.718,0.954861,650192
550,153.718,0.954861,675777
551,153.718,0.954861,650725
552,153.718,0.954861,658220
553,153.718,0.954861,658722
554,153.718,0.954861,651222
555,153.718,0.954861,652199
556,153.718,0.954861,653415
557,153.718,0.954861,658722
558,153.718,0.954861,651210
559,153.718,0.954861,676280
560,153.718,0.954861,649916
561,150.978,0.960069,660835
562,150.978,0.960069,652703
563,150.978,0.960069,651698
564,150.978,0.960069,649691
565,150.881,0.958333,651696
566,150.881,0.958333,655711
567,150.881,0.958333,650194
568,148.791,0.959491,649691
569,148.791,0.959491,652199
570,148.791,0.959491,652199
571,148.791,0.959491,655272
572,148.791,0.959491,652201
573,148.791,0.959491,650211
574,148.791,0.959491,652701
575,148.791,0.959491,676782
576,148.791,0.959491,654206
577,148.791,0.959491,652199
578,148.791,0.959491,652200
579,148.791,0.959491,649689
580,148.791,0.959491,650696
581,147.15,0.961227,654207
582,147.15,0.961227,653703
583,147.15,0.961227,659250
584,147.15,0.961227,654207
585,147.15,0.961227,649691
586,147.15,0.961227,653703
587,147.15,0.961227,651197
588,147.15,0.961227,651197
589,147.038,0.962384,664238
590,146.765,0.956597,652701
591,146.765,0.956597,656716
592,142.601,0.957176,674774
593,142.601,0.957176,649692
594,142.601,0.957176,651699
595,141.549,0.958333,652714
596,141.549,0.958333,660289
597,141.314,0.956597,650209
598,141.314,0.956597,651194
599,141.314,0.956597,654709
600,141.314,0.956597,673770
601,141.314,0.956597,650694
602,139.724,0.960069,650696
603,139.724,0.960069,651697
604,139.724,0.960069,652700
605,139.724,0.960069,655210
606,139.724,0.960069,658722
607,139.724,0.960069,651196
608,137.004,0.957176,652199
609,137.004,0.957176,650194
610,137.004,0.957176,673773
611,137.004,0.957176,678790
612,136.253,0.962384,663235
613,136.253,0.962384,655209
614,136.253,0.962384,651196
615,134.665,0.962963,682801
616,134.665,0.962963,677284
617,134.665,0.962963,665245
618,134.665,0.962963,650693
619,134.665,0.962963,650696
620,134.665,0.962963,652199
621,134.665,0.962963,686816
622,134.665,0.962963,687819
623,134.665,0.962963,674274
624,134.665,0.962963,652703
625,134.665,0.962963,655709
626,134.408,0.960648,653705
627,132.55,0.962384,655713
628,131.064,0.965278,668753
629,131.064,0.965278,651195
630,131.064,0.965278,651700
631,130.896,0.960069,650192
632,130.896,0.960069,650694
633,130.896,0.960069,651195
634,130.536,0.962963,662320
635,129.791,0.962963,651719
636,129.791,0.962963,652200
637,129.791,0.962963,660728
638,129.791,0.962963,652703
639,129.791,0.962963,652200
640,129.791,0.962963,653704
641,129.791,0.962963,649213
642,129.791,0.962963,650194
643,129.791,0.962963,667753
644,125.218,0.966435,651723
645,125.218,0.966435,651726
646,125.218,0.966435,649190
647,125.218,0.966435,651196
648,125.218,0.966435,653201
649,125.218,0.966435,650696
650,125.218,0.966435,650693
651,125.218,0.966435,650693
652,125.218,0.966435,650193
653,125.218,0.966435,654708
654,125.171,0.966435,652199
655,124.023,0.971644,650193
656,124.023,0.971644,655209
657,124.023,0.971644,650192
658,123.873,0.966435,649691
659,121.706,0.965856,649728
660,121.706,0.965856,651699
661,121.706,0.965856,652701
662,121.706,0.965856,653706
663,121.706,0.965856,653703
664,121.706,0.965856,656716
665,121.706,0.965856,649691
666,121.706,0.965856,654737
667,121.706,0.965856,650192
668,121.706,0.965856,650697
669,121.661,0.971065,651196
670,120.641,0.969329,657718
671,120.641,0.969329,656716
672,120.641,0.969329,659221
673,120.641,0.969329,652199
674,120.641,0.969329,654207
675,120.641,0.969329,652701
676,120.641,0.969329,656742
677,120.641,0.969329,655712
678,120.641,0.969329,660228
679,120.641,0.969329,650694
680,120.641,0.969329,651698
681,120.641,0.969329,650694
682,120.641,0.969329,650194
683,119.333,0.970486,651198
684,119.333,0.970486,654206
685,119.333,0.970486,650696
686,119.333,0.970486,648746
687,119.333,0.970486,652699
688,115.467,0.974537,653474
689,115.467,0.974537,647182
690,115.467,0.974537,649691
691,115.467,0.974537,650193
692,115.467,0.974537,650195
693,115.467,0.974537,659221
694,115.467,0.974537,653706
695,115.467,0.974537,649690
696,115.467,0.974537,653704
697,114.543,0.974537,650195
698,114.543,0.974537,651194
699,114.543,0.974537,650195
700,114.543,0.974537,678288
701,114.543,0.974537,650219
702,114.543,0.974537,650193
703,114.543,0.974537,650692
704,114.543,0.974537,679290
705,114.543,0.974537,654208
706,114.543,0.974537,660728
707,114.543,0.974537,664742
708,114.543,0.974537,663234
709,114.543,0.974537,651698
710,114.543,0.974537,653706
711,114.543,0.974537,678286
712,114.543,0.974537,675277
713,114.543,0.974537,649764
714,112.885,0.974537,683806
715,112.885,0.974537,680794
716,112.885,0.974537,658221
717,112.07,0.968171,653203
718,111.446,0.97338,649191
719,111.446,0.97338,651738
720,111.446,0.97338,684808
721,111.446,0.97338,655210
722,111.446,0.97338,656215
723,111.446,0.97338,652198
724,111.446,0.97338,650194
725,111.446,0.97338,654707
726,108.995,0.976273,657216
727,108.995,0.976273,654208
728,107.936,0.977431,651219
729,106.725,0.974537,654206
730,106.153,0.97338,655211
731,106.153,0.97338,675779
732,106.153,0.97338,653203
733,105.641,0.975116,656740
734,105.641,0.975116,660730
735,105.641,0.975116,650890
736,105.641,0.975116,653203
737,105.641,0.975116,655274
738,105.641,0.975116,651231
739,105.641,0.975116,650696
740,105.641,0.975116,650222
741,105.641,0.975116,657215
742,105.641,0.975116,652200
743,105.641,0.975116,650194
744,105.641,0.975116,649692
745,105.641,0.975116,649691
746,105.641,0.975116,654055
747,105.641,0.975116,650693
748,105.641,0.975116,650194
749,105.641,0.975116,649690
750,105.641,0.975116,653202
751,105.641,0.975116,668251
752,105.641,0.975116,655711
753,104.032,0.973958,651699
754,104.032,0.973958,650695
755,104.032,0.973958,650191
756,103.637,0.971644,651700
757,103.637,0.971644,667251
758,103.637,0.971644,655209
759,103.637,0.971644,661277
760,103.637,0.971644,650193
761,103.637,0.971644,650192
762,103.637,0.971644,650694
763,102.721,0.974537,650239
764,102.721,0.974537,656213
765,102.721,0.974537,650194
766,102.721,0.974537,653705
767,102.721,0.974537,652198
768,102.721,0.974537,652201
769,102.721,0.974537,655210
770,102.721,0.974537,653545
771,102.721,0.974537,657216
772,102.721,0.974537,649189
773,102.721,0.974537,652703
774,102.721,0.974537,650194
775,102.721,0.974537,652199
776,102.721,0.974537,650193
777,102.721,0.974537,652701
778,102.721,0.974537,654230
779,102.721,0.974537,674774
780,102.721,0.974537,650695
781,102.721,0.974537,652200
782,102.721,0.974537,653705
783,102.721,0.974537,651218
784,102.721,0.974537,692834
785,102.721,0.974537,651697
786,102.721,0.974537,653704
787,102.721,0.974537,654708
788,102.425,0.973958,656715
789,102.365,0.96875,653702
790,102.365,0.96875,650193
791,102.365,0.96875,651197
792,102.365,0.96875,670760
793,102.365,0.96875,681799
794,102.365,0.96875,682803
795,102.365,0.96875,677785
796,102.365,0.96875,672267
797,102.365,0.96875,663236
798,102.365,0.96875,651697
799,102.365,0.96875,654730
800,102.365,0.96875,677784
801,102.365,0.96875,657218
802,102.365,0.96875,655710
803,102.365,0.96875,669255
804,102.365,0.96875,668755
805,102.365,0.96875,653726
806,102.365,0.96875,666748
807,102.365,0.96875,661231
808,102.365,0.96875,650192
809,102.365,0.96875,667251
810,102.365,0.96875,652201
811,102.365,0.96875,651697
812,102.365,0.96875,649715
813,102.365,0.96875,650193
814,102.277,0.968171,668754
815,101.422,0.96875,652730
816,101.422,0.96875,654725
817,101.422,0.96875,655713
818,99.7836,0.971065,651737
819,99.7836,0.971065,651955
820,99.7836,0.971065,657232
821,99.7836,0.971065,656716
822,99.7836,0.971065,656104
823,99.7836,0.971065,653228
824,99.7836,0.971065,657720
825,99.7836,0.971065,654011
826,99.7836,0.971065,655248
827,99.7836,0.971065,650693
828,99.7836,0.971065,655210
829,99.7836,0.971065,651195
830,99.7836,0.971065,676281
831,99.7836,0.971065,652699
832,99.7836,0.971065,649689
833,99.7836,0.971065,656715
834,96.8851,0.972801,649213
835,96.8851,0.972801,666750
836,96.8851,0.972801,670261
837,96.8851,0.972801,660730
838,96.8851,0.972801,675777
839,96.8851,0.972801,651735
840,96.8851,0.972801,652199
841,96.8851,0.972801,652199
842,96.8851,0.972801,651215
843,96.8851,0.972801,649188
844,96.8851,0.972801,648711
845,96.8851,0.972801,654710
846,96.8851,0.972801,650191
847,96.5896,0.975694,653706
848,96.5896,0.975694,652701
849,96.5896,0.975694,650696
850,96.5896,0.975694,650693
851,96.5896,0.975694,650118
852,95.6184,0.974537,671766
853,95.6184,0.974537,651698
854,95.6184,0.974537,654254
855,95.6184,0.974537,650716
856,95.6184,0.974537,649189
857,95.6184,0.974537,652199
858,95.3717,0.977431,653705
859,95.3717,0.977431,657718
860,95.3717,0.977431,652197
861,94.8566,0.977431,651698
862,94.8566,0.977431,652703
863,94.8566,0.977431,651746
864,94.8566,0.977431,650194
865,94.5729,0.975694,653753
866,94.5375,0.976273,649690
867,94.5375,0.976273,680796
868,94.5375,0.976273,650695
869,94.5375,0.976273,680294
870,94.5375,0.976273,656213
871,94.5375,0.976273,650191
872,94.5375,0.976273,652727
873,94.5375,0.976273,675778
874,94.5375,0.976273,652199
875,94.5375,0.976273,650760
876,94.5286,0.975694,650694
877,94.5286,0.975694,656716
878,94.5286,0.975694,651195
879,94.5286,0.975694,654208
880,94.1603,0.978009,653705
881,94.1603,0.978009,656714
882,94.1603,0.978009,660228
883,94.1603,0.978009,649710
884,94.1603,0.978009,652201
885,94.1603,0.978009,651696
886,94.1603,0.978009,651196
887,94.1603,0.978009,650728
888,94.1603,0.978009,655228
889,94.1603,0.978009,659221
890,94.1603,0.978009,653223
891,93.9031,0.977431,650231
892,93.9031,0.977431,656215
893,93.9031,0.977431,655208
894,93.9031,0.977431,650194
895,93.9031,0.977431,680291
896,93.9031,0.977431,660228
897,92.5924,0.978588,666748
898,92.5924,0.978588,670762
899,92.5924,0.978588,657244
900,92.5924,0.978588,652199
901,92.5924,0.978588,677784
902,92.5924,0.978588,649692
903,92.5924,0.978588,652199
904,92.5924,0.978588,672265
905,92.5924,0.978588,649774
906,92.5924,0.978588,653704
907,92.5924,0.978588,670259
908,92.5924,0.978588,680294
909,92.5924,0.978588,650193
910,92.5924,0.978588,650192
911,92.5924,0.978588,654205
912,92.384,0.978588,651197
913,92.3767,0.976852,652199
914,92.3767,0.976852,653201
915,92.3767,0.976852,650195
916,92.3767,0.976852,651696
917,92.3767,0.976852,653204
918,92.3767,0.976852,657313
919,92.3767,0.976852,651699
920,92.3767,0.976852,649689
921,92.3767,0.976852,651198
922,92.3767,0.976852,681297
923,92.3767,0.976852,650193
924,92.3767,0.976852,684306
925,92.3767,0.976852,684809
926,92.3767,0.976852,691833
927,92.3767,0.976852,653741
928,92.3767,0.976852,651518
929,92.3767,0.976852,649692
930,92.3767,0.976852,654204
931,92.3767,0.976852,650230
932,92.3767,0.976852,657215
933,92.3767,0.976852,690326
934,92.3234,0.979167,684808
935,92.3234,0.979167,657218
936,91.1426,0.979167,650695
937,91.1426,0.979167,657762
938,91.1426,0.979167,649189
939,91.1426,0.979167,650596
940,91.1426,0.979167,652222
941,91.1426,0.979167,652199
942,91.1426,0.979167,657216
943,91.1426,0.979167,654206
944,90.8705,0.978009,652201
945,90.8705,0.978009,658722
946,90.8705,0.978009,650267
947,90.1164,0.978588,675278
948,90.1164,0.978588,676282
949,90.1164,0.978588,655715
950,90.1164,0.978588,650696
951,90.1164,0.978588,650693
952,90.1164,0.978588,676782
953,90.1164,0.978588,688822
954,90.1164,0.978588,681299
955,90.1164,0.978588,650695
956,90.1164,0.978588,653026
957,90.1164,0.978588,656267
958,90.1164,0.978588,650765
959,90.1164,0.978588,656212
960,89.7807,0.979167,651196
961,89.7807,0.979167,654204
962,89.7807,0.979167,651699
963,89.7807,0.979167,651698
964,89.7807,0.979167,654708
965,89.7807,0.979167,657217
966,89.7807,0.979167,653702
967,89.7807,0.979167,653202
968,89.7807,0.979167,653704
969,89.7807,0.979167,651698
970,89.7807,0.979167,653704
971,89.7807,0.979167,650194
972,89.7807,0.979167,649573
973,89.7807,0.979167,653203
974,89.7807,0.979167,655209
975,89.7807,0.979167,650694
976,89.7807,0.979167,655711
977,89.7807,0.979167,650692
978,89.7807,0.979167,657736
979,89.7807,0.979167,652200
980,89.7807,0.979167,652201
981,89.7807,0.979167,653202
982,89.7807,0.979167,651217
983,89.7807,0.979167,654732
984,89.7807,0.979167,650194
985,89.7807,0.979167,656736
986,89.7807,0.979167,650194
987,89.7807,0.979167,649856
988,89.7807,0.979167,653203
989,89.7807,0.979167,649187
990,89.7807,0.979167,650193
991,89.7807,0.979167,650193
992,89.7807,0.979167,650193
993,89.7807,0.979167,652727
994,89.7807,0.979167,654206
995,89.7807,0.979167,657229
996,89.7807,0.979167,660227
997,89.7807,0.979167,650741
998,89.7807,0.979167,653704
999,89.7807,0.979167,651697
Done! Press enter to close the program.
