Normalizing data...
Randomizing order of the data...
Creating Neural Network (21, 13, 4)
Current weights set to:
0.0929624, -0.0871273, -0.0180151, 0.0645619, 0.0177343, 0.0436934, -0.0551805, 0.098114, -0.0127354, 0.0155858, -0.0853877, -0.0486007, 0.0819147, -0.059685, -0.00237739, 0.0811884, -0.0950194, -0.012656, 0.0472701, -0.0582812, -0.0499435, 0.00690634, 0.0199561, 0.0424177, 0.053032, 0.0988159, 0.0937254, -0.0831782, -0.089758, -0.0168676, -0.0189184, -0.0908383, -0.0561937, -0.0708243, -0.0328043, -0.0152806, 0.0955016, 0.0988342, -0.0952269, 0.0702689, 0.0303751, 0.06068, 0.0967589, -0.0691275, -0.0685598, -0.0689749, 0.0982421, 0.0892697, -0.0334147, 0.0981445, -0.0312906, -0.00599689, 0.00896939, -0.0140355, 0.00599689, -0.0572558, 0.0922727, 0.0135044, 0.0930357, -0.0331462, -0.0181249, 0.00616169, 0.0888241, -0.0164342, -0.0566332, 0.0153417, -0.00524003, 0.0219764, 0.0895322, 0.00240791, -0.072393, 0.0291543, -0.0129002, -0.0565783, 0.0303873, 0.0625172, -0.0954649, 0.0108066, -0.0476791, -0.0251808, -0.0178991, -0.0117954, 0.0293008, -0.00201117, -0.0946287, -0.0251808, -0.00412915, -0.0680166, -0.0363872, -0.0645985, -0.0398358, -0.0549425, 0.0740715, -0.0477218, 0.0730094, 0.0915159, 0.0536119, -0.0645131, 0.0223304, -0.0466597, -0.081164, 0.0474471, -0.0157201, -0.0880612, 0.0959716, -0.00175481, -0.0377667, 0.0561449, -0.0782525, 0.0679983, -0.0551073, 0.0328166, -0.0833796, 0.0122776, 0.014835, 0.0462935, 0.0113926, -0.0929014, 0.0386395, -0.0870785, 0.00870693, 0.0895688, 0.0699759, -0.0231239, 0.0605029, 0.0504379, 0.0967833, -0.00639363, 0.0427412, 0.0349834, 0.0638295, -0.0129429, 0.0086581, 0.00820032, 0.00198065, -0.0129673, 0.00176092, -0.0591845, -0.00472121, 0.0528245, 0.00989105, 0.0721732, 0.0172094, 0.0894711, -0.0585192, -0.0936644, -0.0326579, 0.0627979, 0.00538652, -0.00228584, -0.0603687, -0.0804254, -0.024546, 0.0822871, 0.0535691, 0.0189978, -0.0788873, 0.0108432, 0.079516, -0.0183081, 0.085229, 0.0404218, -0.0105747, -0.0373699, 0.0904843, -0.0597949, 0.0641591, 0.0540819, -0.044499, 0.0680715, 0.088757, 0.0248695, -0.0979919, 0.0741691, 0.0667837, -0.0977477, 0.0342692, -0.0123753, -0.0148717, 0.00262764, 0.071984, -0.0572008, 0.0604175, -0.082757, 0.0180029, -0.0988952, -0.00171209, 0.0593616, -0.0579272, 0.0249428, 0.0968566, 0.0788629, -0.0382183, 0.0596789, -0.0744743, -0.0491867, 0.00206, -0.0197851, 0.0105136, 0.0439985, 0.0144627, 0.0581713, 0.0581286, -0.0241615, 0.0374248, 0.00605182, -0.0526414, -0.0401044, -0.0211707, -0.0453719, 0.022721, 0.0521653, -0.0979614, -0.0802606, -0.0811823, 0.00245674, 0.0967589, -0.0851619, 0.0477462, -0.0828547, -0.0841792, -0.03455, -0.0193213, 0.0394696, 0.0593677, -0.0181372, 0.0548143, 0.0536058, 0.0873898, -0.0537461, 0.0369854, 0.0189428, 0.0421735, -0.0294534, -0.0248695, -0.0594409, -0.038316, 0.0811701, 0.0689627, 0.0823664, -0.0347575, 0.0870846, 0.0909238, 0.0290262, 0.0926939, -0.0128086, -0.0110874, 0.00298776, -0.0216346, 0.0735282, 0.00179754, 0.0428083, -0.0589587, -0.0136814, -0.0808832, -0.0509018, -0.0288064, 0.0773309, 0.0161901, 0.00426344, -0.00329905, -0.0624134, 0.0957762, -0.0276772, -0.0916013, 0.0458663, -0.0322489, -0.0149144, -0.0734062, -0.00590533, -0.00215766, 0.0208777, -0.0101535, 0.04597, 0.0567675, -0.0178991, -0.0527085, 0.0850398, -0.0989929, 0.0778802, 0.035728, -0.0915342, -0.0834651, -0.0819758, 0.02266, -0.0772454, 0.0565722, 0.0246071, 0.0967284, -0.00230415, -0.0951842, -0.0327189, 0.0865047, -0.0652699, 0.0953307, 0.0287942, 0.0891842, -0.0939451, 0.0202063, 0.00673544, 0.0902158, -0.0793451, 0.0565172, 0.0579089, 0.0552355, 0.0735343, 0.0435469, -0.0084933, 0.0754753, 0.0344279, 0.0416974, -0.0825922, 0.0479904, -0.0677969, -0.0956725, 0.0557482, 0.0718619, 0.0912168, 0.0936644, 0.0140843, 0.0416791, -0.0241798, 0.0721305, -0.0615833, 0.0195288, -0.000540178, -0.0996521, 0.0442732, 0.0667837, -0.0457015, -0.027018, -0.0659291, -0.0831538, -0.0820673, -0.0762566, 0.0071688, -0.0297647, -0.00674764, 0.0307962, -0.0313761, -0.00690023, -0.0622547, -0.0462142, -0.0568834, 0.000564592, 0.0385479, -0.0662343, 0.000155644, -0.0939268, 0.0893979, 0.0872799, -0.00312204, 0.018009, 0.0258217, -0.0742241, -0.055327, -0.0352214, 0.0747856, -0.0682241, 0.00590533, -0.0702689, -0.0249977, -0.0771966,


Starting training using GA on Car Evaluation Set
Press enter to start the training.

0,1378.14,0.700231,699610
1,1378.14,0.700231,656952
2,1291.3,0.700231,701201
3,1248.09,0.700231,659747
4,1088.08,0.700231,679855
5,1088.08,0.700231,667351
6,1071.31,0.700231,691855
7,1026.03,0.700231,689414
8,973.321,0.700231,692445
9,958.268,0.700231,706575
10,933.822,0.700231,687436
11,902.989,0.700231,670553
12,902.989,0.700231,691620
13,868.491,0.700231,697493
14,859.972,0.700231,700027
15,838.051,0.700231,702133
16,829.361,0.700231,676089
17,803.275,0.700231,685294
18,801.986,0.700231,667849
19,794.486,0.700231,686846
20,786.183,0.700231,680870
21,785.685,0.700231,699311
22,779.745,0.700231,675363
23,763.333,0.700231,711948
24,763.333,0.700231,662973
25,763.333,0.700231,658378
26,759.866,0.700231,655781
27,748.518,0.700231,657350
28,737.58,0.700231,699545
29,737.58,0.700231,690691
30,737.58,0.700231,694991
31,731.366,0.700231,698058
32,722.483,0.700231,654919
33,722.483,0.700231,673901
34,721.631,0.700231,697825
35,715.814,0.700231,687960
36,695.138,0.700231,693060
37,695.138,0.700231,695881
38,695.138,0.700231,663763
39,693.055,0.700231,664789
40,692.857,0.700231,691792
41,682.613,0.700231,677530
42,682.613,0.700231,685190
43,673.171,0.700231,688032
44,668.852,0.700231,697619
45,650.921,0.700231,654800
46,650.921,0.700231,657497
47,649.633,0.700231,686446
48,644.802,0.700231,685036
49,644.758,0.700231,696436
50,634.627,0.70081,689948
51,632.265,0.700231,661852
52,619.915,0.70081,662784
53,608.022,0.752315,658720
54,608.022,0.752315,654757
55,595.94,0.701968,683732
56,595.94,0.701968,690582
57,594.522,0.703704,655754
58,594.023,0.70081,655801
59,585.874,0.712963,685354
60,577.742,0.728588,695838
61,577.742,0.728588,670585
62,577.742,0.728588,658814
63,577.742,0.728588,655022
64,565.873,0.733218,689325
65,565.873,0.733218,682878
66,557.068,0.746528,676896
67,542.45,0.782407,657510
68,531.053,0.79919,698180
69,531.053,0.79919,682531
70,525.432,0.771412,740526
71,520.175,0.803241,698299
72,520.175,0.803241,668413
73,520.175,0.803241,703245
74,518.766,0.780671,706090
75,507.704,0.802662,695075
76,507.704,0.802662,658257
77,501.926,0.804977,694124
78,498.956,0.811921,677614
79,498.956,0.811921,679916
80,496.964,0.824653,692390
81,491.683,0.823495,667273
82,477.468,0.821759,654113
83,477.468,0.821759,654812
84,460.827,0.818866,695113
85,460.827,0.818866,655357
86,460.827,0.818866,660535
87,457.307,0.828704,655275
88,457.307,0.828704,663433
89,456.037,0.821759,686623
90,453.261,0.820023,660867
91,453.179,0.836227,687016
92,453.179,0.836227,693101
93,450.746,0.820602,685384
94,449.537,0.846065,655373
95,449.537,0.846065,685595
96,447.817,0.836806,654776
97,447.817,0.836806,658841
98,447.817,0.836806,659398
99,435.752,0.841435,691978
100,435.752,0.841435,693461
101,435.752,0.841435,690396
102,435.752,0.841435,669786
103,431.635,0.823495,697421
104,426.082,0.831019,700481
105,426.082,0.831019,697455
106,426.019,0.83912,655434
107,424.449,0.848958,703556
108,424.049,0.850116,675852
109,421.306,0.837963,665774
110,421.306,0.837963,693312
111,421.306,0.837963,685463
112,421.306,0.837963,655949
113,421.306,0.837963,690899
114,419.39,0.841435,697062
115,419.39,0.841435,666857
116,412.667,0.844329,680061
117,407.968,0.847801,688394
118,407.968,0.847801,693673
119,407.968,0.847801,680242
120,407.968,0.847801,688361
121,402.885,0.854167,683979
122,402.623,0.847222,663786
123,402.069,0.84838,678939
124,402.069,0.84838,689919
125,401.03,0.851852,684603
126,401.03,0.851852,655813
127,393.961,0.854745,690960
128,393.118,0.856481,678216
129,393.118,0.856481,680003
130,390.427,0.849537,662780
131,390.393,0.866319,690554
132,390.393,0.866319,696329
133,388.804,0.850116,662338
134,388.198,0.866319,692440
135,388.198,0.866319,683409
136,386.929,0.853588,698678
137,386.929,0.853588,664510
138,386.929,0.853588,707187
139,384.107,0.859375,697018
140,384.107,0.859375,687339
141,381.949,0.865162,695441
142,381.817,0.872685,700718
143,381.817,0.872685,687908
144,380.028,0.865741,696061
145,380.028,0.865741,686987
146,378.019,0.871528,654488
147,372.307,0.873264,689558
148,372.307,0.873264,681929
149,372.307,0.873264,694407
150,372.307,0.873264,674156
151,372.307,0.873264,660085
152,370.584,0.867477,654947
153,369.347,0.869792,665773
154,369.347,0.869792,659358
155,369.125,0.872685,675953
156,368.133,0.871528,661300
157,368.133,0.871528,686549
158,368.133,0.871528,666437
159,365.734,0.870949,690019
160,365.734,0.870949,701499
161,365.734,0.870949,707040
162,365.734,0.870949,693364
163,365.734,0.870949,686357
164,365.734,0.870949,673317
165,363.043,0.873264,658223
166,363.043,0.873264,676051
167,361.354,0.873843,661807
168,359.193,0.87037,695408
169,359.193,0.87037,690719
170,359.193,0.87037,680937
171,359.193,0.87037,692034
172,358.299,0.873264,663795
173,358.299,0.873264,678367
174,358.299,0.873264,680695
175,358.299,0.873264,688363
176,357.331,0.876157,688911
177,357.331,0.876157,684375
178,356.905,0.865162,691414
179,356.619,0.872685,660118
180,356.326,0.86169,691947
181,356.326,0.86169,689567
182,356.326,0.86169,654857
183,355.407,0.870949,670227
184,355.407,0.870949,666098
185,355.407,0.870949,669061
186,352.842,0.868056,659781
187,352.842,0.868056,655875
188,352.842,0.868056,668818
189,352.842,0.868056,662277
190,352.842,0.868056,657295
191,352.842,0.868056,683206
192,352.842,0.868056,661977
193,352.842,0.868056,694452
194,352.842,0.868056,666247
195,352.842,0.868056,662814
196,352.842,0.868056,661294
197,352.842,0.868056,667376
198,352.842,0.868056,664742
199,351.761,0.865741,662890
200,351.761,0.865741,661330
201,351.761,0.865741,656762
202,348.836,0.868634,691763
203,348.836,0.868634,690747
204,348.836,0.868634,687765
205,347.275,0.864583,672813
206,347.275,0.864583,654777
207,347.275,0.864583,662833
208,345.601,0.868634,682297
209,345.601,0.868634,695301
210,343.173,0.867477,694480
211,343.173,0.867477,656894
212,341.544,0.874421,671143
213,341.47,0.87037,704193
214,341.47,0.87037,681980
215,336.823,0.87037,654263
216,336.823,0.87037,692760
217,336.823,0.87037,695641
218,336.823,0.87037,683487
219,335.091,0.87037,657944
220,335.091,0.87037,689438
221,335.025,0.87037,672014
222,335.025,0.87037,689469
223,332.78,0.857639,659756
224,329.412,0.868056,654241
225,329.412,0.868056,656728
226,329.412,0.868056,696447
227,329.412,0.868056,662736
228,329.412,0.868056,678975
229,329.412,0.868056,663799
230,328.727,0.867477,655196
231,327.197,0.865741,678430
232,327.197,0.865741,686880
233,327.197,0.865741,688911
234,327.197,0.865741,691906
235,325.697,0.862847,656440
236,325.697,0.862847,657537
237,325.697,0.862847,689532
238,325.697,0.862847,664272
239,325.697,0.862847,687942
240,325.142,0.865162,689826
241,325.142,0.865162,668334
242,324.953,0.867477,680964
243,324.953,0.867477,655814
244,324.953,0.867477,682855
245,323.277,0.87037,687911
246,322.57,0.873264,667079
247,320.378,0.87037,665788
248,320.378,0.87037,658268
249,318.049,0.870949,685471
250,315.147,0.873843,657756
251,315.147,0.873843,682348
252,315.147,0.873843,676378
253,315.147,0.873843,689471
254,308.026,0.876736,688931
255,308.026,0.876736,675008
256,308.026,0.876736,662200
257,308.026,0.876736,683365
258,308.026,0.876736,689553
259,308.026,0.876736,685376
260,304.387,0.875579,686135
261,304.387,0.875579,690087
262,304.387,0.875579,657317
263,300.989,0.882523,680640
264,298.938,0.874421,677334
265,297.744,0.878472,675796
266,297.744,0.878472,692277
267,296.112,0.881944,683143
268,296.112,0.881944,684478
269,296.112,0.881944,679402
270,296.029,0.879051,654273
271,296.029,0.879051,665853
272,293.722,0.877894,686907
273,293.722,0.877894,697455
274,293.471,0.881366,687433
275,292.735,0.881944,692941
276,292.735,0.881944,663608
277,292.252,0.878472,683929
278,291.397,0.87963,668322
279,291.397,0.87963,668366
280,291.254,0.880208,682950
281,288.114,0.883681,689870
282,288.114,0.883681,680350
283,288.114,0.883681,686365
284,288.114,0.883681,683575
285,288.114,0.883681,678387
286,288.114,0.883681,670786
287,288.114,0.883681,659248
288,288.102,0.887731,691962
289,287.75,0.880787,686460
290,287.59,0.887153,689414
291,286.692,0.886574,678903
292,285.214,0.885417,669301
293,285.214,0.885417,666366
294,285.214,0.885417,676254
295,284.734,0.884838,654783
296,284.734,0.884838,682383
297,284.734,0.884838,688387
298,284.734,0.884838,679948
299,284.629,0.889468,684525
300,282.688,0.886574,665745
301,282.688,0.886574,672317
302,282.688,0.886574,656716
303,282.11,0.884259,683485
304,282.11,0.884259,678836
305,281.923,0.888889,683878
306,279.537,0.880208,655052
307,277.044,0.879051,679980
308,277.044,0.879051,685689
309,275.272,0.891204,689965
310,275.272,0.891204,682467
311,275.272,0.891204,691401
312,275.272,0.891204,684622
313,274.708,0.891782,659748
314,272.439,0.888889,690039
315,272.114,0.891782,684466
316,272.114,0.891782,692158
317,272.114,0.891782,691244
318,272.114,0.891782,676787
319,268.8,0.894676,655907
320,268.8,0.894676,687637
321,264.143,0.896412,690421
322,264.143,0.896412,699479
323,263.061,0.895833,684248
324,263.061,0.895833,667941
325,263.061,0.895833,685766
326,263.061,0.895833,673294
327,261.428,0.895833,666247
328,261.428,0.895833,687820
329,261.428,0.895833,684424
330,259.026,0.899884,689897
331,257.65,0.893519,682392
332,257.65,0.893519,681220
333,256.8,0.904514,669375
334,256.8,0.904514,660622
335,255.035,0.899306,678475
336,255.035,0.899306,683605
337,255.035,0.899306,678573
338,255.035,0.899306,689881
339,255.035,0.899306,676648
340,255.035,0.899306,685471
341,254.08,0.896412,687438
342,252.292,0.898148,686783
343,252.292,0.898148,690598
344,252.292,0.898148,685951
345,252.292,0.898148,683548
346,252.031,0.901042,681325
347,247.928,0.902778,653824
348,247.928,0.902778,661279
349,247.928,0.902778,682452
350,247.664,0.910301,686488
351,247.664,0.910301,687475
352,247.664,0.910301,687478
353,247.136,0.895255,682420
354,247.136,0.895255,678016
355,246.548,0.902199,658247
356,246.051,0.901042,681429
357,241.89,0.901042,681447
358,241.89,0.901042,690427
359,241.89,0.901042,681025
360,241.89,0.901042,658261
361,241.89,0.901042,661252
362,241.89,0.901042,687127
363,241.01,0.910301,675865
364,240.702,0.900463,660727
365,238.853,0.912616,682360
366,238.853,0.912616,678889
367,238.853,0.912616,676381
368,238.853,0.912616,656718
369,235.732,0.905093,670356
370,235.732,0.905093,658220
371,235.046,0.914352,694030
372,232.329,0.911458,692759
373,232.329,0.911458,688932
374,231.957,0.91088,689010
375,231.957,0.91088,658269
376,231.957,0.91088,656185
377,231.957,0.91088,678459
378,229.775,0.907986,683374
379,229.775,0.907986,657349
380,229.775,0.907986,686926
381,228.369,0.909722,691579
382,228.369,0.909722,657416
383,228.034,0.910301,655496
384,228.034,0.910301,657793
385,228.034,0.910301,679480
386,228.034,0.910301,678367
387,227.638,0.913194,695460
388,227.638,0.913194,686398
389,227.638,0.913194,671859
390,226.916,0.905671,673619
391,226.916,0.905671,655279
392,226.916,0.905671,680907
393,225.405,0.912616,688640
394,225.405,0.912616,687128
395,225.405,0.912616,678836
396,225.103,0.911458,660795
397,224.708,0.912616,663741
398,223.239,0.918981,659786
399,221.385,0.920139,684990
400,221.385,0.920139,693935
401,221.385,0.920139,688370
402,221.385,0.920139,662261
403,220.567,0.916088,673340
404,219.648,0.915509,658771
405,216.423,0.922454,657353
406,216.423,0.922454,654185
407,216.423,0.922454,663238
408,216.423,0.922454,688845
409,216.423,0.922454,685305
410,216.423,0.922454,686414
411,216.423,0.922454,658289
412,216.423,0.922454,670312
413,216.423,0.922454,676420
414,216.423,0.922454,693902
415,214.572,0.920718,688268
416,214.572,0.920718,690465
417,214.572,0.920718,689918
418,213.359,0.924769,655371
419,213.359,0.924769,685022
420,213.359,0.924769,653377
421,213.359,0.924769,682737
422,213.152,0.920718,673962
423,213.152,0.920718,672412
424,211.796,0.922454,691998
425,211.796,0.922454,670856
426,211.33,0.921875,679464
427,209.655,0.920139,684900
428,209.655,0.920139,680941
429,209.655,0.920139,684557
430,209.655,0.920139,676515
431,207.203,0.927083,683431
432,207.203,0.927083,668285
433,205.765,0.924769,680908
434,205.11,0.926505,693532
435,204.638,0.93287,690417
436,204.638,0.93287,678720
437,204.638,0.93287,688414
438,204.638,0.93287,681984
439,204.638,0.93287,667374
440,201.549,0.928819,659823
441,201.549,0.928819,684970
442,200.514,0.931134,687346
443,196.694,0.934606,677831
444,196.694,0.934606,683917
445,196.694,0.934606,653948
446,196.694,0.934606,658723
447,196.694,0.934606,652806
448,196.694,0.934606,658924
449,196.694,0.934606,653824
450,196.694,0.934606,683414
451,195.984,0.938079,686411
452,195.984,0.938079,680044
453,195.199,0.927662,660773
454,194.31,0.931713,670839
455,194.31,0.931713,689418
456,193.83,0.934606,675841
457,193.83,0.934606,686864
458,193.59,0.93287,690957
459,188.684,0.942708,664264
460,188.684,0.942708,676427
461,188.684,0.942708,683376
462,188.684,0.942708,688896
463,188.684,0.942708,687481
464,188.684,0.942708,692484
465,188.684,0.942708,671818
466,188.684,0.942708,660299
467,188.684,0.942708,670109
468,188.684,0.942708,677840
469,188.684,0.942708,676391
470,188.684,0.942708,686411
471,188.684,0.942708,688160
472,188.684,0.942708,688926
473,188.684,0.942708,663544
474,188.684,0.942708,674901
475,187.991,0.942708,652864
476,187.991,0.942708,692885
477,187.991,0.942708,676393
478,186.271,0.942708,681911
479,186.271,0.942708,678872
480,186.271,0.942708,657743
481,186.271,0.942708,670883
482,186.271,0.942708,654896
483,185.872,0.939815,683935
484,185.872,0.939815,686041
485,185.117,0.9375,687434
486,185.117,0.9375,680356
487,185.117,0.9375,684428
488,185.117,0.9375,657304
489,185.117,0.9375,657742
490,185.117,0.9375,683962
491,185.117,0.9375,680887
492,184.324,0.949074,662735
493,184.324,0.949074,677331
494,184.324,0.949074,695098
495,184.324,0.949074,688401
496,184.324,0.949074,693727
497,184.324,0.949074,689400
498,184.324,0.949074,685553
499,184.324,0.949074,684952
500,184.324,0.949074,679496
501,184.324,0.949074,680964
502,184.324,0.949074,654285
503,184.324,0.949074,682851
504,182.978,0.944444,681343
505,182.978,0.944444,686924
506,182.978,0.944444,684914
507,182.978,0.944444,678893
508,182.978,0.944444,686475
509,182.978,0.944444,674172
510,182.978,0.944444,701305
511,182.978,0.944444,696097
512,182.978,0.944444,699262
513,181.921,0.935185,653864
514,181.921,0.935185,665243
515,181.921,0.935185,692849
516,181.921,0.935185,655914
517,181.921,0.935185,674656
518,181.921,0.935185,674896
519,181.921,0.935185,693546
520,181.921,0.935185,659476
521,181.921,0.935185,654342
522,181.921,0.935185,654517
523,181.921,0.935185,666500
524,181.921,0.935185,662405
525,181.921,0.935185,682838
526,181.921,0.935185,689124
527,181.921,0.935185,657466
528,181.921,0.935185,656040
529,181.921,0.935185,695414
530,179.221,0.931134,675809
531,179.221,0.931134,654868
532,179.221,0.931134,671717
533,179.221,0.931134,685846
534,179.221,0.931134,687707
535,179.221,0.931134,668781
536,178.661,0.933449,689876
537,178.5,0.938657,675424
538,177.608,0.934028,675266
539,177.608,0.934028,696136
540,177.608,0.934028,684605
541,175.067,0.946181,688968
542,175.067,0.946181,659598
543,175.067,0.946181,655867
544,175.067,0.946181,654865
545,175.067,0.946181,686346
546,173.897,0.944444,693490
547,173.897,0.944444,693439
548,173.897,0.944444,696991
549,173.897,0.944444,673030
550,173.821,0.943287,686966
551,168.849,0.947917,689469
552,168.849,0.947917,690965
553,168.849,0.947917,687452
554,168.849,0.947917,684942
555,168.849,0.947917,685879
556,168.849,0.947917,677920
557,168.849,0.947917,655835
558,168.849,0.947917,673384
559,168.849,0.947917,682425
560,168.849,0.947917,692486
561,168.849,0.947917,695016
562,168.849,0.947917,652888
563,168.849,0.947917,653351
564,168.849,0.947917,684840
565,168.849,0.947917,678998
566,168.849,0.947917,686881
567,168.849,0.947917,687005
568,168.832,0.942708,693034
569,168.832,0.942708,682069
570,166.416,0.947917,657718
571,166.416,0.947917,656849
572,166.416,0.947917,674887
573,164.917,0.948495,679877
574,164.917,0.948495,678360
575,164.917,0.948495,684418
576,164.917,0.948495,654321
577,164.917,0.948495,657829
578,164.917,0.948495,688868
579,164.917,0.948495,684997
580,164.917,0.948495,687868
581,163.594,0.945602,692796
582,163.594,0.945602,653323
583,163.594,0.945602,656389
584,163.594,0.945602,653927
585,163.594,0.945602,675356
586,163.594,0.945602,654782
587,163.594,0.945602,677942
588,161.155,0.950231,665768
589,161.155,0.950231,685339
590,161.155,0.950231,659825
591,161.155,0.950231,677934
592,160.564,0.947338,686716
593,160.564,0.947338,683013
594,160.564,0.947338,654859
595,160.564,0.947338,659844
596,160.564,0.947338,691503
597,160.564,0.947338,688886
598,158.422,0.95081,686802
599,158.422,0.95081,692648
600,156.889,0.95544,686759
601,156.889,0.95544,654322
602,156.889,0.95544,686949
603,156.581,0.951968,684424
604,156.581,0.951968,655939
605,156.581,0.951968,670051
606,156.581,0.951968,691059
607,156.581,0.951968,688012
608,156.472,0.952546,667339
609,156.472,0.952546,693478
610,156.472,0.952546,684808
611,156.472,0.952546,685904
612,156.472,0.952546,682910
613,156.472,0.952546,687910
614,156.472,0.952546,683970
615,156.472,0.952546,683395
616,156.472,0.952546,657372
617,156.472,0.952546,679998
618,156.472,0.952546,661823
619,156.472,0.952546,697825
620,156.472,0.952546,696106
621,156.101,0.951968,703040
622,155.754,0.956019,696998
623,155.754,0.956019,695037
624,155.754,0.956019,676648
625,155.754,0.956019,705983
626,155.754,0.956019,659860
627,155.109,0.958333,672408
628,155.109,0.958333,693551
629,154.798,0.957755,657294
630,154.798,0.957755,684023
631,154.798,0.957755,685937
632,154.798,0.957755,656018
633,154.798,0.957755,689347
634,153.935,0.965856,688593
635,153.635,0.958912,659216
636,153.635,0.958912,660654
637,153.635,0.958912,654528
638,153.635,0.958912,662185
639,153.635,0.958912,658845
640,153.635,0.958912,669844
641,153.077,0.956597,655688
642,153.077,0.956597,656790
643,153.077,0.956597,660493
644,153.077,0.956597,666752
645,152.481,0.958912,660719
646,152.481,0.958912,690760
647,152.481,0.958912,702322
648,152.244,0.959491,692497
649,152.244,0.959491,656715
650,152.244,0.959491,654438
651,152.244,0.959491,656320
652,152.244,0.959491,655301
653,152.244,0.959491,681779
654,152.244,0.959491,700671
655,152.244,0.959491,685330
656,152.244,0.959491,654328
657,152.244,0.959491,659549
658,152.244,0.959491,657747
659,152.244,0.959491,669862
660,152.244,0.959491,680841
661,152.176,0.957755,683974
662,152.176,0.957755,667422
663,152.176,0.957755,658119
664,152.176,0.957755,672905
665,152.176,0.957755,672326
666,152.176,0.957755,663959
667,151.946,0.960069,689143
668,151.924,0.957176,701966
669,151.924,0.957176,655653
670,151.924,0.957176,689482
671,151.924,0.957176,664746
672,151.924,0.957176,656239
673,151.924,0.957176,657404
674,151.924,0.957176,664118
675,151.924,0.957176,664764
676,151.924,0.957176,655914
677,151.924,0.957176,676974
678,151.924,0.957176,653804
679,151.924,0.957176,684423
680,151.028,0.961227,692456
681,151.028,0.961227,662258
682,151.028,0.961227,678866
683,151.028,0.961227,654292
684,151.028,0.961227,678354
685,151.028,0.961227,678856
686,151.028,0.961227,655709
687,151.028,0.961227,695070
688,151.028,0.961227,689000
689,151.028,0.961227,688422
690,150.08,0.956019,672892
691,150.08,0.956019,687415
692,150.08,0.956019,684355
693,150.08,0.956019,681852
694,150.08,0.956019,668657
695,150.08,0.956019,685928
696,150.08,0.956019,685390
697,150.08,0.956019,679901
698,150.08,0.956019,658773
699,150.08,0.956019,671832
700,150.08,0.956019,679358
701,149.907,0.957755,671816
702,149.907,0.957755,678969
703,149.907,0.957755,656549
704,149.907,0.957755,662935
705,149.907,0.957755,683694
706,149.252,0.949074,689524
707,149.252,0.949074,677692
708,149.252,0.949074,689116
709,149.252,0.949074,690438
710,149.252,0.949074,686799
711,149.252,0.949074,686514
712,149.252,0.949074,665624
713,149.252,0.949074,679478
714,147.976,0.958912,688820
715,147.976,0.958912,678039
716,142.434,0.95544,687496
717,142.434,0.95544,654390
718,142.434,0.95544,664796
719,142.434,0.95544,658723
720,142.434,0.95544,657894
721,142.434,0.95544,684424
722,142.434,0.95544,653343
723,140.586,0.962963,682824
724,140.586,0.962963,662734
725,140.586,0.962963,680888
726,140.586,0.962963,689917
727,140.311,0.959491,679933
728,140.311,0.959491,673943
729,140.311,0.959491,682515
730,140.311,0.959491,696528
731,140.311,0.959491,675767
732,140.311,0.959491,654237
733,139.85,0.962963,695520
734,139.85,0.962963,710593
735,139.85,0.962963,686891
736,138.73,0.961806,655503
737,138.73,0.961806,658183
738,138.73,0.961806,699474
739,138.73,0.961806,693389
740,138.73,0.961806,677414
741,138.73,0.961806,692437
742,138.73,0.961806,658915
743,134.621,0.965856,687958
744,134.621,0.965856,689420
745,134.621,0.965856,698792
746,134.621,0.965856,697703
747,134.621,0.965856,683693
748,133.914,0.958912,656398
749,133.914,0.958912,670427
750,133.914,0.958912,692899
751,133.914,0.958912,685144
752,133.914,0.958912,668836
753,133.914,0.958912,690499
754,133.914,0.958912,673952
755,133.914,0.958912,657346
756,133.914,0.958912,655895
757,133.914,0.958912,680902
758,133.465,0.965278,683903
759,133.465,0.965278,677465
760,133.465,0.965278,693037
761,133.465,0.965278,682663
762,133.465,0.965278,684423
763,131.095,0.969907,653806
764,131.095,0.969907,669761
765,131.095,0.969907,685836
766,131.095,0.969907,683975
767,129.701,0.96875,662345
768,129.701,0.96875,668390
769,129.701,0.96875,676663
770,129.701,0.96875,664242
771,129.701,0.96875,655876
772,129.701,0.96875,687396
773,129.701,0.96875,681036
774,129.701,0.96875,664743
775,129.701,0.96875,653821
776,128.591,0.965278,676043
777,128.591,0.965278,655326
778,128.591,0.965278,691301
779,128.591,0.965278,678653
780,128.591,0.965278,677081
781,128.591,0.965278,657281
782,128.591,0.965278,668312
783,128.591,0.965278,667862
784,128.591,0.965278,654952
785,128.591,0.965278,683131
786,128.591,0.965278,682173
787,128.591,0.965278,679358
788,128.591,0.965278,696308
789,128.591,0.965278,689803
790,128.591,0.965278,691476
791,128.591,0.965278,664268
792,128.591,0.965278,690506
793,128.591,0.965278,689871
794,128.591,0.965278,688926
795,128.591,0.965278,690513
796,128.591,0.965278,689942
797,128.591,0.965278,657719
798,128.591,0.965278,674884
799,128.591,0.965278,702011
800,128.591,0.965278,698238
801,128.591,0.965278,690612
802,128.591,0.965278,655383
803,128.591,0.965278,695485
804,128.591,0.965278,657029
805,128.591,0.965278,662256
806,128.591,0.965278,684622
807,128.591,0.965278,684880
808,128.591,0.965278,698866
809,128.591,0.965278,685010
810,128.591,0.965278,658891
811,128.591,0.965278,665746
812,128.591,0.965278,665318
813,128.591,0.965278,685854
814,128.591,0.965278,695541
815,128.591,0.965278,691502
816,128.591,0.965278,685429
817,128.591,0.965278,668039
818,128.591,0.965278,653618
819,128.586,0.963542,668356
820,128.586,0.963542,664290
821,128.586,0.963542,674318
822,128.586,0.963542,655306
823,126.808,0.971065,704364
824,126.808,0.971065,678869
825,126.808,0.971065,689399
826,126.517,0.969907,672008
827,126.517,0.969907,661386
828,126.517,0.969907,657534
829,126.517,0.969907,679700
830,126.489,0.967014,680823
831,126.489,0.967014,656260
832,125.808,0.961227,662736
833,125.808,0.961227,665681
834,125.808,0.961227,665897
835,125.808,0.961227,676923
836,125.008,0.971065,681990
837,125.008,0.971065,667265
838,125.008,0.971065,665546
839,125.008,0.971065,698482
840,125.008,0.971065,664239
841,125.008,0.971065,666811
842,125.008,0.971065,657718
843,125.008,0.971065,663236
844,125.008,0.971065,653658
845,125.008,0.971065,680192
846,125.008,0.971065,658793
847,125.008,0.971065,674811
848,125.008,0.971065,657346
849,125.008,0.971065,658251
850,125.008,0.971065,655083
851,125.008,0.971065,678464
852,125.008,0.971065,692953
853,124.674,0.971065,693923
854,124.674,0.971065,682891
855,124.674,0.971065,691407
856,124.674,0.971065,654955
857,124.674,0.971065,665269
858,124.674,0.971065,700716
859,124.674,0.971065,684599
860,124.674,0.971065,675003
861,124.674,0.971065,683113
862,124.674,0.971065,679977
863,124.674,0.971065,687407
864,124.674,0.971065,663807
865,123.67,0.968171,688583
866,123.67,0.968171,664814
867,123.67,0.968171,692758
868,123.67,0.968171,679388
869,123.67,0.968171,685286
870,123.67,0.968171,684604
871,123.67,0.968171,679921
872,123.67,0.968171,674842
873,123.67,0.968171,679337
874,123.67,0.968171,673313
875,123.67,0.968171,673345
876,123.67,0.968171,674552
877,122.783,0.969329,652480
878,122.783,0.969329,695176
879,122.783,0.969329,684115
880,122.783,0.969329,652932
881,122.783,0.969329,684453
882,122.414,0.967014,674947
883,122.414,0.967014,677402
884,122.414,0.967014,689096
885,122.414,0.967014,652901
886,122.414,0.967014,687176
887,122.414,0.967014,653443
888,122.414,0.967014,670804
889,122.414,0.967014,690960
890,122.414,0.967014,683025
891,122.414,0.967014,652883
892,122.414,0.967014,678400
893,122.414,0.967014,661801
894,121.989,0.968171,696921
895,121.989,0.968171,674361
896,121.989,0.968171,652430
897,121.989,0.968171,686449
898,121.989,0.968171,683194
899,121.989,0.968171,663395
900,121.989,0.968171,653423
901,121.989,0.968171,682474
902,121.989,0.968171,659811
903,120.708,0.972222,687454
904,120.708,0.972222,657240
905,120.708,0.972222,686361
906,120.708,0.972222,684399
907,120.708,0.972222,678203
908,120.708,0.972222,677402
909,120.708,0.972222,684681
910,120.708,0.972222,662467
911,116.765,0.965278,688459
912,116.765,0.965278,680394
913,116.765,0.965278,689083
914,116.765,0.965278,691936
915,116.765,0.965278,669650
916,116.765,0.965278,663041
917,116.765,0.965278,686820
918,116.765,0.965278,658244
919,116.765,0.965278,663259
920,116.765,0.965278,658354
921,116.765,0.965278,688439
922,116.765,0.965278,653678
923,116.765,0.965278,686960
924,116.765,0.965278,657354
925,116.255,0.965278,656717
926,116.255,0.965278,679686
927,116.255,0.965278,664858
928,116.255,0.965278,681053
929,115.793,0.967014,680369
930,115.793,0.967014,669797
931,115.793,0.967014,682995
932,115.793,0.967014,658244
933,115.793,0.967014,660936
934,115.793,0.967014,676877
935,115.793,0.967014,690004
936,115.436,0.966435,653275
937,115.436,0.966435,677338
938,115.436,0.966435,663319
939,115.436,0.966435,668798
940,115.436,0.966435,692455
941,115.436,0.966435,687896
942,115.436,0.966435,684858
943,113.885,0.971644,691027
944,113.885,0.971644,654857
945,113.885,0.971644,654781
946,113.885,0.971644,676926
947,113.885,0.971644,682470
948,113.885,0.971644,671906
949,113.885,0.971644,675052
950,113.885,0.971644,695973
951,113.885,0.971644,680865
952,113.885,0.971644,656832
953,113.885,0.971644,664183
954,113.885,0.971644,677897
955,113.885,0.971644,687592
956,113.885,0.971644,688408
957,113.885,0.971644,696505
958,113.885,0.971644,666798
959,113.885,0.971644,671927
960,113.885,0.971644,688986
961,113.885,0.971644,653803
962,113.885,0.971644,672790
963,113.885,0.971644,688635
964,113.885,0.971644,653327
965,113.885,0.971644,682480
966,113.885,0.971644,663791
967,113.885,0.971644,658303
968,113.885,0.971644,679120
969,113.885,0.971644,680933
970,113.885,0.971644,699128
971,113.885,0.971644,692426
972,113.885,0.971644,657938
973,113.885,0.971644,674929
974,113.885,0.971644,654993
975,113.885,0.971644,692481
976,113.885,0.971644,681898
977,113.885,0.971644,690330
978,113.885,0.971644,678388
979,113.885,0.971644,682035
980,113.885,0.971644,672844
981,113.885,0.971644,683876
982,113.885,0.971644,685897
983,112.508,0.969907,694140
984,112.508,0.969907,691923
985,112.508,0.969907,671316
986,112.508,0.969907,678422
987,111.589,0.969329,687512
988,110.542,0.970486,659801
989,110.542,0.970486,681132
990,110.542,0.970486,680490
991,110.542,0.970486,685766
992,110.542,0.970486,687482
993,110.542,0.970486,685089
994,110.542,0.970486,686764
995,110.542,0.970486,656213
996,110.542,0.970486,680963
997,110.542,0.970486,680168
998,110.542,0.970486,682949
999,110.266,0.968171,656978
Done! Press enter to close the program.
