Normalizing data...
Randomizing order of the data...
Creating Neural Network (21, 13, 4)
Current weights set to:
0.0779168, -0.0174413, 0.0611316, -0.0229041, 0.0865902, -0.0512864, 0.00216376, -0.0125584, 0.0993164, -0.0531663, -0.00381176, -0.0515732, 0.0625599, 0.0922971, -0.0672903, -0.0154088, -0.0764641, 0.0810724, 0.0110324, -0.0635914, -0.0543565, 0.0683584, 0.029313, -0.081933, -0.0397259, -0.0617603, -0.0993591, -0.00567339, 0.0611316, 0.0456099, -0.0477401, -0.0922178, -0.0525437, 0.0115757, 0.0642567, 0.0878109, 0.0222938, 0.0537095, 0.00396435, 0.0723136, 0.0520554, 0.0322245, 0.0123325, -0.0262917, 0.0937193, 0.0934568, -0.00153508, -0.0797418, 0.0958312, 0.0918882, -0.00136418, -0.0959716, 0.0795648, 0.0718986, 0.0560045, -0.033256, -0.0938597, -0.0094821, -0.0227515, -0.0451827, -0.0631642, -0.0374798, -0.0775018, -0.0252663, -0.00825526, 0.00894498, 0.0846004, -0.0199194, -0.0862972, -0.00957976, 0.0141453, 0.021482, -0.0564928, -0.0934751, 0.0464827, -0.00932951, 0.0127232, 0.0423994, -0.013126, -0.0100681, -0.039732, -0.0561693, -0.089874, -0.0417829, -0.020835, -0.0978149, 0.0309366, 0.0851314, 0.0995544, -0.0697256, -0.0988159, 0.0440352, 0.0142857, -0.0894528, 0.0904172, -0.0243934, 0.0534043, 0.0967833, 0.00579546, 0.0529893, 0.0136021, 0.0504868, 0.00775475, -0.0401837, 0.0491317, -0.00656453, 0.0775994, -0.0875546, -0.0698355, 0.0573473, -0.00670492, -0.0424848, 0.0751091, 0.0121494, 0.0697623, -0.0238258, 0.0628712, -0.0459944, 0.0197974, -0.073809, 0.0315531, -0.065685, -0.00797449, -0.0467818, 0.0696951, 0.0110324, -0.0580065, -0.0975585, 0.00630207, -0.0965453, -0.00725425, 0.0618519, -0.0939817, -0.0681814, -0.0589038, 0.0684194, 0.0755974, 0.0228797, -0.0341227, 0.00842616, 0.0879086, 0.0627613, 0.0943419, 0.0431806, 0.0298563, -0.0216651, 0.0830561, -0.0086581, 0.0803339, 0.0283853, 0.069512, -0.000839259, 0.0244728, 0.0857051, 0.0506088, -0.0701041, 0.0105319, -0.00845058, -0.0555284, 0.0035371, -0.0444197, -0.0364116, 0.091583, -0.0817621, -0.0937498, -0.0614368, -0.0482833, -0.0153722, -0.0391522, 0.0310343, 0.0527818, -0.095764, 0.0590258, -0.010654, -0.0521348, -0.0766655, 0.0452559, 0.030137, 0.036784, -0.00658895, -0.0875484, -0.0674062, 0.00823695, 0.0695242, 0.0318644, -0.0262673, -0.0409894, -0.0221778, 0.0755242, -0.0140538, -0.0536668, -0.0165746, 0.037608, -0.0819514, 0.0297098, 0.0899838, 0.0608203, -0.0188818, -0.0415876, 0.0020661, 0.0740837, -0.039671, -0.0389935, -0.0182287, -0.0521287, -0.0259316, -0.007004, -0.0693472, -0.0266884, 0.0615406, 0.0989685, -0.0716605, -0.0285928, 0.080163, 0.0454146, -0.0410016, 0.0385479, 0.0939756, 0.0805597, 0.0569994, 0.0346294, -0.0656972, -0.0226844, 0.00290231, 0.020011, -0.0860469, 0.0157567, 0.00114444, -0.0524949, -0.0238624, 0.0612354, 0.0705802, 0.0157323, 0.0594653, -0.00547807, -0.020835, -0.00995209, -0.0398541, 0.0500839, 0.0540574, 0.0972839, 0.0727958, -0.0811457, 0.0983276, 0.000589007, 0.0908628, -0.0282937, -0.0544298, 0.0605823, 0.0482284, 0.0598376, 0.083697, -0.0109226, -0.0170324, 0.0484115, 0.0790094, -0.0983337, 0.00467849, -0.0603748, 0.0320597, 0.0753471, 0.0465255, -0.0585192, -0.00373241, 0.0174841, 0.0833491, -0.0614795, -0.00920743, -0.0476119, 0.0970458, -0.0792596, -0.0613086, -0.0683401, -0.0296121, 0.0269875, -0.0382, 0.0746635, -0.00928678, -0.0409528, -0.0365337, -0.0547105, -0.0554552, 0.0226722, -0.0695853, -0.0286599, 0.0845271, -0.0481552, 0.0850398, -0.0872921, -0.0501694, -0.027543, -0.0807184, 0.0846309, -0.0785821, 0.0617054, 0.0414899, -0.0577136, 0.0931822, 0.0594653, 0.0672964, -0.0669973, -0.0595386, -0.0121738, 0.085992, 0.0222083, -0.0329264, 0.0351176, -0.0665212, -0.000466933, 0.0120029, -0.0394024, 0.00316477, -0.0287698, -0.00275582, -0.0238502, 0.0259255, -0.0548631, -0.00219428, 0.0611194, -0.0494797, -0.0854976, 0.0152928, -0.0333598, -0.0443525, -0.0531236, -0.0637745, 0.0657033, -0.0751579, 0.0843257, 0.0563829, -0.0949461, 0.0155614, -0.0387738, 0.0523789, 0.0154576, 0.053618, -0.054088, -0.0181616, 0.0362712, -0.0156957, -0.08764, -0.00674764, -0.0892026, -0.0886105, 0.0482223, -0.0731315, 0.00859706, -0.0447737, 0.00544145, 0.0879025, -0.0690542, 0.0612598, -0.000314341, -0.0268227, 0.0558275, -0.00976897, -0.0351176, 0.032609, -0.021482, 0.021189, -0.0309671, 0.0466353, -0.0957518,


Starting training using GA on Car Evaluation Set
Press enter to start the training.

0,1522.28,0.700231,657252
1,1453.62,0.222222,653410
2,1314.98,0.700231,664263
3,1280.65,0.700231,662260
4,1264.66,0.700231,656325
5,1141.55,0.700231,655869
6,1085.52,0.700231,655294
7,1062.56,0.700231,676506
8,956.676,0.700231,655574
9,956.676,0.700231,660714
10,944.466,0.700231,654265
11,890.89,0.700231,662232
12,881.907,0.700231,660756
13,841.926,0.700231,656578
14,823.524,0.700231,660364
15,816.245,0.700231,653725
16,800.161,0.700231,678869
17,800.161,0.700231,692385
18,800.161,0.700231,696906
19,789.09,0.700231,671118
20,778.835,0.700231,657367
21,778.835,0.700231,658777
22,778.835,0.700231,653228
23,778.835,0.700231,658247
24,778.835,0.700231,657784
25,778.823,0.700231,663737
26,768.794,0.700231,656297
27,768.581,0.700231,660506
28,755.497,0.700231,664791
29,746.895,0.700231,653406
30,745.277,0.700231,652748
31,740.135,0.700231,659223
32,740.135,0.700231,667754
33,738.896,0.700231,655819
34,736.748,0.700231,655896
35,722.369,0.700231,656841
36,715.061,0.700231,653806
37,714.914,0.700231,661254
38,702.146,0.700231,654267
39,701.755,0.700231,652517
40,698.629,0.700231,656084
41,696.036,0.700231,663258
42,684.29,0.700231,652339
43,682.243,0.700231,659910
44,677.18,0.700231,656254
45,671.292,0.700231,656333
46,666.937,0.700231,654711
47,663.215,0.700231,653543
48,652.516,0.703704,657915
49,652.516,0.703704,655783
50,650.518,0.702546,655784
51,650.518,0.702546,653723
52,643.173,0.700231,666772
53,637.532,0.71412,654368
54,621.245,0.744792,662736
55,620.974,0.701389,656561
56,620.935,0.728588,656213
57,612.088,0.716435,655487
58,610.617,0.708333,659224
59,585.253,0.75,662735
60,585.253,0.75,656844
61,585.253,0.75,666779
62,585.253,0.75,651221
63,585.253,0.75,655328
64,579.176,0.733796,654734
65,576.228,0.741898,654270
66,569.07,0.740741,657747
67,568.086,0.748843,657284
68,568.086,0.748843,653441
69,560.909,0.739583,656282
70,558.202,0.821181,661126
71,547.485,0.762731,654348
72,547.286,0.770833,661320
73,535.34,0.753472,653897
74,531.011,0.784722,656817
75,526.021,0.752894,657826
76,524.326,0.770255,654868
77,518.568,0.769097,672487
78,513.808,0.765625,676306
79,511.187,0.796296,669747
80,504.722,0.816551,664312
81,499.087,0.814236,653342
82,493.359,0.788773,656282
83,492.493,0.804398,660386
84,488.26,0.811343,663330
85,486.145,0.80787,652815
86,481.597,0.802083,650833
87,479.663,0.826389,653877
88,473.234,0.813657,661014
89,465.046,0.83044,662992
90,465.046,0.83044,672793
91,465.046,0.83044,657955
92,465.046,0.83044,653705
93,465.046,0.83044,664770
94,458.811,0.822338,653396
95,455.737,0.819444,653244
96,454.731,0.835648,651333
97,454.731,0.835648,665853
98,449.79,0.855324,652764
99,449.79,0.855324,652324
100,449.79,0.855324,655210
101,448.549,0.851273,650399
102,447.302,0.866898,656793
103,431.129,0.839699,663378
104,431.129,0.839699,652947
105,431.129,0.839699,654857
106,431.129,0.839699,658829
107,431.129,0.839699,654206
108,431.129,0.839699,652218
109,430.526,0.863426,661246
110,427.706,0.865162,667775
111,423.519,0.853588,663240
112,423.519,0.853588,651260
113,423.519,0.853588,654850
114,423.519,0.853588,657037
115,423.519,0.853588,652296
116,423.519,0.853588,658536
117,419.864,0.865162,654817
118,416.852,0.859375,656035
119,410.722,0.862269,653201
120,410.722,0.862269,654736
121,410.722,0.862269,655730
122,410.722,0.862269,654206
123,410.722,0.862269,652752
124,410.722,0.862269,657279
125,407.499,0.869792,652779
126,405.79,0.869213,657718
127,404.587,0.866319,659225
128,400.978,0.865162,665768
129,400.978,0.865162,656286
130,400.978,0.865162,651794
131,400.978,0.865162,655258
132,395.256,0.868634,660306
133,395.256,0.868634,652783
134,394.92,0.866898,671548
135,394.92,0.866898,668755
136,386.494,0.863426,653205
137,386.494,0.863426,664108
138,386.494,0.863426,663290
139,386.494,0.863426,661256
140,386.494,0.863426,654708
141,386.494,0.863426,659283
142,384.925,0.864005,652905
143,382.097,0.875579,669905
144,382.097,0.875579,683151
145,382.097,0.875579,674280
146,373.246,0.876736,659756
147,373.246,0.876736,679646
148,373.246,0.876736,662768
149,373.246,0.876736,660032
150,373.246,0.876736,664529
151,373.246,0.876736,657716
152,373.246,0.876736,676337
153,372.252,0.872106,659327
154,369.132,0.868056,653301
155,369.132,0.868056,654434
156,369.132,0.868056,674830
157,369.132,0.868056,665286
158,368.462,0.873264,673825
159,368.462,0.873264,666352
160,368.217,0.873843,675779
161,368.19,0.87037,667800
162,367.64,0.868634,663261
163,367.64,0.868634,671892
164,367.63,0.868634,689911
165,363.72,0.87037,670786
166,363.72,0.87037,682852
167,363.72,0.87037,670825
168,363.72,0.87037,678288
169,363.72,0.87037,663740
170,363.72,0.87037,658299
171,363.72,0.87037,654275
172,363.72,0.87037,657491
173,361.374,0.874421,666308
174,361.374,0.874421,653283
175,360.35,0.878472,657326
176,360.096,0.869213,655750
177,360.096,0.869213,653266
178,357.541,0.873843,670836
179,357.541,0.873843,655751
180,356.397,0.877315,653204
181,355.884,0.873264,651279
182,355.339,0.870949,665266
183,355.197,0.873843,656214
184,351.774,0.869792,657746
185,349.73,0.874421,656713
186,349.73,0.874421,653995
187,347.378,0.87963,664811
188,347.378,0.87963,664765
189,346.969,0.876157,659724
190,345.772,0.874421,658716
191,345.772,0.874421,655711
192,345.772,0.874421,660253
193,345.772,0.874421,656213
194,344.76,0.876157,659251
195,338.756,0.87963,661809
196,338.756,0.87963,669758
197,338.756,0.87963,652790
198,338.756,0.87963,654233
199,338.353,0.870949,653230
200,338.353,0.870949,654206
201,338.353,0.870949,654206
202,336.416,0.873264,652701
203,336.416,0.873264,660754
204,336.416,0.873264,652265
205,334.105,0.871528,667225
206,334.105,0.871528,670354
207,332.85,0.871528,652225
208,332.85,0.871528,660886
209,330.23,0.869792,656797
210,330.23,0.869792,660731
211,329.415,0.880787,656281
212,329.415,0.880787,652251
213,329.415,0.880787,658134
214,329.415,0.880787,654304
215,329.415,0.880787,660877
216,329.415,0.880787,654300
217,329.415,0.880787,657345
218,324.614,0.872106,653839
219,324.614,0.872106,654184
220,324.614,0.872106,673793
221,324.614,0.872106,671350
222,323.421,0.870949,664743
223,322.886,0.875579,659064
224,322.886,0.875579,655210
225,322.886,0.875579,651440
226,322.886,0.875579,656239
227,322.886,0.875579,659745
228,321.194,0.874421,651698
229,321.194,0.874421,664790
230,321.194,0.874421,653944
231,320.377,0.881366,653243
232,320.377,0.881366,652723
233,319.251,0.876157,654399
234,317.988,0.877894,653184
235,314.457,0.87963,656259
236,312.541,0.876736,657719
237,312.541,0.876736,665891
238,311.975,0.884838,668959
239,311.975,0.884838,659772
240,311.975,0.884838,676839
241,311.975,0.884838,666564
242,311.975,0.884838,652852
243,311.975,0.884838,655210
244,311.913,0.883681,660301
245,311.913,0.883681,657845
246,308.27,0.876736,656824
247,307.941,0.879051,665888
248,307.941,0.879051,662762
249,307.941,0.879051,660229
250,307.941,0.879051,656364
251,307.941,0.879051,658461
252,307.941,0.879051,651768
253,307.063,0.876157,672826
254,307.063,0.876157,660291
255,307.063,0.876157,664361
256,307.063,0.876157,658809
257,307.063,0.876157,667274
258,307.063,0.876157,654268
259,305.601,0.872685,668287
260,305.601,0.872685,658253
261,305.601,0.872685,660220
262,305.601,0.872685,656915
263,304.96,0.871528,658743
264,304.771,0.883102,664330
265,302.551,0.880208,661817
266,301.974,0.887731,654206
267,298.599,0.882523,652719
268,298.599,0.882523,656238
269,296.197,0.877894,658675
270,296.197,0.877894,666791
271,296.197,0.877894,662285
272,293.853,0.88831,655209
273,293.723,0.884838,656237
274,293.723,0.884838,653740
275,293.723,0.884838,655316
276,293.723,0.884838,665747
277,292.501,0.885995,664837
278,291.487,0.884259,656311
279,291.487,0.884259,652831
280,290.466,0.881944,658782
281,290.03,0.879051,657217
282,290.03,0.879051,654732
283,284.853,0.887153,661288
284,284.853,0.887153,656950
285,284.853,0.887153,655712
286,284.853,0.887153,663739
287,284.853,0.887153,658766
288,284.853,0.887153,667331
289,284.853,0.887153,657785
290,284.702,0.891782,657755
291,284.702,0.891782,662349
292,282.759,0.895833,659758
293,282.759,0.895833,653633
294,278.393,0.891782,660886
295,278.393,0.891782,661716
296,278.393,0.891782,652200
297,278.393,0.891782,653445
298,278.393,0.891782,664743
299,278.393,0.891782,655273
300,276.979,0.886574,655732
301,276.038,0.891204,655712
302,274.861,0.890625,663263
303,274.861,0.890625,655781
304,274.343,0.890046,656285
305,273.825,0.892361,664266
306,273.825,0.892361,654803
307,273.777,0.891782,653761
308,273.777,0.891782,663328
309,271.031,0.90162,665352
310,270.487,0.893519,658806
311,270.487,0.893519,674856
312,270.487,0.893519,664445
313,270.107,0.89294,654804
314,269.616,0.904514,660255
315,269.616,0.904514,652821
316,269.278,0.895833,660344
317,264.454,0.90162,676784
318,264.454,0.90162,672794
319,264.454,0.90162,657057
320,262.462,0.899884,659725
321,260.548,0.907986,655713
322,258.437,0.903935,657167
323,258.437,0.903935,655232
324,258.437,0.903935,659223
325,258.437,0.903935,672289
326,256.857,0.909144,669277
327,256.857,0.909144,725224
328,256.857,0.909144,718705
329,256.371,0.904514,673838
330,255.843,0.902199,666793
331,254.169,0.905093,658876
332,254.169,0.905093,651279
333,253.402,0.904514,673296
334,253.402,0.904514,660253
335,252.398,0.906829,675502
336,251.492,0.904514,666248
337,251.492,0.904514,660253
338,251.492,0.904514,658821
339,251.253,0.900463,654745
340,251.253,0.900463,656214
341,251.253,0.900463,654773
342,250.996,0.905093,654743
343,250.996,0.905093,653204
344,250.519,0.905671,660729
345,248.851,0.902199,658311
346,248.851,0.902199,657782
347,248.851,0.902199,660290
348,246.665,0.908565,654301
349,246.665,0.908565,662234
350,246.665,0.908565,654126
351,246.665,0.908565,649686
352,246.665,0.908565,658237
353,246.665,0.908565,662282
354,246.665,0.908565,653749
355,244.428,0.907407,669363
356,244.428,0.907407,653370
357,244.428,0.907407,655735
358,242.415,0.911458,655257
359,241.298,0.918403,663281
360,240.834,0.912616,655762
361,240.834,0.912616,652722
362,240.834,0.912616,659302
363,240.834,0.912616,655493
364,240.834,0.912616,652067
365,240.213,0.909144,652745
366,240.213,0.909144,655275
367,240.213,0.909144,652701
368,240.213,0.909144,655340
369,240.213,0.909144,659225
370,240.213,0.909144,663236
371,240.213,0.909144,654826
372,240.213,0.909144,659225
373,239.566,0.914352,651966
374,239.566,0.914352,655874
375,239.566,0.914352,651806
376,238.051,0.914352,651768
377,236.984,0.90625,657653
378,236.984,0.90625,663314
379,233.768,0.913194,652228
380,233.768,0.913194,665270
381,233.768,0.913194,658272
382,233.363,0.908565,653221
383,233.363,0.908565,653228
384,230.769,0.911458,661314
385,230.769,0.911458,659829
386,230.769,0.911458,655212
387,230.769,0.911458,654337
388,229.092,0.912037,659816
389,229.092,0.912037,656214
390,229.092,0.912037,652729
391,224.726,0.912037,655796
392,224.726,0.912037,657756
393,224.726,0.912037,654740
394,224.726,0.912037,656779
395,223.779,0.913194,655212
396,223.779,0.913194,661252
397,223.779,0.913194,659725
398,223.779,0.913194,651369
399,223.779,0.913194,654726
400,223.749,0.914931,653222
401,223.749,0.914931,662367
402,223.749,0.914931,672107
403,223.749,0.914931,657717
404,222.157,0.920139,658207
405,220.524,0.916088,669615
406,220.524,0.916088,663830
407,220.524,0.916088,680880
408,219.63,0.912037,659291
409,219.63,0.912037,654736
410,216.166,0.931134,657719
411,216.166,0.931134,653291
412,216.166,0.931134,674777
413,214.437,0.927083,665242
414,214.437,0.927083,674343
415,214.437,0.927083,667780
416,214.437,0.927083,661812
417,214.437,0.927083,663374
418,212.751,0.915509,666749
419,212.751,0.915509,685861
420,212.751,0.915509,664268
421,212.751,0.915509,671789
422,212.751,0.915509,666802
423,212.751,0.915509,664317
424,212.751,0.915509,662054
425,212.751,0.915509,663765
426,212.751,0.915509,656740
427,212.751,0.915509,668057
428,212.751,0.915509,665378
429,212.751,0.915509,662233
430,212.751,0.915509,661475
431,212.397,0.918403,659831
432,212.397,0.918403,654708
433,212.397,0.918403,666797
434,212.397,0.918403,665840
435,211.595,0.927083,669344
436,211.595,0.927083,657718
437,211.595,0.927083,669303
438,208.445,0.927662,659293
439,208.445,0.927662,652756
440,208.445,0.927662,654531
441,208.445,0.927662,660284
442,208.445,0.927662,652877
443,208.445,0.927662,651768
444,208.445,0.927662,656213
445,206.869,0.928241,659391
446,206.869,0.928241,651275
447,206.869,0.928241,655763
448,200.876,0.927662,651722
449,200.876,0.927662,653531
450,200.876,0.927662,669377
451,200.876,0.927662,671944
452,200.245,0.931134,669256
453,200.245,0.931134,661232
454,200.245,0.931134,653203
455,199.56,0.925347,655711
456,199.025,0.928819,651697
457,199.025,0.928819,654269
458,198.816,0.928241,653242
459,198.816,0.928241,651698
460,198.816,0.928241,650195
461,197.818,0.928819,655242
462,197.818,0.928819,651610
463,196.92,0.927662,658746
464,196.92,0.927662,653338
465,196.92,0.927662,667784
466,196.92,0.927662,665799
467,196.92,0.927662,649712
468,196.92,0.927662,655712
469,196.92,0.927662,656339
470,196.92,0.927662,663307
471,196.92,0.927662,662829
472,196.92,0.927662,652834
473,196.901,0.924769,656760
474,196.901,0.924769,663791
475,196.901,0.924769,658218
476,196.901,0.924769,656240
477,196.901,0.924769,655713
478,196.901,0.924769,658721
479,196.901,0.924769,662232
480,196.901,0.924769,653361
481,196.901,0.924769,656234
482,196.316,0.927083,652725
483,194.504,0.934606,651782
484,194.504,0.934606,650852
485,194.504,0.934606,655779
486,194.368,0.925926,651198
487,194.368,0.925926,652780
488,194.368,0.925926,653707
489,194.208,0.927083,652703
490,194.208,0.927083,651220
491,194.208,0.927083,651221
492,194.208,0.927083,654726
493,194.208,0.927083,655210
494,194.208,0.927083,662232
495,194.208,0.927083,667277
496,193.709,0.929398,653365
497,193.709,0.929398,653216
498,192.549,0.93287,651742
499,192.128,0.935764,654786
500,190.035,0.935764,652701
501,190.035,0.935764,653203
502,187.672,0.930556,652717
503,187.672,0.930556,674821
504,187.672,0.930556,650763
505,187.672,0.930556,653302
506,187.672,0.930556,650694
507,187.672,0.930556,651747
508,187.672,0.930556,658761
509,187.672,0.930556,652702
510,187.672,0.930556,653329
511,187.672,0.930556,653228
512,186.928,0.936921,654230
513,186.928,0.936921,653204
514,186.928,0.936921,653750
515,186.928,0.936921,658721
516,186.928,0.936921,656261
517,186.928,0.936921,652724
518,186.304,0.939815,653206
519,186.304,0.939815,655761
520,186.304,0.939815,651217
521,185.086,0.935185,651699
522,183.943,0.940394,652749
523,183.943,0.940394,659259
524,183.943,0.940394,653706
525,182.373,0.94213,656213
526,182.373,0.94213,653282
527,182.373,0.94213,663105
528,182.373,0.94213,663738
529,182.373,0.94213,655813
530,181.735,0.929398,658851
531,181.735,0.929398,661230
532,181.735,0.929398,656420
533,181.735,0.929398,656322
534,181.735,0.929398,651723
535,181.735,0.929398,655732
536,181.579,0.935185,654253
537,181.579,0.935185,659222
538,181.579,0.935185,654208
539,181.579,0.935185,652633
540,180.309,0.938657,652223
541,180.309,0.938657,656736
542,180.309,0.938657,652225
543,179.222,0.931713,653203
544,179.222,0.931713,656249
545,179.222,0.931713,652262
546,178.058,0.940972,656215
547,178.058,0.940972,653379
548,178.058,0.940972,658299
549,178.058,0.940972,653376
550,178.058,0.940972,655341
551,178.058,0.940972,656254
552,178.058,0.940972,651222
553,178.058,0.940972,650694
554,177.986,0.936921,651196
555,177.986,0.936921,652241
556,177.986,0.936921,652395
557,177.986,0.936921,656253
558,177.986,0.936921,651732
559,177.986,0.936921,657262
560,177.986,0.936921,654709
561,177.986,0.936921,651018
562,174.801,0.943866,654781
563,174.801,0.943866,659268
564,174.801,0.943866,658332
565,174.801,0.943866,653248
566,174.801,0.943866,655330
567,174.801,0.943866,650355
568,174.801,0.943866,651223
569,174.801,0.943866,654229
570,174.801,0.943866,656250
571,173.174,0.946181,651699
572,172.127,0.940972,650714
573,172.127,0.940972,651746
574,171.225,0.940972,652702
575,171.225,0.940972,655211
576,170.982,0.946759,656715
577,168.817,0.953125,650471
578,168.817,0.953125,650901
579,167.723,0.947338,655255
580,167.723,0.947338,654126
581,167.723,0.947338,655301
582,167.723,0.947338,653230
583,167.723,0.947338,654245
584,167.723,0.947338,657255
585,167.723,0.947338,661229
586,167.723,0.947338,653379
587,167.723,0.947338,652199
588,167.723,0.947338,650696
589,167.723,0.947338,653707
590,167.723,0.947338,661317
591,167.723,0.947338,652270
592,167.723,0.947338,664752
593,167.723,0.947338,650697
594,167.723,0.947338,654725
595,167.723,0.947338,651734
596,167.723,0.947338,656215
597,167.723,0.947338,659727
598,167.723,0.947338,655711
599,167.723,0.947338,651795
600,167.723,0.947338,664287
601,167.723,0.947338,660750
602,167.723,0.947338,654223
603,167.723,0.947338,650382
604,167.723,0.947338,651764
605,167.723,0.947338,652784
606,167.723,0.947338,649379
607,167.723,0.947338,651213
608,167.723,0.947338,654229
609,167.723,0.947338,650896
610,167.723,0.947338,654757
611,166.4,0.945023,653389
612,166.4,0.945023,656713
613,166.4,0.945023,651811
614,166.4,0.945023,665243
615,166.4,0.945023,660728
616,166.4,0.945023,658222
617,165.701,0.946181,653203
618,165.701,0.946181,653544
619,165.701,0.946181,668904
620,165.701,0.946181,675840
621,165.701,0.946181,656263
622,165.701,0.946181,654278
623,165.701,0.946181,660947
624,165.701,0.946181,669779
625,165.701,0.946181,688931
626,165.701,0.946181,661695
627,165.701,0.946181,660186
628,165.701,0.946181,654829
629,165.701,0.946181,671386
630,165.701,0.946181,665268
631,165.701,0.946181,652723
632,165.701,0.946181,651268
633,165.701,0.946181,654267
634,165.701,0.946181,664783
635,163.101,0.945023,662924
636,163.101,0.945023,653705
637,163.101,0.945023,680307
638,163.101,0.945023,655210
639,163.101,0.945023,671294
640,163.101,0.945023,651766
641,162.286,0.945602,700889
642,161.197,0.943866,660255
643,161.197,0.943866,667421
644,161.197,0.943866,657916
645,161.197,0.943866,652200
646,161.197,0.943866,653045
647,160.855,0.953704,655289
648,160.855,0.953704,663278
649,160.855,0.953704,651080
650,160.855,0.953704,662233
651,158.654,0.950231,657651
652,158.39,0.951968,652710
653,157.469,0.948495,687818
654,157.469,0.948495,651792
655,157.469,0.948495,651334
656,157.469,0.948495,656799
657,157.469,0.948495,655254
658,157.469,0.948495,653728
659,157.469,0.948495,655788
660,153.617,0.954861,653763
661,153.617,0.954861,652704
662,153.617,0.954861,651216
663,153.392,0.950231,654305
664,153.185,0.953704,652851
665,153.185,0.953704,651772
666,153.185,0.953704,655254
667,149.382,0.953125,656238
668,149.382,0.953125,652201
669,149.382,0.953125,656212
670,149.382,0.953125,655210
671,149.382,0.953125,654226
672,149.382,0.953125,653230
673,149.382,0.953125,667751
674,148.45,0.949074,652702
675,148.45,0.949074,652202
676,148.45,0.949074,652256
677,148.45,0.949074,652744
678,148.45,0.949074,660225
679,148.45,0.949074,653891
680,148.45,0.949074,656890
681,148.45,0.949074,654270
682,148.45,0.949074,652248
683,148.45,0.949074,652703
684,148.45,0.949074,653704
685,148.45,0.949074,655713
686,147.416,0.956597,653202
687,147.416,0.956597,653204
688,147.416,0.956597,655712
689,147.416,0.956597,653777
690,147.416,0.956597,659779
691,147.416,0.956597,659774
692,147.416,0.956597,656755
693,147.416,0.956597,653704
694,146.968,0.958912,659271
695,146.968,0.958912,660296
696,145.603,0.957176,651677
697,145.603,0.957176,659251
698,145.603,0.957176,655251
699,145.603,0.957176,651699
700,145.603,0.957176,653746
701,143.772,0.959491,654808
702,143.772,0.959491,653266
703,143.772,0.959491,652221
704,143.772,0.959491,658221
705,143.772,0.959491,664241
706,143.772,0.959491,666867
707,143.772,0.959491,671784
708,143.772,0.959491,651726
709,143.772,0.959491,651264
710,143.772,0.959491,665500
711,143.772,0.959491,661253
712,143.772,0.959491,651198
713,143.772,0.959491,660781
714,143.772,0.959491,653735
715,143.772,0.959491,653222
716,143.772,0.959491,652143
717,143.772,0.959491,652701
718,143.772,0.959491,653728
719,143.772,0.959491,654207
720,143.772,0.959491,655213
721,143.772,0.959491,661890
722,143.772,0.959491,655236
723,143.772,0.959491,653347
724,143.772,0.959491,659295
725,143.772,0.959491,651197
726,143.772,0.959491,671264
727,143.772,0.959491,651731
728,143.772,0.959491,654950
729,143.772,0.959491,655209
730,143.772,0.959491,650838
731,143.772,0.959491,654395
732,143.772,0.959491,652824
733,141.938,0.962384,656748
734,141.938,0.962384,655981
735,141.938,0.962384,654768
736,141.938,0.962384,651198
737,141.938,0.962384,664742
738,141.938,0.962384,669259
739,141.938,0.962384,652335
740,141.938,0.962384,664239
741,141.938,0.962384,654709
742,141.938,0.962384,668060
743,141.938,0.962384,666817
744,141.938,0.962384,666779
745,141.938,0.962384,655317
746,141.938,0.962384,659273
747,141.938,0.962384,651245
748,141.938,0.962384,656255
749,141.509,0.962384,656801
750,141.509,0.962384,656715
751,141.509,0.962384,651348
752,141.509,0.962384,657759
753,141.509,0.962384,655709
754,141.509,0.962384,659952
755,141.509,0.962384,652432
756,141.509,0.962384,651699
757,141.509,0.962384,652738
758,141.509,0.962384,660726
759,141.509,0.962384,656717
760,141.509,0.962384,651520
761,141.509,0.962384,651265
762,141.509,0.962384,651727
763,141.509,0.962384,654209
764,141.509,0.962384,658221
765,141.509,0.962384,656804
766,140.668,0.956019,651723
767,140.668,0.956019,651842
768,140.668,0.956019,662286
769,140.668,0.956019,663078
770,140.668,0.956019,657742
771,140.668,0.956019,660252
772,140.668,0.956019,665957
773,140.668,0.956019,654770
774,140.668,0.956019,660355
775,140.668,0.956019,666244
776,140.44,0.956597,662862
777,140.44,0.956597,673295
778,140.44,0.956597,669784
779,140.44,0.956597,657740
780,140.44,0.956597,652954
781,140.44,0.956597,666246
782,140.44,0.956597,653340
783,140.44,0.956597,653705
784,140.44,0.956597,657493
785,139.229,0.957755,659371
786,139.229,0.957755,672097
787,139.229,0.957755,658325
788,139.229,0.957755,654709
789,137.021,0.962963,654297
790,137.021,0.962963,657375
791,137.021,0.962963,651856
792,137.021,0.962963,656312
793,133.838,0.961227,657239
794,133.838,0.961227,652244
795,133.838,0.961227,660749
796,133.838,0.961227,654724
797,133.838,0.961227,655913
798,133.838,0.961227,657790
799,133.838,0.961227,656214
800,133.576,0.96412,660272
801,133.576,0.96412,655713
802,133.576,0.96412,668782
803,133.287,0.960069,657281
804,131.924,0.960069,661359
805,131.924,0.960069,653774
806,131.386,0.960069,654255
807,131.386,0.960069,665209
808,131.386,0.960069,652454
809,130.428,0.96412,655783
810,130.428,0.96412,653832
811,130.428,0.96412,661777
812,130.428,0.96412,656760
813,130.428,0.96412,671767
814,130.428,0.96412,653723
815,130.428,0.96412,664546
816,129.763,0.967014,656715
817,129.763,0.967014,658723
818,128.694,0.967593,660622
819,128.694,0.967593,665922
820,128.188,0.967593,667675
821,127.928,0.966435,657810
822,127.928,0.966435,670304
823,127.928,0.966435,666559
824,127.928,0.966435,668281
825,127.928,0.966435,661229
826,127.928,0.966435,657277
827,127.928,0.966435,652724
828,127.928,0.966435,669321
829,127.928,0.966435,664291
830,127.928,0.966435,654958
831,127.67,0.965278,666296
832,127.497,0.967014,655270
833,127.497,0.967014,667320
834,127.497,0.967014,653053
835,127.497,0.967014,662797
836,127.497,0.967014,654709
837,127.497,0.967014,653319
838,127.497,0.967014,660729
839,127.497,0.967014,657138
840,126.477,0.958912,653537
841,126.477,0.958912,654158
842,126.477,0.958912,660727
843,125.738,0.964699,654208
844,125.738,0.964699,652742
845,125.738,0.964699,662733
846,125.738,0.964699,663256
847,125.738,0.964699,655264
848,125.738,0.964699,659224
849,125.738,0.964699,654264
850,125.738,0.964699,658721
851,125.738,0.964699,651682
852,125.738,0.964699,652818
853,125.738,0.964699,665959
854,125.438,0.96412,656211
855,121.669,0.967593,661732
856,121.669,0.967593,657275
857,121.263,0.967593,653242
858,121.225,0.966435,654261
859,121.225,0.966435,652274
860,121.075,0.962384,652221
861,120.756,0.964699,652704
862,120.756,0.964699,652981
863,120.756,0.964699,659222
864,120.756,0.964699,655237
865,120.756,0.964699,654735
866,120.756,0.964699,657742
867,120.756,0.964699,656715
868,120.756,0.964699,664060
869,120.499,0.965856,653722
870,120.499,0.965856,660362
871,120.499,0.965856,657762
872,120.499,0.965856,653787
873,120.499,0.965856,654207
874,120.499,0.965856,662255
875,120.446,0.967593,657262
876,119.691,0.967014,661732
877,119.273,0.965278,654710
878,119.273,0.965278,656214
879,119.273,0.965278,653408
880,119.273,0.965278,656288
881,119.273,0.965278,654208
882,119.273,0.965278,658796
883,119.273,0.965278,665034
884,119.273,0.965278,655736
885,119.273,0.965278,662736
886,119.273,0.965278,679415
887,119.273,0.965278,656548
888,119.273,0.965278,655843
889,119.146,0.969329,653204
890,119.146,0.969329,656215
891,119.146,0.969329,652037
892,119.146,0.969329,655303
893,119.146,0.969329,667252
894,119.146,0.969329,671336
895,119.146,0.969329,653100
896,119.146,0.969329,654782
897,119.146,0.969329,659771
898,119.146,0.969329,653730
899,119.146,0.969329,655740
900,119.146,0.969329,653705
901,119.146,0.969329,670261
902,118.908,0.966435,653204
903,118.908,0.966435,652239
904,118.908,0.966435,653726
905,118.908,0.966435,653230
906,118.908,0.966435,653705
907,118.908,0.966435,653748
908,118.908,0.966435,678313
909,118.908,0.966435,671396
910,118.908,0.966435,685843
911,118.908,0.966435,654230
912,118.908,0.966435,652200
913,118.908,0.966435,654708
914,118.908,0.966435,650695
915,118.908,0.966435,654246
916,116.854,0.969907,652200
917,116.854,0.969907,661682
918,116.854,0.969907,653275
919,116.854,0.969907,651280
920,116.854,0.969907,652251
921,116.585,0.969329,653774
922,116.585,0.969329,666249
923,116.585,0.969329,667273
924,116.585,0.969329,665021
925,116.585,0.969329,654735
926,116.585,0.969329,653707
927,116.585,0.969329,652640
928,116.585,0.969329,655235
929,116.273,0.971644,656715
930,115.322,0.96875,655236
931,115.322,0.96875,659189
932,115.322,0.96875,657748
933,115.322,0.96875,655712
934,115.322,0.96875,659266
935,114.599,0.971644,652840
936,114.599,0.971644,655785
937,114.599,0.971644,661779
938,114.599,0.971644,656782
939,114.599,0.971644,653731
940,114.599,0.971644,652359
941,114.599,0.971644,653203
942,114.599,0.971644,656716
943,114.599,0.971644,658789
944,114.599,0.971644,653202
945,113.779,0.971644,657216
946,112.583,0.976273,653204
947,112.583,0.976273,660729
948,112.013,0.96412,662257
949,111.793,0.968171,654224
950,111.793,0.968171,652729
951,111.793,0.968171,657239
952,111.793,0.968171,653859
953,111.793,0.968171,657466
954,111.793,0.968171,657365
955,111.793,0.968171,653423
956,110.932,0.97338,653725
957,110.932,0.97338,655424
958,110.932,0.97338,665361
959,110.932,0.97338,655211
960,110.932,0.97338,651196
961,109.815,0.96875,652236
962,109.815,0.96875,653845
963,109.815,0.96875,652273
964,108.876,0.969907,658244
965,108.876,0.969907,651934
966,108.876,0.969907,653803
967,108.876,0.969907,653470
968,108.876,0.969907,652313
969,108.876,0.969907,650851
970,108.876,0.969907,657721
971,108.876,0.969907,655756
972,108.876,0.969907,657540
973,108.876,0.969907,656310
974,108.876,0.969907,652202
975,108.564,0.969329,675277
976,108.564,0.969329,665770
977,108.564,0.969329,654390
978,108.564,0.969329,667290
979,108.477,0.975116,666165
980,108.477,0.975116,651717
981,107.523,0.972801,655079
982,107.523,0.972801,654814
983,107.523,0.972801,656736
984,107.523,0.972801,665985
985,107.523,0.972801,653296
986,107.523,0.972801,654209
987,107.523,0.972801,656212
988,107.523,0.972801,652224
989,107.523,0.972801,657304
990,107.523,0.972801,686387
991,107.523,0.972801,655402
992,107.523,0.972801,653361
993,107.523,0.972801,658239
994,107.523,0.972801,653801
995,107.523,0.972801,654711
996,107.523,0.972801,688843
997,107.523,0.972801,652055
998,107.523,0.972801,657741
999,107.523,0.972801,655524
Done! Press enter to close the program.
