Normalizing data...
Randomizing order of the data...
Creating Neural Network (21, 13, 4)
Current weights set to:
0.0773003, -0.0511338, 0.0810663, 0.0241005, -0.0650258, 0.00574053, 0.0132603, -0.0586901, -0.0248329, -0.0898984, 0.0241737, -0.0599048, 0.0736869, -0.0384198, -0.0662465, -0.0959349, 0.0493332, -0.00514847, 0.0646413, 0.0853328, -0.0142674, -0.0607776, -0.0116245, -0.0091586, -0.00274361, 0.0458235, 0.0688772, 0.0769829, -0.0296304, -0.0114292, -0.0155431, -0.0914792, -0.0884213, -0.0547105, -0.0904355, -0.0616016, 0.0333293, 0.0651051, -0.0624317, -0.0356853, 0.00896939, 0.0284036, 0.0258217, 0.0186499, -0.071807, -0.0943175, 0.0441755, -0.0522385, -0.015952, 0.0214331, 0.00834681, 0.0370281, 0.0228553, 0.0293313, 0.0792474, -0.0622059, -0.0116977, -0.0949278, 0.00958586, 0.0526048, -0.00911588, 0.0629872, 0.0189856, 0.0347697, 0.0339946, -0.0972839, -0.0211158, -0.0412458, -0.0720634, -0.00768761, 0.0884274, 0.0174596, 0.0230445, -0.00624714, -0.0773614, -0.0973144, 0.0931944, -0.0625294, 0.0341227, -0.0748772, 0.000961333, -0.0481918, -0.0105319, 0.0299661, 0.0757073, 0.0539048, 0.0217811, -0.0354717, 0.035728, -0.0919248, -0.0196448, -0.0459456, -0.014127, -0.0418928, -0.0410566, -0.0580248, -0.0782647, 0.0395611, 0.0837947, -0.0491501, 0.0718009, 0.0784295, 0.0426252, 0.0203284, -0.0913388, -0.0176244, 0.0359783, 0.0782037, -0.0392865, -0.0691885, -0.0680349, 0.00104678, 0.0553941, -0.0299722, -0.0940794, 0.0204505, -0.0746208, -0.0803583, -0.054088, -0.0687613, 0.00891446, 0.0966857, -0.0943541, 0.0579455, -0.0244972, 0.0634571, 0.0858394, 0.0356548, 0.00824915, -0.0945311, 0.0253212, -0.0383953, -0.0258705, 0.0457686, 0.0832331, -0.0262551, -0.0866756, -0.0982604, 0.0934141, 0.0124302, -0.0209449, -0.0091525, 0.0723441, 0.0216773, 0.058916, -0.00863979, 0.0618519, -0.0539781, 0.00923795, -0.0355205, 0.0878231, -0.0206153, -0.0664968, 0.0439924, -0.0838191, 0.0221351, 0.0361919, -0.000234993, -0.012595, 0.00257881, 0.0832392, -0.0186377, 0.0107456, 0.0191992, 0.000405896, 0.0478988, -0.000448622, -0.0402081, 0.0408063, -0.00943327, 0.0287881, -0.046147, 0.0527573, 0.0539415, 0.0960997, -0.0856014, 0.0793512, 0.0623463, -0.0323527, -0.074517, 0.0208716, -0.0423933, -0.010062, -0.068334, -0.00862758, 0.0543382, -0.0510788, 0.0857356, -0.0994018, 0.0190466, -0.0423627, 0.0107639, 0.092645, 0.0793878, 0.0535875, -0.0669546, -0.0276345, 0.0696341, 0.0871395, -0.0582018, 0.0511032, 0.018833, -0.0178137, -0.0677847, -0.0573962, 0.0877255, -0.0496323, 0.0878719, -0.0592334, -0.0392376, -0.0600269, 0.0588855, -0.0898556, 0.0994629, -0.09906, 0.092053, -0.0793451, -0.0366863, -0.0529283, 0.0691031, -0.0423505, 0.00455031, -0.0032197, -0.090521, -0.0613453, -0.0570482, -0.0263771, 0.0938292, -0.032017, -0.0729667, -0.052208, -0.0356487, 0.0604724, 0.0877499, 0.0999573, -0.0415021, 0.0656484, 0.0910764, 0.0885189, 0.031962, 0.0235023, -0.00434889, -0.0982727, 0.0275246, 0.083166, 0.0217383, -0.0242286, 0.045732, 0.0157445, -0.0622181, 0.0601001, -0.0261513, 0.0525071, 0.0707816, 0.0113376, 0.0292459, 0.0797418, 0.0467269, -0.00312204, 0.0734672, -0.078515, 0.0674184, 0.0895871, -0.0467208, -0.0585681, 0.0297891, -0.065331, 0.0249367, 0.095172, 0.0941221, 0.070159, -0.0821711, 0.0641102, 0.00728477, -0.0179418, 0.0939512, 0.00227363, -0.0126316, 0.0756035, 0.0591723, -0.0727287, 0.0758293, 0.0437239, -0.0171545, 0.0865902, -0.0365154, 0.0140355, -0.0181799, -0.0694205, -0.00339061, -0.0443709, 0.0251259, 0.0233558, -0.0306497, -0.0731864, -0.0843501, -0.0772576, 0.00867641, 0.0451827, -0.0949889, -0.0392804, -0.0417707, -0.0388348, -0.00212714, -0.0445845, -0.0327982, -0.0836421, -0.0980407, -0.0139195, 0.0905576, -0.0321329, 0.0800653, 0.0621204, 0.00680258, 0.0598987, 0.0601978, 0.0175512, 0.0596667, -0.0761162, 0.0602344, 0.0621326, -0.0702383, 0.0884091, 0.0832514, -0.0796869, -0.0573595, -0.0199622, -0.0601917, -0.0105869, -0.0806207, -0.00342723, -0.0465255, 0.0480819, -0.0239601, -0.0663381, 0.00572222, -0.0534959, -0.0218116, 0.0462996, 0.0766106, 0.00944548, 0.0567248, -0.0737541, -0.062627, -0.0165746, 0.0912961, 0.0768365, -0.0487411, 0.0593249, -0.0324259, -0.0338786, 0.0387371, 0.00158391, -0.0854122, 0.0399762, -0.0365093, -0.0846492, -0.0716422, 0.0760674, -0.00467238, 0.0827021, -0.0118809, -0.0398236,


Starting training using GA on Car Evaluation Set
Press enter to start the training.

0,1547.44,0.241319,655235
1,1498.35,0.700231,657272
2,1385.07,0.700231,702412
3,1351.13,0.700231,680910
4,1296.92,0.700231,684068
5,1228.02,0.700231,673131
6,1193.03,0.700231,656214
7,1180.28,0.700231,657759
8,1028.54,0.700231,668756
9,995.103,0.700231,662235
10,982.988,0.700231,654074
11,935.33,0.700231,661842
12,934.624,0.700231,659266
13,856.352,0.700231,672822
14,838.721,0.700231,679369
15,829.727,0.700231,717978
16,807.494,0.700231,669115
17,788.675,0.700231,676932
18,781.145,0.700231,666830
19,778.02,0.700231,676807
20,778.02,0.700231,660753
21,771.661,0.700231,654733
22,766.297,0.700231,667753
23,765.925,0.700231,662819
24,759.225,0.700231,651976
25,759.225,0.700231,664287
26,757.989,0.700231,671469
27,754.821,0.700231,659773
28,751.02,0.700231,665246
29,748.681,0.700231,663239
30,736.333,0.700231,665853
31,731.641,0.700231,660912
32,731.641,0.700231,657341
33,718.187,0.700231,668857
34,718.187,0.700231,654209
35,712.766,0.700231,653765
36,703.612,0.700231,654228
37,702.362,0.700231,657087
38,699.694,0.700231,656736
39,699.694,0.700231,654848
40,692.259,0.700231,665931
41,683.883,0.700231,654245
42,683.883,0.700231,665865
43,683.883,0.700231,665246
44,679.752,0.700231,661593
45,674.415,0.700231,651893
46,670.152,0.703125,668327
47,667.447,0.700231,664793
48,653.45,0.700231,657236
49,653.45,0.700231,658722
50,649.81,0.700231,674438
51,641.014,0.700231,659725
52,641.014,0.700231,655056
53,630.943,0.700231,663238
54,630.943,0.700231,666022
55,614.914,0.704861,657217
56,614.914,0.704861,656243
57,612.474,0.715278,666372
58,612.474,0.715278,661260
59,592.61,0.702546,656265
60,592.61,0.702546,654343
61,588.46,0.748843,666273
62,588.46,0.748843,660289
63,583.499,0.702546,659753
64,577.681,0.747106,654274
65,572.763,0.715278,653940
66,549.784,0.762153,653270
67,549.784,0.762153,674672
68,549.784,0.762153,682018
69,545.408,0.72338,675423
70,542.982,0.777199,653823
71,532.517,0.770833,653343
72,525.366,0.797454,657287
73,525.366,0.797454,650856
74,522.164,0.770255,651918
75,516.168,0.739583,657789
76,501.808,0.788773,653730
77,501.808,0.788773,658263
78,501.808,0.788773,658342
79,488.506,0.836806,658789
80,486.991,0.771412,650859
81,474.551,0.821181,656755
82,474.551,0.821181,662909
83,471.05,0.793403,654282
84,471.05,0.793403,655885
85,471.05,0.793403,657553
86,467.101,0.834491,666983
87,465.995,0.818866,657744
88,454.387,0.826389,668472
89,454.387,0.826389,661229
90,450.646,0.810185,668282
91,450.646,0.810185,669952
92,449.123,0.798611,671324
93,441.803,0.829861,657837
94,441.803,0.829861,654355
95,437.741,0.835648,654232
96,437.086,0.851273,650290
97,431.688,0.84375,653260
98,429.906,0.85706,649434
99,429.906,0.85706,655250
100,426.522,0.847801,673410
101,424.194,0.851852,667498
102,424.194,0.851852,655859
103,417.233,0.857639,651301
104,417.233,0.857639,661730
105,417.233,0.857639,654742
106,411.622,0.854167,656716
107,411.622,0.854167,656236
108,411.622,0.854167,657236
109,408.66,0.850694,653322
110,406.104,0.860532,657851
111,406.104,0.860532,655971
112,406.104,0.860532,652856
113,404.113,0.854745,657029
114,404.113,0.854745,655840
115,401.261,0.859375,657524
116,397.03,0.854167,655208
117,397.03,0.854167,659751
118,397.03,0.854167,653222
119,397.03,0.854167,667751
120,397.03,0.854167,663790
121,393.98,0.858796,662878
122,391.909,0.868634,662234
123,391.437,0.862269,656215
124,390.066,0.862269,654207
125,389.331,0.862269,670819
126,389.331,0.862269,668837
127,389.331,0.862269,662234
128,389.331,0.862269,666367
129,388.637,0.854745,671874
130,385.851,0.860532,666248
131,385.851,0.860532,654992
132,385.851,0.860532,652703
133,384.628,0.87037,659725
134,384.628,0.87037,657121
135,383.094,0.870949,653759
136,382.124,0.869213,669758
137,377.445,0.866898,659223
138,375.735,0.867477,666987
139,375.735,0.867477,654319
140,373.138,0.855903,720486
141,373.138,0.855903,698708
142,373.138,0.855903,681299
143,370.874,0.866319,679175
144,370.874,0.866319,671765
145,370.874,0.866319,655293
146,369.279,0.871528,690194
147,365.194,0.870949,698029
148,365.194,0.870949,667754
149,365.194,0.870949,683496
150,365.194,0.870949,669305
151,363.288,0.87037,652930
152,356.221,0.868056,673296
153,356.221,0.868056,659320
154,352.43,0.87037,674775
155,352.43,0.87037,654834
156,352.43,0.87037,667781
157,352.43,0.87037,668276
158,352.43,0.87037,677017
159,352.43,0.87037,659349
160,350.246,0.868634,684896
161,350.246,0.868634,666747
162,350.1,0.876736,700889
163,347.197,0.866319,663300
164,347.197,0.866319,661731
165,347.197,0.866319,704879
166,347.197,0.866319,654754
167,345.872,0.872106,664844
168,345.872,0.872106,667445
169,345.872,0.872106,668317
170,345.872,0.872106,663940
171,343.483,0.864583,660227
172,343.483,0.864583,653854
173,340.756,0.87037,659224
174,340.756,0.87037,656210
175,340.756,0.87037,665834
176,340.756,0.87037,666246
177,340.756,0.87037,654292
178,340.44,0.869213,667753
179,339.75,0.863426,661229
180,339.75,0.863426,652229
181,339.75,0.863426,654710
182,339.75,0.863426,660897
183,339.75,0.863426,656366
184,331.581,0.861111,655274
185,331.581,0.861111,661731
186,331.581,0.861111,656707
187,331.581,0.861111,657718
188,331.581,0.861111,654232
189,331.581,0.861111,651700
190,327.91,0.87037,661731
191,327.91,0.87037,652784
192,327.91,0.87037,653726
193,327.91,0.87037,654226
194,325.795,0.869213,652756
195,325.795,0.869213,663767
196,325.795,0.869213,671767
197,325.795,0.869213,664240
198,325.795,0.869213,665244
199,325.795,0.869213,664240
200,325.795,0.869213,658812
201,325.748,0.866319,653230
202,325.748,0.866319,653245
203,325.748,0.866319,656738
204,324.691,0.872106,656793
205,324.691,0.872106,655909
206,324.691,0.872106,673775
207,324.149,0.867477,664307
208,324.098,0.869792,661734
209,322.519,0.866319,654310
210,322.519,0.866319,653629
211,322.519,0.866319,658434
212,322.445,0.865741,653252
213,322.445,0.865741,668300
214,322.445,0.865741,664959
215,320.974,0.866898,656065
216,320.974,0.866898,664863
217,320.974,0.866898,659286
218,320.974,0.866898,667798
219,318.852,0.871528,661029
220,318.852,0.871528,666016
221,318.852,0.871528,665462
222,318.852,0.871528,666801
223,318.852,0.871528,663758
224,318.852,0.871528,656715
225,318.852,0.871528,656238
226,318.852,0.871528,652963
227,318.852,0.871528,654246
228,318.423,0.869213,654729
229,314.815,0.867477,660381
230,313.236,0.873843,662716
231,313.236,0.873843,656717
232,312.123,0.869792,661296
233,312.123,0.869792,657360
234,312.123,0.869792,662893
235,312.123,0.869792,669325
236,311.614,0.872685,666768
237,311.614,0.872685,652536
238,310.279,0.872106,666399
239,310.279,0.872106,657462
240,310.279,0.872106,655789
241,310.279,0.872106,657346
242,310.128,0.875,658285
243,309.013,0.876736,652362
244,304.637,0.878472,663792
245,304.637,0.878472,659223
246,304.637,0.878472,665351
247,304.637,0.878472,654973
248,304.487,0.883102,661842
249,301.054,0.880787,661288
250,301.054,0.880787,664832
251,301.054,0.880787,670883
252,299.615,0.872685,658306
253,299.615,0.872685,683327
254,299.615,0.872685,671791
255,296.202,0.877315,664336
256,296.202,0.877315,661765
257,295.461,0.880208,668247
258,294.641,0.879051,663430
259,292.548,0.881366,652751
260,292.548,0.881366,664798
261,290.035,0.884838,657836
262,290.035,0.884838,669757
263,290.035,0.884838,655731
264,290.035,0.884838,655739
265,289.644,0.887153,655638
266,289.644,0.887153,654778
267,286.649,0.885417,661783
268,286.649,0.885417,656714
269,286.649,0.885417,657742
270,286.649,0.885417,665781
271,286.649,0.885417,671846
272,286.649,0.885417,653705
273,286.649,0.885417,670859
274,286.41,0.891782,665342
275,284.921,0.889468,663343
276,284.921,0.889468,660789
277,283.341,0.883102,666747
278,283.191,0.889468,662257
279,282.504,0.885417,661791
280,282.504,0.885417,667987
281,282.504,0.885417,662234
282,282.504,0.885417,658218
283,282.504,0.885417,654251
284,282.504,0.885417,666328
285,282.504,0.885417,667790
286,279.24,0.892361,653262
287,278.655,0.891782,659835
288,278.655,0.891782,652734
289,278.655,0.891782,656140
290,278.655,0.891782,663894
291,278.655,0.891782,655696
292,278.655,0.891782,654231
293,278.655,0.891782,662477
294,278.655,0.891782,655210
295,278.655,0.891782,655775
296,274.636,0.88831,657236
297,274.636,0.88831,661230
298,274.636,0.88831,653730
299,274.636,0.88831,652773
300,273.968,0.892361,654279
301,273.734,0.888889,667277
302,273.734,0.888889,660862
303,270.528,0.893519,654765
304,270.528,0.893519,659312
305,270.528,0.893519,657300
306,270.528,0.893519,654793
307,270.528,0.893519,654789
308,269.904,0.893519,658926
309,269.87,0.898148,655806
310,268.615,0.899306,656242
311,268.615,0.899306,668373
312,268.615,0.899306,655332
313,268.615,0.899306,664741
314,267.756,0.894676,665272
315,267.014,0.892361,662576
316,266.191,0.891782,667752
317,264.106,0.905671,664240
318,263.983,0.899884,658652
319,263.983,0.899884,655757
320,263.983,0.899884,668253
321,263.983,0.899884,670784
322,261.009,0.900463,669760
323,261.009,0.900463,711678
324,260.437,0.907986,675326
325,260.437,0.907986,661505
326,259.521,0.898148,661778
327,259.521,0.898148,661254
328,259.521,0.898148,654793
329,259.521,0.898148,671264
330,256.968,0.905093,658246
331,252.815,0.907986,681801
332,252.815,0.907986,696068
333,252.815,0.907986,663264
334,249.332,0.909722,664841
335,246.922,0.912616,658281
336,246.922,0.912616,661732
337,246.922,0.912616,673839
338,245.512,0.904514,654744
339,245.512,0.904514,660730
340,245.512,0.904514,666747
341,244.828,0.90625,654800
342,243.66,0.916088,664806
343,243.66,0.916088,664788
344,241.731,0.920139,665340
345,241.731,0.920139,663236
346,241.731,0.920139,666670
347,241.731,0.920139,654702
348,241.731,0.920139,659241
349,241.731,0.920139,659273
350,241.731,0.920139,655252
351,241.207,0.914931,659832
352,241.207,0.914931,653369
353,240.057,0.916667,654229
354,240.057,0.916667,662282
355,239.964,0.921296,654751
356,239.964,0.921296,653756
357,239.964,0.921296,654228
358,239.964,0.921296,657295
359,239.964,0.921296,656999
360,239.964,0.921296,653070
361,238.594,0.914352,660269
362,238.594,0.914352,668319
363,236.999,0.922454,663739
364,236.999,0.922454,661862
365,234.966,0.912037,663739
366,234.966,0.912037,659224
367,234.966,0.912037,671379
368,232.304,0.923611,673773
369,232.304,0.923611,652941
370,230.588,0.925926,652891
371,230.588,0.925926,652281
372,230.588,0.925926,653744
373,230.076,0.91956,672733
374,230.076,0.91956,655287
375,230.076,0.91956,654234
376,230.076,0.91956,675859
377,227.543,0.920139,662787
378,223.709,0.92419,658740
379,223.709,0.92419,655735
380,223.709,0.92419,666374
381,223.709,0.92419,657781
382,223.709,0.92419,663322
383,223.709,0.92419,652769
384,223.709,0.92419,667793
385,223.709,0.92419,663236
386,221.679,0.926505,657747
387,221.679,0.926505,654793
388,221.679,0.926505,653760
389,219.525,0.923611,667876
390,219.525,0.923611,671263
391,219.342,0.927662,664242
392,214.825,0.927662,668277
393,214.825,0.927662,654708
394,214.825,0.927662,654882
395,214.825,0.927662,662251
396,214.825,0.927662,651717
397,214.825,0.927662,673654
398,213.367,0.926505,664313
399,213.367,0.926505,674273
400,213.367,0.926505,677772
401,213.367,0.926505,656619
402,213.367,0.926505,679390
403,213.367,0.926505,664291
404,213.367,0.926505,655756
405,213.109,0.928241,660255
406,213.109,0.928241,675800
407,209.241,0.929398,677828
408,209.241,0.929398,675780
409,209.241,0.929398,707948
410,209.241,0.929398,677803
411,209.241,0.929398,658247
412,209.241,0.929398,664790
413,208.037,0.930556,675416
414,208.037,0.930556,684309
415,206.919,0.934028,675854
416,206.919,0.934028,683809
417,205.661,0.924769,679313
418,205.11,0.932292,676386
419,205.11,0.932292,665088
420,204.303,0.930556,689827
421,202.454,0.929398,665774
422,202.454,0.929398,673045
423,201.737,0.935185,679977
424,200.739,0.931134,671766
425,200.739,0.931134,655107
426,200.739,0.931134,664864
427,200.739,0.931134,660229
428,200.739,0.931134,661230
429,200.739,0.931134,663883
430,199.83,0.934606,662769
431,199.83,0.934606,668807
432,198.974,0.935764,684812
433,198.974,0.935764,652287
434,198.345,0.934606,662765
435,198.121,0.934606,651879
436,198.121,0.934606,654433
437,198.121,0.934606,651825
438,197.738,0.932292,653706
439,197.738,0.932292,652272
440,197.738,0.932292,652200
441,197.738,0.932292,671952
442,197.738,0.932292,668841
443,197.738,0.932292,652199
444,197.7,0.939815,659073
445,197.7,0.939815,651723
446,197.057,0.934028,650948
447,197.057,0.934028,660229
448,195.331,0.934028,665748
449,195.331,0.934028,653705
450,195.331,0.934028,654708
451,195.15,0.934606,651197
452,193.837,0.929398,654232
453,193.506,0.938079,654753
454,192.804,0.939815,658722
455,192.804,0.939815,658219
456,189.869,0.938657,651731
457,189.869,0.938657,665591
458,189.869,0.938657,655801
459,189.869,0.938657,658220
460,189.636,0.932292,654924
461,189.636,0.932292,653203
462,189.636,0.932292,653251
463,188.74,0.936343,661231
464,188.524,0.933449,655713
465,184.476,0.944444,654400
466,183.784,0.941551,680891
467,183.784,0.941551,662389
468,183.784,0.941551,658723
469,183.363,0.940972,653773
470,183.363,0.940972,660756
471,183.066,0.94213,665773
472,183.066,0.94213,672270
473,183.066,0.94213,661230
474,183.066,0.94213,660728
475,183.066,0.94213,673931
476,183.066,0.94213,662309
477,181.507,0.943866,663780
478,181.507,0.943866,664791
479,181.507,0.943866,662930
480,181.507,0.943866,655755
481,181.507,0.943866,659247
482,181.507,0.943866,651277
483,181.507,0.943866,654708
484,181.507,0.943866,650694
485,177.759,0.935764,659750
486,177.759,0.935764,651723
487,177.759,0.935764,662777
488,177.759,0.935764,662234
489,177.736,0.947338,654707
490,174.866,0.941551,650219
491,174.866,0.941551,654834
492,174.866,0.941551,655248
493,174.866,0.941551,660747
494,174.866,0.941551,653789
495,174.866,0.941551,652200
496,174.866,0.941551,656716
497,174.866,0.941551,651215
498,172.533,0.940972,655255
499,172.533,0.940972,652742
500,171.082,0.946181,658364
501,171.082,0.946181,663739
502,170.167,0.947917,661280
503,170.167,0.947917,660766
504,170.167,0.947917,660729
505,170.167,0.947917,659777
506,169.689,0.94213,662832
507,169.689,0.94213,676283
508,169.689,0.94213,664767
509,166.553,0.945023,655756
510,166.553,0.945023,660227
511,166.553,0.945023,657767
512,166.553,0.945023,651721
513,165.259,0.938657,660728
514,165.259,0.938657,653755
515,165.259,0.938657,651722
516,163.019,0.949653,662735
517,163.019,0.949653,663764
518,163.019,0.949653,652233
519,163.019,0.949653,652200
520,159.852,0.948495,652701
521,159.852,0.948495,654735
522,159.852,0.948495,654708
523,159.852,0.948495,654206
524,159.852,0.948495,652282
525,159.852,0.948495,651423
526,158.427,0.949653,653725
527,158.427,0.949653,656922
528,158.427,0.949653,659333
529,158.409,0.957176,653257
530,158.409,0.957176,653723
531,157.32,0.951389,656762
532,157.32,0.951389,658721
533,157.32,0.951389,653706
534,156.779,0.949074,664676
535,156.779,0.949074,658722
536,156.779,0.949074,662778
537,156.779,0.949074,662760
538,156.363,0.947338,657218
539,156.363,0.947338,660747
540,156.363,0.947338,670322
541,153.615,0.951389,662737
542,153.615,0.951389,652877
543,153.615,0.951389,656293
544,153.615,0.951389,652348
545,153.615,0.951389,667883
546,151.824,0.946759,652240
547,151.824,0.946759,654232
548,151.824,0.946759,658218
549,151.824,0.946759,658721
550,151.824,0.946759,654247
551,151.824,0.946759,655405
552,151.824,0.946759,654247
553,151.824,0.946759,666782
554,150.744,0.957176,677330
555,150.744,0.957176,662056
556,150.744,0.957176,663738
557,150.744,0.957176,652771
558,147.853,0.962384,655755
559,147.853,0.962384,656326
560,147.853,0.962384,666792
561,147.853,0.962384,666389
562,147.853,0.962384,660367
563,147.853,0.962384,652224
564,145.721,0.961227,653726
565,145.721,0.961227,655747
566,143.708,0.962963,656716
567,143.708,0.962963,657235
568,143.708,0.962963,660273
569,143.708,0.962963,654205
570,143.708,0.962963,659726
571,143.708,0.962963,666291
572,143.708,0.962963,650485
573,143.708,0.962963,653442
574,143.708,0.962963,657239
575,143.708,0.962963,661629
576,143.708,0.962963,670852
577,143.708,0.962963,649754
578,143.139,0.960648,659257
579,143.139,0.960648,650731
580,143.139,0.960648,653203
581,143.139,0.960648,661405
582,143.139,0.960648,663239
583,143.139,0.960648,658721
584,142.737,0.957176,657720
585,139,0.957176,669844
586,139,0.957176,662313
587,139,0.957176,653706
588,139,0.957176,652220
589,139,0.957176,666284
590,139,0.957176,659725
591,138.742,0.961806,656716
592,138.742,0.961806,657216
593,138.742,0.961806,661768
594,138.742,0.961806,654770
595,138.742,0.961806,652773
596,138.742,0.961806,650695
597,138.742,0.961806,660344
598,138.742,0.961806,650832
599,138.742,0.961806,653223
600,138.648,0.959491,675519
601,138.648,0.959491,654278
602,138.648,0.959491,659222
603,138.648,0.959491,658262
604,138.648,0.959491,652928
605,138.648,0.959491,666936
606,138.648,0.959491,651220
607,138.648,0.959491,652232
608,138.648,0.959491,651254
609,138.648,0.959491,652701
610,136.433,0.960648,654707
611,136.433,0.960648,656744
612,136.433,0.960648,671953
613,136.433,0.960648,661674
614,136.433,0.960648,658424
615,136.433,0.960648,655781
616,136.433,0.960648,666246
617,136.433,0.960648,657286
618,135.55,0.959491,657341
619,135.55,0.959491,661249
620,135.55,0.959491,681407
621,135.55,0.959491,655597
622,135.55,0.959491,660313
623,135.55,0.959491,698908
624,135.55,0.959491,685958
625,134.892,0.962963,653228
626,134.892,0.962963,655209
627,134.892,0.962963,655239
628,134.892,0.962963,651760
629,134.892,0.962963,656255
630,134.892,0.962963,662419
631,134.892,0.962963,657219
632,132.736,0.965856,658734
633,132.736,0.965856,672268
634,132.736,0.965856,694874
635,132.736,0.965856,688347
636,132.736,0.965856,666273
637,132.736,0.965856,692983
638,132.736,0.965856,686008
639,132.736,0.965856,662281
640,132.263,0.967593,657990
641,132.216,0.964699,681931
642,129.734,0.965856,669318
643,129.734,0.965856,658105
644,129.734,0.965856,656737
645,129.734,0.965856,673271
646,129.734,0.965856,656630
647,129.734,0.965856,658243
648,129.734,0.965856,658244
649,129.734,0.965856,655399
650,129.734,0.965856,653287
651,129.734,0.965856,650737
652,129.734,0.965856,652723
653,129.734,0.965856,654206
654,128.232,0.966435,653340
655,128.232,0.966435,659724
656,128.232,0.966435,653254
657,128.232,0.966435,669839
658,128.232,0.966435,652849
659,128.232,0.966435,654750
660,128.232,0.966435,657814
661,128.232,0.966435,655738
662,128.232,0.966435,661731
663,128.232,0.966435,652703
664,128.232,0.966435,659726
665,128.232,0.966435,656234
666,128.232,0.966435,669786
667,128.153,0.965278,657219
668,126.864,0.961806,656715
669,126.864,0.961806,660728
670,126.864,0.961806,653204
671,126.864,0.961806,651776
672,126.864,0.961806,655715
673,126.864,0.961806,661369
674,126.864,0.961806,653856
675,126.864,0.961806,654340
676,126.864,0.961806,664792
677,126.615,0.96412,661730
678,126.615,0.96412,659224
679,126.615,0.96412,661232
680,126.615,0.96412,656213
681,126.615,0.96412,659723
682,126.615,0.96412,663740
683,126.615,0.96412,655228
684,126.615,0.96412,653285
685,126.615,0.96412,651796
686,126.615,0.96412,658264
687,126.334,0.965278,673270
688,126.139,0.965856,663262
689,126.139,0.965856,661824
690,126.139,0.965856,679246
691,126.139,0.965856,651247
692,126.139,0.965856,658742
693,126.139,0.965856,653727
694,126.139,0.965856,658748
695,126.139,0.965856,654280
696,126.139,0.965856,665317
697,126.139,0.965856,669296
698,126.139,0.965856,657215
699,126.139,0.965856,653705
700,126.139,0.965856,658860
701,126.139,0.965856,660723
702,126.139,0.965856,661282
703,126.139,0.965856,656782
704,126.139,0.965856,655235
705,126.139,0.965856,655288
706,124.587,0.971644,659726
707,124.587,0.971644,659278
708,124.587,0.971644,663741
709,124.587,0.971644,653231
710,124.587,0.971644,655733
711,124.587,0.971644,669677
712,124.587,0.971644,654732
713,122.519,0.961227,661229
714,122.519,0.961227,659726
715,122.409,0.971065,668412
716,122.409,0.971065,656238
717,121.222,0.965278,671371
718,121.222,0.965278,659294
719,121.222,0.965278,659726
720,121.222,0.965278,668254
721,121.03,0.969329,673806
722,121.03,0.969329,653444
723,121.03,0.969329,655711
724,121.03,0.969329,656356
725,121.03,0.969329,661418
726,121.03,0.969329,672892
727,121.03,0.969329,651733
728,120.338,0.967014,670532
729,120.338,0.967014,658279
730,120.338,0.967014,654709
731,120.338,0.967014,673273
732,120.338,0.967014,653202
733,120.338,0.967014,652837
734,120.338,0.967014,662734
735,120.338,0.967014,663237
736,120.338,0.967014,668060
737,120.116,0.969907,671333
738,120.116,0.969907,657247
739,119.024,0.967593,664348
740,118.614,0.96875,663287
741,118.614,0.96875,660778
742,118.614,0.96875,655755
743,117.771,0.972801,672854
744,117.358,0.97338,660227
745,117.358,0.97338,653856
746,117.358,0.97338,657760
747,117.358,0.97338,654206
748,117.358,0.97338,652988
749,117.358,0.97338,661933
750,116.539,0.966435,656716
751,116.539,0.966435,675813
752,116.539,0.966435,651699
753,116.539,0.966435,652751
754,116.539,0.966435,653481
755,116.539,0.966435,651769
756,116.539,0.966435,655240
757,116.539,0.966435,658221
758,116.539,0.966435,655229
759,114.992,0.969329,652791
760,114.992,0.969329,665294
761,114.992,0.969329,672889
762,114.673,0.969329,660622
763,114.673,0.969329,654207
764,113.967,0.969907,673843
765,113.967,0.969907,655422
766,113.967,0.969907,659222
767,113.967,0.969907,656776
768,113.967,0.969907,656842
769,113.967,0.969907,687462
770,113.967,0.969907,660232
771,113.967,0.969907,688322
772,113.967,0.969907,660754
773,113.967,0.969907,665293
774,113.967,0.969907,654435
775,113.967,0.969907,662300
776,113.967,0.969907,655263
777,113.967,0.969907,663238
778,113.967,0.969907,660629
779,112.965,0.971065,658219
780,112.965,0.971065,654124
781,112.965,0.971065,658720
782,112.965,0.971065,663237
783,112.965,0.971065,664859
784,112.965,0.971065,660863
785,112.965,0.971065,652881
786,112.965,0.971065,670859
787,112.965,0.971065,670284
788,112.965,0.971065,653749
789,112.965,0.971065,665780
790,112.965,0.971065,674297
791,112.965,0.971065,660981
792,112.866,0.968171,657217
793,112.866,0.968171,655236
794,112.866,0.968171,665243
795,112.866,0.968171,657744
796,112.866,0.968171,667753
797,112.866,0.968171,657281
798,112.866,0.968171,687490
799,112.866,0.968171,657793
800,112.866,0.968171,660225
801,112.866,0.968171,667715
802,112.298,0.970486,654383
803,111.306,0.972801,657257
804,111.306,0.972801,667887
805,111.306,0.972801,672839
806,111.306,0.972801,683824
807,111.306,0.972801,670282
808,111.306,0.972801,681321
809,111.306,0.972801,657139
810,110.892,0.970486,660729
811,110.892,0.970486,664124
812,110.892,0.970486,658897
813,110.892,0.970486,672641
814,110.892,0.970486,656774
815,110.892,0.970486,680356
816,110.892,0.970486,699321
817,110.836,0.969907,670761
818,110.836,0.969907,657744
819,110.836,0.969907,656749
820,110.192,0.966435,654232
821,110.192,0.966435,661318
822,110.192,0.966435,654710
823,109.044,0.971065,657291
824,109.044,0.971065,661029
825,109.044,0.971065,661295
826,109.044,0.971065,660246
827,109.044,0.971065,655279
828,109.044,0.971065,653090
829,107.348,0.972801,651220
830,107.348,0.972801,654323
831,107.348,0.972801,653204
832,107.348,0.972801,657216
833,107.348,0.972801,653628
834,107.348,0.972801,668733
835,107.348,0.972801,664265
836,107.348,0.972801,657720
837,107.348,0.972801,665744
838,107.348,0.972801,656756
839,107.348,0.972801,652220
840,107.348,0.972801,663267
841,107.348,0.972801,664265
842,107.348,0.972801,652703
843,107.348,0.972801,655794
844,107.348,0.972801,650158
845,107.348,0.972801,653251
846,107.348,0.972801,667530
847,107.348,0.972801,653228
848,107.348,0.972801,654709
849,107.348,0.972801,659251
850,107.348,0.972801,652774
851,107.348,0.972801,663792
852,107.348,0.972801,655211
853,107.348,0.972801,653300
854,107.348,0.972801,659224
855,106.906,0.973958,653898
856,106.906,0.973958,652275
857,105.993,0.974537,661260
858,105.993,0.974537,662233
859,105.993,0.974537,651241
860,105.993,0.974537,656214
861,105.948,0.972222,656528
862,105.948,0.972222,660282
863,105.948,0.972222,655210
864,105.948,0.972222,654842
865,105.948,0.972222,654808
866,105.948,0.972222,656223
867,104.757,0.97338,653243
868,104.757,0.97338,668827
869,104.757,0.97338,660226
870,104.757,0.97338,666277
871,104.757,0.97338,664241
872,104.757,0.97338,676347
873,104.757,0.97338,657430
874,104.757,0.97338,656240
875,103.509,0.974537,654283
876,103.509,0.974537,660015
877,103.509,0.974537,655234
878,103.509,0.974537,660727
879,103.509,0.974537,665336
880,103.509,0.974537,654054
881,103.509,0.974537,650790
882,103.509,0.974537,650747
883,103.509,0.974537,661228
884,103.509,0.974537,667090
885,103.509,0.974537,655259
886,103.509,0.974537,654250
887,103.509,0.974537,656786
888,101.99,0.972801,671594
889,101.99,0.972801,670403
890,101.99,0.972801,654255
891,101.99,0.972801,664288
892,101.99,0.972801,656745
893,101.99,0.972801,663739
894,101.99,0.972801,661229
895,101.99,0.972801,660227
896,101.99,0.972801,662735
897,101.99,0.972801,664301
898,101.99,0.972801,659751
899,101.99,0.972801,653703
900,100.988,0.978009,655735
901,100.988,0.978009,657262
902,100.988,0.978009,652809
903,100.988,0.978009,650698
904,100.988,0.978009,661305
905,100.988,0.978009,660226
906,100.988,0.978009,664741
907,100.988,0.978009,663739
908,100.988,0.978009,663780
909,100.988,0.978009,659724
910,99.9417,0.975694,662685
911,99.9417,0.975694,653779
912,99.9417,0.975694,662273
913,99.9417,0.975694,672866
914,99.9417,0.975694,654735
915,99.8239,0.975116,656892
916,99.8239,0.975116,655760
917,99.8239,0.975116,654988
918,99.8239,0.975116,660225
919,99.8239,0.975116,657745
920,99.8239,0.975116,652226
921,99.8239,0.975116,663176
922,98.7348,0.975116,667753
923,98.7348,0.975116,662234
924,98.7348,0.975116,656707
925,98.7348,0.975116,660255
926,98.7348,0.975116,657719
927,98.7348,0.975116,670286
928,98.7348,0.975116,651354
929,98.7348,0.975116,650291
930,98.7348,0.975116,652748
931,98.7348,0.975116,659793
932,98.7348,0.975116,662762
933,98.7348,0.975116,653364
934,98.7348,0.975116,662234
935,98.7348,0.975116,662735
936,98.7348,0.975116,664307
937,98.7348,0.975116,656214
938,98.7348,0.975116,660727
939,98.7348,0.975116,673773
940,98.7348,0.975116,660728
941,98.7348,0.975116,666749
942,98.7348,0.975116,651739
943,98.7348,0.975116,663265
944,98.7348,0.975116,656237
945,98.0152,0.975694,652333
946,98.0152,0.975694,693102
947,98.0152,0.975694,653876
948,98.0152,0.975694,656916
949,97.3712,0.975694,651756
950,97.3712,0.975694,658911
951,97.3712,0.975694,651336
952,97.3712,0.975694,655212
953,97.1442,0.974537,653203
954,96.3076,0.979167,651233
955,96.3076,0.979167,650276
956,95.3981,0.976852,666881
957,95.3981,0.976852,652225
958,94.5706,0.980324,653448
959,94.5706,0.980324,653289
960,94.5706,0.980324,649874
961,94.2781,0.975116,663337
962,93.1643,0.974537,656870
963,93.1643,0.974537,659747
964,92.0633,0.978588,663782
965,92.0633,0.978588,650787
966,92.0633,0.978588,664943
967,91.0133,0.979745,664240
968,91.0133,0.979745,658723
969,91.0133,0.979745,660752
970,91.0133,0.979745,656870
971,91.0133,0.979745,656250
972,91.0133,0.979745,656132
973,91.0133,0.979745,653726
974,91.0133,0.979745,654076
975,91.0133,0.979745,672958
976,91.0133,0.979745,655232
977,91.0133,0.979745,654026
978,91.0133,0.979745,653270
979,90.6785,0.977431,656716
980,90.6785,0.977431,672268
981,90.6785,0.977431,663261
982,90.6785,0.977431,688407
983,90.6785,0.977431,661786
984,90.6785,0.977431,655421
985,90.6785,0.977431,658330
986,90.6785,0.977431,661776
987,90.6785,0.977431,679889
988,90.6785,0.977431,674274
989,90.6785,0.977431,656233
990,90.6785,0.977431,654063
991,90.6785,0.977431,657237
992,90.6785,0.977431,661044
993,90.6785,0.977431,654708
994,90.6785,0.977431,654809
995,90.6785,0.977431,657335
996,90.6785,0.977431,660229
997,90.6785,0.977431,655241
998,90.6785,0.977431,652795
999,90.6785,0.977431,668297
Done! Press enter to close the program.
