Normalizing data...
Randomizing order of the data...
Creating Neural Network (21, 13, 4)
Current weights set to:
0.0772759, 0.0832636, -0.0279702, 0.0772332, 0.0720206, -0.0182226, -0.00573443, -0.0408246, 0.074395, -0.0523728, 0.0250771, -0.0601733, -0.0614429, 0.0605945, -0.00169378, -0.00175481, 0.0856502, 0.0823969, 0.0534715, -0.0582568, -0.0839473, 0.0447371, 0.0967345, -0.05197, -0.091876, -0.0216773, -0.0611805, -0.0235817, -0.0906247, 0.064153, -0.0338603, -0.0204871, 0.0265542, -0.0116855, 0.00135197, -0.0535203, 0.0207801, -0.0183996, -0.0903806, -0.0907834, 0.0140294, -0.0749504, 0.00690023, -0.0573229, 0.0131748, 0.00285348, 0.0262917, 0.0905881, 0.05786, 0.0836787, 0.0989807, 0.0477706, 0.0984497, -0.0881771, -0.0942015, -0.0695914, 0.0103122, 0.0894162, 0.0557909, -0.0345622, 0.0506943, -0.0692618, 0.0479049, 0.030253, -0.035612, -0.0297403, 0.0722465, 0.0741997, 0.0445296, 0.00527665, 0.00694906, -0.0471908, -0.0453597, 0.0546312, 0.0670339, -0.093701, 0.0183691, -0.0852718, 0.0614551, 0.013358, -0.0170812, 0.0940062, -0.0853938, 0.0516343, -0.0373089, 0.00718711, 0.00858486, 0.0961241, -0.0308451, 0.0105869, 0.00226142, 0.086639, -0.0666616, -0.0403546, 0.0837397, 0.0957335, 0.0271706, 0.0699759, -0.0878903, -0.0718009, -0.0101962, -0.0368023, 0.00504471, -0.0164342, 0.0654225, 0.0787957, 0.0281838, 0.0125828, 0.0584765, -0.0668142, -0.0571093, 0.0992309, -0.0871822, 0.00737632, 0.0683828, 0.0992981, -0.0790582, -0.0556627, 0.0144993, 0.0668874, -0.0305216, 0.0374065, -0.0584277, -0.0999695, -0.0726981, 0.0909543, -0.0966247, -0.063274, -0.0174902, 0.0345683, -0.0704031, -0.0674306, 0.0343913, -0.0279763, 0.00394604, -0.0486679, -0.0531968, 0.0462203, -0.00570391, -0.000344859, -0.0309122, 0.00143132, 0.0909848, -0.0628895, -0.0691824, 0.0240394, 0.00954924, 0.0929502, -0.0833857, -0.0569384, -0.0857845, -0.0793207, 0.0273415, -0.0283242, -0.0817011, -0.0781182, -0.0662099, 0.0710013, -0.0821833, -0.0297098, 0.0292886, -0.0825861, 0.0145909, 0.0676199, 0.0873226, -0.0453475, 0.0849666, 0.0622181, 0.0304788, -0.0881588, -0.0494125, -0.0380902, -0.082934, 0.0689322, -0.0926695, -0.0278237, -0.0485824, 0.0504807, 0.0686453, 0.0910398, 0.024369, 0.0293802, 0.0796686, -0.00826136, -0.00993377, -0.0785516, 0.0582751, 0.0246986, -0.0147191, 0.0523728, -0.0807123, 0.0697134, -0.00235908, 0.0781426, -0.0617725, 0.069921, -0.0111301, 0.0402326, -0.0893612, -0.0214331, -0.0206091, -0.063152, -0.0364849, -0.050029, 0.000497452, 0.0913938, -0.0251991, -0.0941588, -0.0796381, 0.0994507, 0.0574267, -0.0917417, 0.0501083, 0.0355693, 0.0640248, 0.0705374, -0.0637928, -0.0989624, -0.031431, 0.0372356, 0.0454939, -0.00608844, 0.081286, -0.0354656, -0.0510605, -0.0173986, -0.0470931, 0.0323038, -0.0894223, -0.035844, -0.075219, 0.0189917, 0.0877255, 0.0886654, -0.0192236, -0.0292703, 0.048735, 0.030784, 0.0574999, 0.0957701, 0.0146702, 0.089935, 0.0689199, -0.0844417, -0.0690115, 0.000155644, 0.00170598, 0.00379955, -0.0244118, 0.0309977, -0.0624744, -0.055504, 0.00939055, 0.0607105, -0.0414777, 0.0405438, -0.024192, 0.00292062, -0.00772423, 0.00383007, -0.0447676, 0.068096, -0.0475753, -0.0416608, 0.0809198, 0.040965, 0.0313272, -0.0126743, 0.0223609, 0.0553148, -0.0992187, -0.0441328, 0.0425764, 0.0471847, 0.0773858, 0.0401471, -0.0645802, -0.0320902, 0.00839564, 0.0945189, 0.0492721, -0.0618702, -0.0652821, 0.0877621, -0.0967956, 0.0240944, 0.0870113, -0.0602222, 0.00212714, 0.017478, 0.071221, -0.0101657, -0.0431379, 0.0999268, -0.000119022, 0.0277261, -0.0843379, -0.02631, 0.02537, -0.080871, 0.0132237, -0.0605518, 0.0312784, -0.0436811, 0.0435896, -0.0973083, -0.0616626, -0.0345378, 0.0630726, -0.0101413, -0.0189978, -0.0981017, -0.0704337, -0.0445051, 0.0109836, -0.0354717, 0.084405, 0.0616626, -0.0160253, -0.0394574, -0.0169774, 0.0108737, 0.0858821, -0.0481246, 0.080755, 0.0138157, 0.0546983, -0.0855159, -0.0201025, -0.0269753, -0.0456404, 0.0417951, 0.0444319, 0.0639027, -0.0431684, 0.0235267, 0.088464, 0.0942076, -0.0114475, -0.068804, 0.0448347, -0.0767205, -0.00228584, 0.0414411, 0.0200415, -0.0775994, 0.0983947, 0.0285562, 0.0417035, -0.0427595, -0.0521043, 0.0573717, -0.0951292, 0.0739982, 0.013657, 0.00779138, 0.0234291, -0.0298441, 0.0856685, -0.0377667, 0.092822, 0.0313944, 0.0910154,


Starting training using GA on Car Evaluation Set
Press enter to start the training.

0,1520.04,0.700231,654740
1,1468.3,0.700231,658769
2,1374.86,0.700231,656486
3,1343.28,0.700231,687856
4,1161.6,0.700231,663599
5,1154.87,0.700231,656718
6,1057.6,0.700231,655752
7,1057.6,0.700231,664241
8,1029.43,0.700231,661231
9,1007.61,0.700231,656066
10,983.916,0.700231,658856
11,942.565,0.700231,661276
12,892.681,0.700231,671821
13,875.648,0.700231,666327
14,852.773,0.700231,718482
15,841.065,0.700231,688594
16,827.297,0.700231,657931
17,812.792,0.700231,653269
18,798.551,0.700231,653745
19,773.15,0.700231,657218
20,773.15,0.700231,661758
21,752.74,0.700231,664807
22,752.74,0.700231,656799
23,752.74,0.700231,651938
24,752.74,0.700231,676869
25,743.993,0.700231,651354
26,736.676,0.700231,656759
27,736.098,0.700231,665290
28,736.098,0.700231,653204
29,723.377,0.700231,654312
30,723.377,0.700231,661162
31,723.377,0.700231,671345
32,712.452,0.700231,659835
33,704.978,0.700231,657276
34,704.296,0.700231,653752
35,702.497,0.700231,652491
36,702.4,0.700231,653321
37,695.665,0.700231,655211
38,688.212,0.700231,660765
39,688.212,0.700231,652480
40,681.828,0.700231,653725
41,676.984,0.700231,652342
42,674.882,0.700231,661732
43,671.939,0.700231,659566
44,670.884,0.700231,652922
45,658.935,0.701389,654279
46,647.04,0.700231,658746
47,647.04,0.700231,654750
48,647.04,0.700231,655736
49,633.981,0.700231,652360
50,633.366,0.700231,658220
51,624.271,0.710069,653529
52,619.749,0.74537,655735
53,610.846,0.702546,658494
54,600.342,0.70544,652200
55,595.187,0.70544,655714
56,586.836,0.746528,654785
57,579.59,0.744213,655317
58,572.842,0.758681,660727
59,572.842,0.758681,654850
60,572.842,0.758681,653752
61,570.521,0.704282,655300
62,551.129,0.743634,658221
63,551.129,0.743634,665088
64,551.129,0.743634,665459
65,551.129,0.743634,676331
66,551.129,0.743634,654114
67,548.59,0.745949,657308
68,543.989,0.733796,651445
69,543.989,0.733796,652867
70,543.989,0.733796,660835
71,543.989,0.733796,653334
72,532.338,0.738426,662849
73,521.206,0.788194,653406
74,512.413,0.769097,653246
75,512.413,0.769097,651685
76,512.413,0.769097,651786
77,507.964,0.787616,650842
78,503.515,0.770255,665785
79,501.373,0.768519,668894
80,500.032,0.793981,651859
81,493.766,0.827546,670762
82,487.505,0.844907,651871
83,487.505,0.844907,655908
84,484.361,0.80787,655899
85,480.367,0.858218,656149
86,472.341,0.850694,669283
87,472.341,0.850694,652413
88,468.4,0.842014,652723
89,466.225,0.798611,652702
90,459.999,0.82581,652900
91,458.964,0.858796,657260
92,458.964,0.858796,651283
93,452.339,0.838542,673840
94,452.204,0.832755,653810
95,452.169,0.826968,652773
96,446.564,0.844329,664255
97,444.004,0.818287,654356
98,438.065,0.839699,651870
99,436.928,0.829282,665292
100,433.489,0.84375,652534
101,431.633,0.844329,657365
102,429.163,0.853009,655274
103,429.163,0.853009,668317
104,429.163,0.853009,655212
105,422.092,0.844907,657251
106,422.092,0.844907,655712
107,419.012,0.861111,653226
108,417.347,0.853009,654751
109,413.392,0.855324,657312
110,412.486,0.84838,652888
111,412.486,0.84838,654474
112,410.404,0.860532,650371
113,404.33,0.837963,652784
114,403.813,0.842593,653874
115,400.328,0.855324,651466
116,400.328,0.855324,663233
117,400.328,0.855324,651242
118,398.68,0.849537,657216
119,398.68,0.849537,654734
120,391.308,0.867477,655736
121,389.191,0.860532,657877
122,389.191,0.860532,659725
123,389.191,0.860532,663239
124,389.191,0.860532,653707
125,387.725,0.855324,652294
126,387.725,0.855324,656845
127,387.725,0.855324,658219
128,387.568,0.855324,659844
129,387.568,0.855324,654313
130,387.568,0.855324,651220
131,385.728,0.860532,651960
132,385.728,0.860532,653706
133,385.728,0.860532,663264
134,385.728,0.860532,655591
135,385.719,0.850116,654286
136,385.719,0.850116,657718
137,383.015,0.863426,653708
138,381.243,0.873264,655950
139,381.243,0.873264,657829
140,380.96,0.863426,683337
141,375.818,0.862269,683156
142,375.818,0.862269,672771
143,375.818,0.862269,680680
144,375.818,0.862269,680296
145,375.818,0.862269,669838
146,375.818,0.862269,657085
147,375.818,0.862269,667428
148,372.627,0.856481,656717
149,371.981,0.862269,653395
150,371.981,0.862269,655738
151,370.546,0.868634,652454
152,370.546,0.868634,683327
153,367.187,0.864005,686395
154,367.187,0.864005,663238
155,367.187,0.864005,655337
156,366.148,0.861111,656744
157,365.52,0.867477,673292
158,364.41,0.86169,662470
159,359.601,0.868634,660321
160,359.601,0.868634,683388
161,359.601,0.868634,668252
162,359.427,0.862847,665795
163,357.958,0.873843,659291
164,357.796,0.866319,667272
165,352.304,0.87037,683305
166,352.304,0.87037,665793
167,352.304,0.87037,660280
168,350.48,0.877315,650907
169,350.48,0.877315,652295
170,350.48,0.877315,660428
171,350.48,0.877315,660728
172,345.174,0.873264,654356
173,345.174,0.873264,652704
174,345.174,0.873264,650691
175,345.174,0.873264,662804
176,345.174,0.873264,651696
177,345.174,0.873264,651260
178,345.174,0.873264,653732
179,342.67,0.86169,656735
180,342.67,0.86169,661733
181,342.67,0.86169,668782
182,339.809,0.877315,666418
183,339.809,0.877315,653377
184,339.663,0.877315,654272
185,339.663,0.877315,653203
186,339.568,0.87037,665738
187,334.843,0.87963,662233
188,334.843,0.87963,654208
189,334.843,0.87963,659723
190,334.843,0.87963,651698
191,334.352,0.876157,650752
192,334.352,0.876157,652755
193,333.383,0.882523,657737
194,332.379,0.876736,653774
195,332.379,0.876736,650753
196,330.744,0.877315,662232
197,330.744,0.877315,653705
198,330.744,0.877315,661230
199,330.744,0.877315,660728
200,329.289,0.881366,654733
201,327.047,0.880787,651223
202,327.047,0.880787,653243
203,327.047,0.880787,660253
204,327.047,0.880787,657718
205,327.047,0.880787,651475
206,323.188,0.877315,652702
207,323.188,0.877315,658219
208,323.188,0.877315,662269
209,323.188,0.877315,665320
210,323.152,0.876736,651149
211,322.874,0.883102,657935
212,319.788,0.882523,652704
213,319.788,0.882523,654827
214,319.788,0.882523,650351
215,319.788,0.882523,654292
216,319.788,0.882523,651147
217,319.788,0.882523,658745
218,317.499,0.880787,665331
219,315.262,0.877894,659955
220,315.262,0.877894,654550
221,315.262,0.877894,666626
222,315.262,0.877894,652594
223,315.262,0.877894,664242
224,313.982,0.884259,654205
225,313.982,0.884259,656238
226,313.535,0.877894,655883
227,313.535,0.877894,657810
228,308.443,0.881944,650695
229,308.443,0.881944,655276
230,308.443,0.881944,653386
231,308.443,0.881944,654631
232,307.13,0.876736,657785
233,307.13,0.876736,663237
234,306.532,0.893519,667006
235,304.34,0.888889,653842
236,301.362,0.881366,668757
237,301.362,0.881366,651926
238,301.362,0.881366,662945
239,301.362,0.881366,666558
240,300.247,0.893519,656791
241,298.852,0.87963,654761
242,298.852,0.87963,654811
243,291.714,0.893519,662318
244,291.714,0.893519,661874
245,291.714,0.893519,656238
246,291.714,0.893519,652631
247,291.714,0.893519,654021
248,291.714,0.893519,655452
249,291.714,0.893519,654274
250,291.26,0.89294,654305
251,291.26,0.89294,670285
252,291.26,0.89294,664384
253,290.458,0.88831,664802
254,290.42,0.884838,675325
255,290.42,0.884838,651758
256,290.42,0.884838,660259
257,290.42,0.884838,658254
258,288.482,0.88831,662292
259,288.482,0.88831,666401
260,288.482,0.88831,663261
261,288.482,0.88831,653862
262,288.482,0.88831,671785
263,288.482,0.88831,657737
264,287.545,0.884259,671267
265,287.545,0.884259,660254
266,286.675,0.892361,654201
267,286.675,0.892361,654208
268,285.81,0.896991,659274
269,283.455,0.895833,664745
270,283.455,0.895833,664742
271,283.455,0.895833,656775
272,283.455,0.895833,655320
273,280.427,0.894676,656763
274,280.427,0.894676,669809
275,280.427,0.894676,652297
276,280.409,0.890625,657407
277,280.409,0.890625,653705
278,280.409,0.890625,651700
279,276.688,0.888889,656214
280,276.688,0.888889,665034
281,276.688,0.888889,658220
282,276.688,0.888889,669258
283,276.688,0.888889,662252
284,271.664,0.892361,660731
285,269.076,0.899884,659304
286,269.076,0.899884,654814
287,269.076,0.899884,654286
288,266.307,0.910301,651753
289,266.307,0.910301,654590
290,266.307,0.910301,665927
291,266.128,0.899306,661773
292,266.128,0.899306,653231
293,261.701,0.901042,666748
294,261.701,0.901042,665488
295,260.977,0.900463,657742
296,260.977,0.900463,651741
297,258.657,0.902778,664742
298,258.657,0.902778,678791
299,258.657,0.902778,655257
300,258.657,0.902778,671289
301,258.657,0.902778,668352
302,258.657,0.902778,669851
303,257.439,0.906829,662778
304,257.439,0.906829,661377
305,256.343,0.915509,657719
306,254.698,0.903935,654291
307,254.698,0.903935,650779
308,254.698,0.903935,651926
309,254.698,0.903935,653780
310,254.698,0.903935,660833
311,254.698,0.903935,663238
312,253.727,0.909144,654326
313,253.727,0.909144,654829
314,253.727,0.909144,654711
315,253.727,0.909144,654575
316,253.727,0.909144,667250
317,253.727,0.909144,651698
318,253.727,0.909144,660789
319,252.929,0.908565,659114
320,252.929,0.908565,660248
321,252.929,0.908565,658746
322,252.929,0.908565,680797
323,251.755,0.909144,674293
324,250.763,0.914931,717697
325,250.329,0.903935,668536
326,250.329,0.903935,654759
327,247.48,0.91088,669284
328,247.48,0.91088,661408
329,247.48,0.91088,655267
330,245.804,0.917245,667277
331,245.804,0.917245,660253
332,245.804,0.917245,657942
333,245.804,0.917245,672267
334,245.804,0.917245,667805
335,243.101,0.914352,667345
336,243.101,0.914352,666788
337,242.494,0.924769,662275
338,242.494,0.924769,651726
339,242.494,0.924769,676799
340,242.494,0.924769,675277
341,242.494,0.924769,655713
342,242.494,0.924769,652818
343,242.494,0.924769,653243
344,242.494,0.924769,652240
345,242.494,0.924769,651235
346,242.494,0.924769,651698
347,242.494,0.924769,654681
348,236.932,0.916088,650656
349,236.932,0.916088,656261
350,236.848,0.92419,653704
351,236.848,0.92419,652241
352,235.102,0.928819,654377
353,235.102,0.928819,664345
354,235.102,0.928819,653227
355,234.25,0.920718,660291
356,234.203,0.933449,672846
357,230.606,0.925926,651717
358,230.606,0.925926,660730
359,230.606,0.925926,664344
360,226.52,0.932292,651075
361,226.52,0.932292,653952
362,225.126,0.92419,651782
363,225.126,0.92419,657242
364,224.366,0.93287,664241
365,222.206,0.930556,652329
366,222.206,0.930556,659727
367,220.639,0.934028,658240
368,220.639,0.934028,656809
369,220.639,0.934028,654959
370,219.665,0.929977,658241
371,219.665,0.929977,653435
372,219.665,0.929977,667774
373,219.665,0.929977,662299
374,219.665,0.929977,661670
375,219.665,0.929977,654311
376,219.665,0.929977,659725
377,219.665,0.929977,653784
378,219.665,0.929977,656264
379,219.665,0.929977,655210
380,218.138,0.929398,655735
381,218.138,0.929398,661905
382,218.138,0.929398,666264
383,218.138,0.929398,655313
384,218.138,0.929398,651289
385,218.138,0.929398,651219
386,218.138,0.929398,655209
387,217.437,0.934028,651726
388,217.437,0.934028,652284
389,217.437,0.934028,664798
390,214.754,0.928819,653830
391,214.754,0.928819,660726
392,214.754,0.928819,653205
393,212.82,0.927662,654230
394,212.82,0.927662,652199
395,212.82,0.927662,651874
396,211.687,0.933449,657234
397,211.687,0.933449,656775
398,211.687,0.933449,666589
399,211.687,0.933449,658771
400,211.26,0.932292,674275
401,209.457,0.933449,676267
402,208.733,0.938079,661636
403,207.939,0.932292,678385
404,207.939,0.932292,675830
405,207.939,0.932292,653278
406,207.939,0.932292,658722
407,202.244,0.930556,658811
408,202.244,0.930556,676282
409,202.244,0.930556,669257
410,202.244,0.930556,666810
411,202.244,0.930556,674812
412,202.244,0.930556,660755
413,202.244,0.930556,665792
414,202.244,0.930556,662873
415,202.244,0.930556,663237
416,201.347,0.931713,671312
417,201.347,0.931713,670262
418,200.979,0.934606,675301
419,200.477,0.941551,661837
420,200.477,0.941551,656060
421,199.491,0.945602,679291
422,199.491,0.945602,664768
423,199.167,0.943866,669282
424,199.167,0.943866,662920
425,199.167,0.943866,668756
426,195.655,0.935764,661772
427,195.655,0.935764,712167
428,195.655,0.935764,654757
429,195.655,0.935764,652700
430,195.655,0.935764,668354
431,195.214,0.944444,664286
432,195.214,0.944444,674357
433,195.214,0.944444,675781
434,195.214,0.944444,651810
435,195.214,0.944444,655741
436,195.214,0.944444,657370
437,195.214,0.944444,652423
438,195.214,0.944444,660831
439,192.099,0.945602,654281
440,190.239,0.942708,649764
441,190.239,0.942708,657218
442,190.239,0.942708,663407
443,190.239,0.942708,659856
444,190.239,0.942708,659223
445,190.239,0.942708,652552
446,189.432,0.945023,650719
447,189.432,0.945023,648940
448,189.432,0.945023,655233
449,189.432,0.945023,654208
450,189.432,0.945023,665244
451,189.432,0.945023,666749
452,189.432,0.945023,651700
453,189.432,0.945023,656741
454,189.432,0.945023,659763
455,189.432,0.945023,651237
456,189.432,0.945023,652700
457,189.432,0.945023,656245
458,189.432,0.945023,659312
459,189.432,0.945023,662082
460,189.432,0.945023,654708
461,187.479,0.941551,653419
462,187.479,0.941551,657718
463,187.479,0.941551,649765
464,187.479,0.941551,651196
465,187.479,0.941551,656715
466,187.479,0.941551,652897
467,187.479,0.941551,668849
468,187.479,0.941551,661840
469,187.479,0.941551,670808
470,187.479,0.941551,658263
471,187.479,0.941551,656263
472,186.198,0.947338,652228
473,186.198,0.947338,654206
474,186.198,0.947338,654207
475,186.198,0.947338,664742
476,186.198,0.947338,674290
477,185.487,0.945602,659301
478,180.113,0.949074,658240
479,180.113,0.949074,656238
480,179.316,0.948495,652418
481,176.798,0.952546,652746
482,174.911,0.943866,652727
483,174.911,0.943866,651246
484,174.911,0.943866,663737
485,174.911,0.943866,654710
486,174.911,0.943866,653707
487,174.911,0.943866,651722
488,174.911,0.943866,654759
489,174.911,0.943866,657720
490,174.911,0.943866,660228
491,174.911,0.943866,652725
492,173.745,0.949074,649765
493,173.745,0.949074,661770
494,173.745,0.949074,654222
495,173.745,0.949074,649795
496,173.745,0.949074,652723
497,170.71,0.945023,656716
498,170.71,0.945023,657721
499,170.71,0.945023,659241
500,170.71,0.945023,650780
501,170.71,0.945023,651794
502,170.71,0.945023,653227
503,170.71,0.945023,652752
504,170.71,0.945023,658258
505,170.71,0.945023,657217
506,170.71,0.945023,653706
507,168.449,0.947917,652851
508,168.169,0.951968,656212
509,168.169,0.951968,659247
510,168.169,0.951968,653726
511,168.169,0.951968,652223
512,168.169,0.951968,651245
513,168.169,0.951968,654207
514,168.169,0.951968,653226
515,168.169,0.951968,662765
516,168.169,0.951968,660248
517,168.169,0.951968,653728
518,167.095,0.945602,653707
519,166.165,0.953704,654273
520,166.165,0.953704,656215
521,166.165,0.953704,656214
522,166.165,0.953704,658222
523,166.165,0.953704,650749
524,166.165,0.953704,655078
525,166.165,0.953704,655272
526,164.991,0.95081,651836
527,164.991,0.95081,650328
528,164.991,0.95081,653774
529,164.991,0.95081,653952
530,164.991,0.95081,653760
531,164.991,0.95081,657738
532,164.991,0.95081,654229
533,164.991,0.95081,658243
534,164.991,0.95081,653205
535,164.094,0.954861,656574
536,164.094,0.954861,653278
537,164.094,0.954861,652745
538,164.094,0.954861,656239
539,164.094,0.954861,658721
540,164.094,0.954861,662754
541,164.094,0.954861,655792
542,164.094,0.954861,658220
543,164.094,0.954861,663334
544,163.063,0.952546,650342
545,163.063,0.952546,651846
546,163.063,0.952546,650907
547,163.063,0.952546,659225
548,161.493,0.957755,660268
549,161.493,0.957755,667063
550,161.493,0.957755,665244
551,161.458,0.953125,654710
552,161.458,0.953125,649817
553,161.458,0.953125,650848
554,160.077,0.956597,651732
555,157.407,0.951389,656761
556,157.407,0.951389,652703
557,155.417,0.954282,654029
558,155.417,0.954282,655763
559,155.417,0.954282,651244
560,155.417,0.954282,652720
561,155.417,0.954282,649826
562,155.417,0.954282,649763
563,155.417,0.954282,651299
564,155.417,0.954282,652782
565,155.417,0.954282,653731
566,155.417,0.954282,654265
567,155.243,0.961806,652202
568,154.571,0.953704,654225
569,154.571,0.953704,656717
570,154.27,0.960069,661779
571,154.27,0.960069,659723
572,152.608,0.956597,653205
573,152.608,0.956597,664015
574,152.608,0.956597,651884
575,152.608,0.956597,652833
576,152.608,0.956597,654628
577,152.608,0.956597,655238
578,152.608,0.956597,650781
579,152.608,0.956597,654245
580,152.608,0.956597,656248
581,152.608,0.956597,654207
582,152.492,0.956597,658240
583,152.492,0.956597,650851
584,152.492,0.956597,650694
585,151.42,0.957755,658222
586,151.42,0.957755,655275
587,151.42,0.957755,656734
588,148.903,0.957176,652755
589,148.903,0.957176,651199
590,148.903,0.957176,651218
591,148.903,0.957176,651733
592,148.903,0.957176,659727
593,147.681,0.957755,653705
594,147.681,0.957755,654205
595,147.681,0.957755,652237
596,147.681,0.957755,652262
597,147.681,0.957755,652247
598,147.681,0.957755,655713
599,147.681,0.957755,661848
600,147.681,0.957755,651855
601,147.681,0.957755,659225
602,147.681,0.957755,651938
603,147.681,0.957755,650230
604,147.681,0.957755,666749
605,147.681,0.957755,656784
606,147.681,0.957755,653881
607,147.453,0.958333,650904
608,146.818,0.958333,653705
609,143.075,0.958333,651775
610,143.075,0.958333,657757
611,143.075,0.958333,659727
612,143.075,0.958333,662232
613,143.075,0.958333,655239
614,143.075,0.958333,662444
615,143.075,0.958333,655629
616,143.075,0.958333,665430
617,143.075,0.958333,656807
618,143.075,0.958333,660729
619,139.963,0.958912,661394
620,139.963,0.958912,708989
621,139.963,0.958912,654816
622,139.963,0.958912,662759
623,139.963,0.958912,685700
624,139.963,0.958912,658831
625,139.963,0.958912,669760
626,139.963,0.958912,653849
627,139.775,0.965278,657242
628,139.775,0.965278,651739
629,139.775,0.965278,661258
630,139.775,0.965278,653768
631,139.775,0.965278,662274
632,139.775,0.965278,662924
633,139.775,0.965278,651700
634,139.775,0.965278,662247
635,139.775,0.965278,662234
636,139.775,0.965278,662810
637,139.775,0.965278,706431
638,139.775,0.965278,673299
639,139.775,0.965278,701542
640,139.775,0.965278,663909
641,139.775,0.965278,659246
642,137.651,0.965278,654510
643,137.651,0.965278,656318
644,137.651,0.965278,657778
645,137.651,0.965278,652084
646,137.651,0.965278,652222
647,137.556,0.961806,658219
648,137.556,0.961806,679709
649,137.556,0.961806,655235
650,137.556,0.961806,668280
651,136.913,0.967593,654394
652,136.913,0.967593,654292
653,136.913,0.967593,656277
654,136.913,0.967593,654727
655,136.412,0.967014,656713
656,132.87,0.965278,651332
657,132.87,0.965278,667251
658,132.87,0.965278,652252
659,132.87,0.965278,653286
660,132.87,0.965278,663367
661,132.87,0.965278,667807
662,132.87,0.965278,664307
663,132.87,0.965278,661758
664,132.87,0.965278,650696
665,132.87,0.965278,665744
666,132.87,0.965278,662234
667,132.87,0.965278,651720
668,132.87,0.965278,653730
669,132.87,0.965278,664743
670,132.87,0.965278,667251
671,132.87,0.965278,669259
672,132.87,0.965278,653728
673,131.122,0.972222,658798
674,131.122,0.972222,660729
675,131.122,0.972222,656853
676,131.122,0.972222,653333
677,131.122,0.972222,654799
678,131.122,0.972222,654757
679,131.122,0.972222,659727
680,131.122,0.972222,664742
681,131.122,0.972222,658222
682,131.122,0.972222,667249
683,130.846,0.966435,669259
684,130.846,0.966435,661733
685,130.846,0.966435,652773
686,130.846,0.966435,657247
687,129.93,0.970486,657315
688,129.93,0.970486,659768
689,129.93,0.970486,653203
690,129.666,0.964699,654255
691,129.666,0.964699,657286
692,129.666,0.964699,654687
693,129.666,0.964699,652227
694,128.249,0.970486,661752
695,128.249,0.970486,659248
696,128.249,0.970486,653247
697,126.257,0.969907,656285
698,126.257,0.969907,657264
699,126.257,0.969907,660254
700,126.257,0.969907,663740
701,126.257,0.969907,659727
702,126.257,0.969907,656852
703,126.257,0.969907,650690
704,125.611,0.969907,654759
705,125.611,0.969907,659793
706,125.598,0.969329,654464
707,125.545,0.966435,652277
708,125.545,0.966435,650695
709,125.545,0.966435,655265
710,125.545,0.966435,656717
711,125.545,0.966435,663285
712,125.545,0.966435,654730
713,125.545,0.966435,664159
714,125.545,0.966435,679316
715,125.545,0.966435,654708
716,125.545,0.966435,660229
717,125.545,0.966435,655869
718,125.545,0.966435,653229
719,124.541,0.972801,654330
720,124.541,0.972801,651268
721,123.476,0.961806,650693
722,123.172,0.972222,655711
723,122.123,0.972801,652234
724,122.123,0.972801,660468
725,122.123,0.972801,664241
726,122.123,0.972801,657817
727,122.123,0.972801,667941
728,119.334,0.96875,653326
729,119.334,0.96875,654745
730,119.334,0.96875,654982
731,119.334,0.96875,666340
732,119.334,0.96875,657218
733,119.334,0.96875,660731
734,119.334,0.96875,654708
735,119.334,0.96875,652807
736,116.384,0.969907,657717
737,116.384,0.969907,660229
738,116.384,0.969907,669038
739,116.384,0.969907,665340
740,116.384,0.969907,675310
741,116.384,0.969907,655817
742,116.384,0.969907,652751
743,116.384,0.969907,650744
744,113.485,0.97338,653245
745,113.485,0.97338,676366
746,113.485,0.97338,661232
747,113.485,0.97338,655864
748,113.485,0.97338,656256
749,112.908,0.977431,654208
750,112.908,0.977431,657444
751,112.355,0.976852,659496
752,111.662,0.971065,662733
753,110.59,0.973958,660766
754,110.59,0.973958,650693
755,110.59,0.973958,654208
756,110.59,0.973958,650516
757,110.59,0.973958,681369
758,110.59,0.973958,666277
759,110.59,0.973958,673271
760,110.309,0.971065,652721
761,110.309,0.971065,659313
762,109.775,0.972222,652728
763,109.775,0.972222,656836
764,109.775,0.972222,669812
765,108.773,0.972801,673773
766,108.773,0.972801,657789
767,108.581,0.969907,654708
768,108.581,0.969907,653702
769,108.331,0.971065,669820
770,108.331,0.971065,658347
771,108.331,0.971065,665244
772,107.52,0.973958,658847
773,107.52,0.973958,663239
774,107.52,0.973958,661255
775,107.52,0.973958,689849
776,107.52,0.973958,655938
777,107.52,0.973958,679793
778,107.263,0.969907,667890
779,107.263,0.969907,666247
780,106.927,0.972801,707310
781,106.927,0.972801,659225
782,105.135,0.972222,653623
783,105.135,0.972222,665746
784,105.135,0.972222,658722
785,105.135,0.972222,658839
786,105.135,0.972222,653793
787,105.135,0.972222,657393
788,104.635,0.97338,660325
789,104.635,0.97338,655234
790,104.635,0.97338,654751
791,104.635,0.97338,660261
792,104.635,0.97338,657218
793,104.635,0.97338,673022
794,103.812,0.971644,680796
795,103.812,0.971644,658247
796,103.812,0.971644,676282
797,103.812,0.971644,654737
798,103.812,0.971644,658221
799,103.812,0.971644,664808
800,103.812,0.971644,657361
801,103.812,0.971644,655783
802,103.812,0.971644,650696
803,103.812,0.971644,662701
804,103.812,0.971644,651021
805,103.303,0.977431,664280
806,103.303,0.977431,657855
807,103.303,0.977431,689897
808,103.303,0.977431,659240
809,103.095,0.976852,693862
810,103.095,0.976852,690351
811,103.095,0.976852,659007
812,103.095,0.976852,661730
813,102.568,0.975116,663121
814,102.568,0.975116,660429
815,102.568,0.975116,669129
816,101.029,0.974537,658303
817,101.029,0.974537,673334
818,101.029,0.974537,669700
819,101.029,0.974537,669777
820,101.029,0.974537,661255
821,101.029,0.974537,662269
822,101.029,0.974537,658244
823,101.029,0.974537,655798
824,101.029,0.974537,654710
825,101.029,0.974537,656287
826,101.029,0.974537,656014
827,101.029,0.974537,654771
828,101.029,0.974537,658240
829,101.029,0.974537,654276
830,100.732,0.976852,655589
831,100.732,0.976852,655234
832,100.137,0.973958,664355
833,100.137,0.973958,665746
834,100.137,0.973958,675780
835,99.0494,0.978009,654129
836,98.7988,0.978009,650173
837,98.7988,0.978009,652729
838,98.7988,0.978009,652704
839,98.7988,0.978009,655209
840,98.7988,0.978009,651738
841,98.7988,0.978009,657738
842,98.7988,0.978009,659756
843,97.9058,0.978009,661756
844,97.0784,0.980324,662736
845,97.0784,0.980324,662315
846,97.0784,0.980324,651139
847,97.0784,0.980324,659274
848,97.0784,0.980324,655917
849,97.0784,0.980324,652769
850,97.0784,0.980324,658746
851,97.0784,0.980324,683807
852,97.0784,0.980324,665316
853,97.0784,0.980324,654262
854,97.0784,0.980324,672770
855,97.0784,0.980324,653300
856,97.0784,0.980324,650696
857,94.4468,0.976852,660921
858,94.4468,0.976852,659299
859,94.4468,0.976852,662262
860,94.4468,0.976852,655212
861,94.4468,0.976852,660274
862,94.4468,0.976852,654206
863,94.4468,0.976852,658031
864,94.4468,0.976852,652756
865,94.4468,0.976852,655212
866,94.4468,0.976852,657850
867,94.4468,0.976852,667852
868,94.4468,0.976852,654216
869,94.4468,0.976852,664278
870,94.4468,0.976852,659296
871,94.4468,0.976852,669759
872,94.4468,0.976852,657748
873,94.4468,0.976852,665246
874,94.4468,0.976852,656281
875,94.4468,0.976852,657933
876,94.4468,0.976852,652225
877,94.079,0.979167,667328
878,94.079,0.979167,665536
879,94.079,0.979167,662759
880,94.079,0.979167,653203
881,94.079,0.979167,667343
882,94.079,0.979167,654556
883,94.079,0.979167,657813
884,94.079,0.979167,668779
885,94.079,0.979167,653202
886,94.079,0.979167,653545
887,94.079,0.979167,670811
888,94.079,0.979167,655253
889,93.7766,0.977431,654282
890,93.7766,0.977431,650523
891,93.7766,0.977431,651841
892,93.7766,0.977431,653754
893,92.6964,0.979745,657265
894,92.6964,0.979745,671292
895,92.2554,0.977431,666749
896,92.2554,0.977431,655710
897,92.2554,0.977431,656716
898,92.2554,0.977431,654708
899,92.2554,0.977431,652763
900,92.2554,0.977431,652729
901,92.2554,0.977431,660225
902,92.2554,0.977431,657239
903,92.2554,0.977431,651241
904,91.3544,0.98206,657830
905,91.3544,0.98206,652177
906,91.3544,0.98206,654282
907,91.3544,0.98206,655713
908,91.3544,0.98206,653203
909,91.3544,0.98206,653204
910,91.3544,0.98206,659226
911,91.3544,0.98206,663777
912,91.3544,0.98206,663763
913,91.3544,0.98206,670714
914,91.3544,0.98206,653243
915,91.3544,0.98206,654304
916,91.3544,0.98206,655712
917,91.3544,0.98206,655413
918,91.3544,0.98206,653252
919,91.3544,0.98206,657497
920,91.3544,0.98206,656211
921,91.3544,0.98206,655236
922,90.7308,0.982639,656744
923,90.7308,0.982639,661671
924,90.7308,0.982639,665243
925,90.7308,0.982639,656213
926,90.7308,0.982639,655200
927,90.4652,0.979745,669286
928,90.4652,0.979745,660729
929,90.4652,0.979745,665245
930,90.4652,0.979745,660888
931,90.4652,0.979745,661832
932,90.4652,0.979745,653754
933,90.4652,0.979745,660271
934,90.4652,0.979745,652733
935,90.4652,0.979745,650830
936,89.768,0.979167,663765
937,89.768,0.979167,667752
938,89.5684,0.979167,661296
939,89.5684,0.979167,662236
940,89.5684,0.979167,655710
941,89.5684,0.979167,660728
942,86.5892,0.977431,656716
943,86.5892,0.977431,653706
944,86.5892,0.977431,653747
945,86.5892,0.977431,655236
946,86.5892,0.977431,673797
947,86.5892,0.977431,654844
948,86.5892,0.977431,651464
949,86.5892,0.977431,653347
950,86.5892,0.977431,654432
951,86.2607,0.977431,654746
952,86.2607,0.977431,663906
953,86.2607,0.977431,659391
954,86.2607,0.977431,657218
955,86.2607,0.977431,652703
956,85.4545,0.977431,653742
957,85.4545,0.977431,654289
958,85.4545,0.977431,662366
959,85.4545,0.977431,662257
960,85.4545,0.977431,649917
961,85.4545,0.977431,663341
962,85.4545,0.977431,665364
963,85.4545,0.977431,652425
964,85.4545,0.977431,654888
965,85.4545,0.977431,651243
966,85.4545,0.977431,654251
967,85.4489,0.980324,668800
968,85.4489,0.980324,654510
969,85.4489,0.980324,657243
970,85.4489,0.980324,662735
971,85.4489,0.980324,664766
972,85.4489,0.980324,667879
973,85.4489,0.980324,661288
974,85.4489,0.980324,654161
975,85.4489,0.980324,658742
976,85.4489,0.980324,658089
977,85.4489,0.980324,649864
978,85.4489,0.980324,650232
979,85.4489,0.980324,667025
980,85.4489,0.980324,652744
981,85.4489,0.980324,657746
982,85.4489,0.980324,653205
983,85.4489,0.980324,649716
984,85.4489,0.980324,660755
985,85.4489,0.980324,657332
986,85.4489,0.980324,654416
987,85.4489,0.980324,662827
988,85.4489,0.980324,657804
989,85.4489,0.980324,658251
990,85.4489,0.980324,657786
991,85.4489,0.980324,660746
992,85.4489,0.980324,660226
993,85.4302,0.980903,662592
994,85.4302,0.980903,655480
995,85.4302,0.980903,663305
996,85.4302,0.980903,658320
997,85.4302,0.980903,660410
998,85.4302,0.980903,650215
999,85.4302,0.980903,657248
Done! Press enter to close the program.
