Normalizing data...
Randomizing order of the data...
Creating Neural Network (21, 13, 4)
Current weights set to:
0.0382855, -0.0242714, 0.0926878, 0.0476119, 0.0844905, -0.0882565, -0.0123142, 0.0725394, 0.0224403, 0.0319559, -0.0919065, 0.0186377, 0.0110141, -0.0608936, -0.0925779, 0.0398785, -0.0553392, -0.0191809, -0.0500046, -0.0780633, -0.069512, -0.0566881, 0.0545701, -0.0237892, 0.0313211, -0.0528367, 0.0321818, -0.0487045, -0.0439009, -0.0987915, -0.0506455, -0.0315592, 0.0787225, -0.0290323, -0.0520493, -0.0130528, 0.066686, 0.0176916, -0.0471114, 0.00595416, -0.0992492, 0.0644215, 0.0990478, -0.0911618, -0.0331217, -0.0547655, 0.00851161, -0.0436384, 0.00160222, -0.00607013, -0.0504807, 0.034959, -0.0277078, -0.071569, 0.00822474, 0.0663259, 0.0733451, -0.0128452, -0.0953307, 0.0845759, -0.0803461, 0.0735282, -0.0159032, -0.0127171, -0.0813715, -0.034959, 0.0149327, 0.0665334, -0.0980529, -0.0570727, -0.075341, -0.073693, -0.00166326, 0.0988586, -0.0952086, 0.0925291, 0.0286172, 0.0747734, 0.0163244, -0.0781915, 0.00423902, 0.0922239, -0.0733024, -0.0846004, 0.0106601, 0.0274026, -0.0902158, 0.0443709, 0.0566332, -0.0118809, -0.0600635, -0.00758385, -0.0291604, -0.0510361, 0.0114292, -0.0775079, -0.072985, -0.0990417, -0.0854244, 0.0735282, 0.0788202, 0.0718925, -0.000277718, -0.00658284, 0.0857479, 0.0735954, -0.0396405, -0.0853328, 0.0113071, -0.0675527, -0.0333476, 0.0788507, -0.0253151, 0.0593371, -0.0193945, -0.0839473, 0.0372234, -0.0847346, -0.0158971, 0.0858028, -0.0951415, 0.0290139, -0.0488876, 0.0854244, -0.0721305, -0.0771172, 0.0952696, 0.0323283, -0.0208838, 0.00299387, 0.0240761, -0.0736625, 0.0920652, -0.0297586, -0.0689383, -0.00166326, 0.0397809, 0.00820032, 0.0569933, 0.0514939, -0.0637135, -0.0957457, -0.0484603, 0.00135197, 0.041319, -0.0398358, -0.0334391, -0.0790582, 0.0499008, 0.0483383, -0.0877316, -0.00270699, 0.0479659, 0.0700491, -0.0924192, -0.0945738, 0.0152074, -0.0281045, -0.0442244, 0.00628376, 0.0564318, -0.0233375, 0.0768853, 0.074633, 0.0427046, -0.0150914, -0.0720939, -0.0366131, 0.0435041, 0.00351878, -0.0577929, -0.0895383, 0.0311625, -0.0425642, -0.0807245, 0.0944456, 0.0387494, -0.0591418, 0.0961425, -0.0546434, 0.0528306, 0.064153, 0.0316568, 0.0167943, 0.022129, -0.0473312, -0.0650197, -0.0744621, 0.063567, 0.0538621, -0.0306253, -0.0348918, 0.0467025, 0.00873135, -0.037315, 0.0993103, 0.0380169, 0.0440718, 0.0557299, -0.0578661, -0.0137791, 0.0416303, -0.0802362, 0.0303079, -0.0702567, 0.0404706, 0.0744072, -0.00549638, -0.0921506, 0.0288064, -0.0628407, -0.0641713, 0.0564135, -0.0184912, -0.0641469, 0.0134922, 0.0697867, -0.000405896, -0.0848079, -0.0499008, -0.0900937, -0.0921079, -0.0312723, 0.0608142, -0.0560839, -0.032786, -0.0725578, -0.0874813, -0.00846278, 0.0571459, 0.0362651, 0.0193945, 0.0634877, -0.0141514, 0.0496689, 0.080987, 0.0721488, 0.0830988, 0.0777154, -0.030839, 0.0957457, -0.0673513, 0.0136998, -0.0298563, 0.0773064, 0.000466933, 0.0747246, 0.0878292, -0.0603931, 0.0147618, 0.0863582, -0.0852962, -0.0025544, 0.0543565, 0.0427534, 0.0766472, 0.0483261, 0.00138859, -0.0266518, -0.0423139, 0.0230262, -0.0851985, 0.0474899, -0.0887753, -0.022898, -0.0192297, -0.0518174, 0.0637257, -0.0953124, -0.003708, 0.0462447, -0.0827082, -0.0442061, 0.0422773, 0.00607624, 0.0573351, -0.0616016, -0.0976928, -0.0456404, -0.0285134, 0.0865413, 0.0833918, 0.042851, 0.0862056, -0.0243568, -0.00514237, -0.06339, 0.0271096, -0.0335795, -0.0582446, 0.0588488, 0.00946379, 0.0585253, 0.0889767, -0.0763726, -0.0350566, -0.0648671, 0.0522202, -0.0121799, -0.0890072, 0.0799677, 0.0723136, -0.0467086, -0.0309732, -0.0523728, 0.028843, -0.0491317, -0.062328, 0.068865, 0.0496017, -0.0628773, 0.0274087, 0.0717582, -0.0280679, -0.064684, 0.062682, -0.0997925, 0.0122532, 0.0517319, -0.0420515, 0.0109531, -0.0998962, 0.0986389, -0.0262429, 0.0302957, 0.0328349, -0.0448347, -0.0408856, 0.0518906, -0.0927244, 0.0973388, 0.086523, 0.0568163, -0.0153783, 0.0283914, 0.0857356, 0.0371075, 0.0447249, 0.0408918, 0.0827143, -0.0959288, -0.0138646, 0.0416181, 0.0497848, -0.037315, -0.0719108, 0.0706351, -0.0265114, 0.0331156, -0.0293374, 0.0457625, -0.0538194, 0.000912503, 0.0694388, -0.0363445, 0.0877316, 0.076867, -0.0191992, 0.0888363, -0.0964415, -0.0520859, -0.0657277, -0.0382611,


Starting training using PSO on Car Evaluation Set
Press enter to start the training.

0,1150.71,0.600116,649691
1,1013.18,0.685185,655809
2,854.912,0.678241,660812
3,815.468,0.707755,650275
4,787.26,0.701968,650214
5,787.26,0.701968,651328
6,787.26,0.701968,650695
7,787.26,0.701968,652255
8,777.434,0.700231,661734
9,777.434,0.700231,654732
10,776.499,0.701389,675393
11,747.923,0.70544,649214
12,737.292,0.717593,659761
13,737.292,0.717593,656782
14,737.292,0.717593,664302
15,737.292,0.717593,656240
16,718.993,0.71875,664242
17,693.661,0.725116,660751
18,691.325,0.722801,659740
19,691.325,0.722801,655236
20,676.936,0.717014,667252
21,676.187,0.718171,663765
22,676.187,0.718171,651698
23,676.187,0.718171,670326
24,676.187,0.718171,662236
25,671.309,0.733218,728957
26,654.361,0.724537,690333
27,654.361,0.724537,741045
28,654.361,0.724537,820265
29,639.001,0.726852,785149
30,611.114,0.747685,727454
31,611.114,0.747685,736986
32,607.424,0.740741,686342
33,607.424,0.740741,661732
34,607.424,0.740741,693841
35,598.188,0.765625,679344
36,593.372,0.758681,672268
37,591.51,0.77662,710396
38,591.51,0.77662,669759
39,591.51,0.77662,660275
40,558.9,0.77662,659727
41,558.9,0.77662,662232
42,558.9,0.77662,663788
43,558.9,0.77662,665771
44,558.9,0.77662,659725
45,492.052,0.806134,658722
46,473.338,0.826389,674801
47,473.338,0.826389,668757
48,473.338,0.826389,666246
49,473.338,0.826389,655713
50,473.338,0.826389,661279
51,469.102,0.822917,663266
52,449.648,0.8125,711471
53,449.648,0.8125,656736
54,430.535,0.842593,656746
55,430.535,0.842593,650806
56,429.556,0.832755,667270
57,429.556,0.832755,655738
58,412.387,0.844329,655710
59,412.387,0.844329,665765
60,412.387,0.844329,663012
61,412.387,0.844329,660754
62,412.387,0.844329,663788
63,412.387,0.844329,667249
64,412.387,0.844329,665245
65,412.387,0.844329,667250
66,398.27,0.846065,665745
67,398.27,0.846065,654734
68,395.54,0.848958,669760
69,395.54,0.848958,661228
70,395.54,0.848958,661230
71,395.54,0.848958,653724
72,394.16,0.852431,662234
73,394.16,0.852431,678317
74,389.968,0.855903,652701
75,389.42,0.85706,666039
76,387.581,0.858796,659223
77,387.581,0.858796,659224
78,370.44,0.859954,666248
79,368.174,0.866898,664740
80,365.723,0.865162,660229
81,365.723,0.865162,658562
82,365.623,0.868634,661230
83,365.623,0.868634,656759
84,365.446,0.868634,651387
85,365.446,0.868634,662260
86,364.761,0.866898,660727
87,364.761,0.866898,661232
88,362.606,0.869792,657749
89,362.606,0.869792,665769
90,362.606,0.869792,663738
91,359.798,0.871528,656715
92,359.798,0.871528,658221
93,359.798,0.871528,666749
94,358.594,0.873264,676829
95,358.594,0.873264,662258
96,354.137,0.873264,670262
97,354.137,0.873264,661755
98,354.137,0.873264,664294
99,354.137,0.873264,669757
100,354.137,0.873264,659224
101,352.496,0.871528,657217
102,351.64,0.867477,677810
103,351.64,0.867477,668253
104,345.109,0.869792,667754
105,345.109,0.869792,663761
106,338.248,0.872685,658723
107,338.248,0.872685,664740
108,336.136,0.869213,662736
109,336.136,0.869213,670262
110,335.897,0.872685,657214
111,335.698,0.870949,655734
112,335.698,0.870949,664744
113,334.823,0.872106,666870
114,333.208,0.873264,666246
115,332.153,0.875,668279
116,332.153,0.875,662813
117,332.153,0.875,666767
118,330.446,0.872685,663793
119,330.064,0.873264,664240
120,330.064,0.873264,658721
121,330.064,0.873264,656215
122,326.768,0.872685,673773
123,325.676,0.873843,658220
124,325.676,0.873843,664241
125,324.879,0.872685,657215
126,323.989,0.877894,664764
127,323.989,0.877894,660266
128,323.989,0.877894,664741
129,323.989,0.877894,665745
130,321.194,0.877894,658771
131,321.194,0.877894,665290
132,321.194,0.877894,680829
133,321.194,0.877894,658278
134,320.817,0.87963,670260
135,319.678,0.880787,665243
136,319.678,0.880787,657718
137,318.764,0.879051,670261
138,318.764,0.879051,664292
139,318.764,0.879051,660225
140,317.341,0.880787,660412
141,317.341,0.880787,662763
142,315.002,0.881366,654204
143,315.002,0.881366,660259
144,315.002,0.881366,657764
145,315.002,0.881366,656264
146,315.002,0.881366,655713
147,315.002,0.881366,675798
148,315.002,0.881366,665404
149,315.002,0.881366,671264
150,315.002,0.881366,662267
151,313.882,0.881944,657215
152,313.882,0.881944,666247
153,313.404,0.883102,670262
154,311.188,0.883681,658219
155,311.188,0.883681,655711
156,311.188,0.883681,680295
157,311.188,0.883681,655711
158,311.188,0.883681,663237
159,311.188,0.883681,669849
160,310.756,0.883102,659560
161,310.404,0.882523,658722
162,310.319,0.883102,658221
163,310.319,0.883102,682301
164,310.258,0.883681,662754
165,309.337,0.885995,670762
166,309.337,0.885995,662737
167,309.337,0.885995,672767
168,309.09,0.883102,654300
169,308.921,0.884838,663259
170,308.369,0.885417,660833
171,308.369,0.885417,657336
172,308.158,0.884838,655859
173,306.278,0.882523,658745
174,306.278,0.882523,658217
175,306.278,0.882523,658221
176,305.33,0.885417,671765
177,305.046,0.888889,655385
178,305.046,0.888889,657750
179,305.046,0.888889,656213
180,299.939,0.887731,663739
181,299.939,0.887731,674272
182,299.939,0.887731,653203
183,299.186,0.88831,665747
184,299.186,0.88831,666110
185,298.71,0.886574,664742
186,297.987,0.887153,662232
187,297.987,0.887153,666249
188,297.987,0.887153,679790
189,297.987,0.887153,666271
190,297.987,0.887153,708390
191,297.987,0.887153,655733
192,297.987,0.887153,656716
193,297.703,0.884838,667250
194,297.703,0.884838,670260
195,296.293,0.886574,660751
196,296.293,0.886574,667249
197,296.293,0.886574,664240
198,296.293,0.886574,666884
199,295.325,0.884259,663236
200,295.325,0.884259,667250
201,295.246,0.884259,667251
202,295.246,0.884259,664767
203,295.246,0.884259,656716
204,294.764,0.885417,662734
205,294.363,0.885417,653704
206,294.363,0.885417,667248
207,294.189,0.887731,663737
208,294.083,0.886574,657218
209,294.083,0.886574,657251
210,294,0.885417,661731
211,294,0.885417,662260
212,294,0.885417,658796
213,293.73,0.887153,661230
214,293.73,0.887153,664741
215,293.73,0.887153,660247
216,293.73,0.887153,657717
217,293.203,0.884259,657241
218,293.203,0.884259,653259
219,293.203,0.884259,665242
220,293.058,0.887731,665282
221,293.058,0.887731,661253
222,293.058,0.887731,660344
223,292.876,0.885417,659249
224,292.876,0.885417,658219
225,292.876,0.885417,654709
226,292.876,0.885417,651717
227,292.876,0.885417,666280
228,292.876,0.885417,655211
229,291.533,0.884838,650230
230,291.533,0.884838,659224
231,291.533,0.884838,663737
232,291.533,0.884838,660227
233,291.533,0.884838,671766
234,291.533,0.884838,658243
235,290.298,0.88831,665243
236,290.298,0.88831,663739
237,290.298,0.88831,653203
238,290.298,0.88831,657853
239,290.298,0.88831,657745
240,290.298,0.88831,665783
241,290.298,0.88831,660730
242,290.298,0.88831,665744
243,290.298,0.88831,659300
244,290.298,0.88831,655116
245,290.298,0.88831,657242
246,290.298,0.88831,660728
247,290.185,0.886574,657717
248,290.185,0.886574,659725
249,289.862,0.885995,658723
250,289.39,0.885417,673268
251,288.92,0.885995,652201
252,288.656,0.883102,675375
253,288.026,0.885995,665246
254,288.026,0.885995,660228
255,286.527,0.886574,663804
256,286.527,0.886574,663234
257,286.527,0.886574,668255
258,285.906,0.886574,659725
259,285.434,0.885417,667247
260,285.434,0.885417,657241
261,285.062,0.886574,651694
262,284.964,0.887153,660730
263,284.964,0.887153,654707
264,284.079,0.887153,672792
265,283.074,0.888889,668277
266,282.13,0.890625,669282
267,282.13,0.890625,660228
268,281.227,0.888889,657717
269,280.203,0.88831,661230
270,280.203,0.88831,658935
271,280.203,0.88831,658723
272,279.994,0.887731,664740
273,279.024,0.889468,668755
274,279.024,0.889468,656240
275,279.024,0.889468,656714
276,279.024,0.889468,668267
277,278.9,0.891782,667751
278,278.9,0.891782,668253
279,278.854,0.889468,669257
280,278.427,0.890625,667753
281,278.427,0.890625,671533
282,278.054,0.890625,662299
283,277.64,0.894097,670336
284,276.869,0.895833,655210
285,276.842,0.893519,661230
286,276.44,0.894676,663769
287,276.247,0.895833,674801
288,275.501,0.894676,666750
289,275.185,0.894676,667296
290,275.185,0.894676,656974
291,275.185,0.894676,662235
292,275.185,0.894676,655210
293,274.588,0.893519,656736
294,274.388,0.89294,665244
295,273.765,0.893519,666247
296,273.765,0.893519,661230
297,272.386,0.894676,660288
298,272.238,0.895833,654314
299,271.544,0.89294,664240
300,271.522,0.894097,659725
301,270.234,0.889468,669882
302,270.234,0.889468,658746
303,270.122,0.891204,666245
304,269.021,0.891782,662276
305,269.021,0.891782,668755
306,269.021,0.891782,655212
307,268.604,0.893519,655754
308,267.947,0.893519,666247
309,267.427,0.89294,664239
310,266.613,0.894097,662776
311,266.503,0.896991,661731
312,266.503,0.896991,664814
313,266.341,0.896991,664767
314,263.481,0.895255,662754
315,263.481,0.895255,657743
316,263.481,0.895255,654228
317,263.415,0.895255,666272
318,263.415,0.895255,667754
319,262.894,0.894097,669257
320,262.894,0.894097,670762
321,261.679,0.896991,664242
322,261.679,0.896991,664743
323,260.136,0.896991,659725
324,260.136,0.896991,658243
325,257.48,0.896412,666246
326,257.48,0.896412,659223
327,255.98,0.898148,658242
328,255.019,0.898727,663740
329,255.019,0.898727,660759
330,255.019,0.898727,670260
331,254.638,0.902199,663236
332,252.037,0.896991,655746
333,252.037,0.896991,670764
334,252.037,0.896991,654709
335,252.037,0.896991,668756
336,250.828,0.902199,665243
337,250.828,0.902199,662736
338,250.828,0.902199,677811
339,247.563,0.90162,659801
340,247.563,0.90162,660228
341,247.563,0.90162,659769
342,247.511,0.903356,667750
343,247.511,0.903356,653010
344,247.511,0.903356,679314
345,247.511,0.903356,654204
346,246.458,0.903356,664267
347,245.221,0.902778,657217
348,245.221,0.902778,665292
349,244.321,0.903935,672769
350,244.321,0.903935,658247
351,244.321,0.903935,660226
352,243.959,0.903356,658724
353,243.959,0.903356,655207
354,242.229,0.903935,664743
355,242.229,0.903935,667250
356,242.229,0.903935,666746
357,241.034,0.905093,667751
358,241.034,0.905093,665268
359,241.034,0.905093,664265
360,239.648,0.906829,669760
361,239.648,0.906829,652749
362,239.648,0.906829,665243
363,238.544,0.903935,658219
364,238.544,0.903935,661231
365,237.56,0.905671,663234
366,236.894,0.907986,657216
367,236.894,0.907986,660381
368,236.894,0.907986,663264
369,236.894,0.907986,657215
370,236.894,0.907986,667340
371,236.894,0.907986,659726
372,236.894,0.907986,654754
373,236.894,0.907986,663739
374,236.894,0.907986,659725
375,236.894,0.907986,660225
376,236.474,0.909722,659696
377,234.988,0.908565,657716
378,234.988,0.908565,663236
379,234.988,0.908565,675277
380,234.988,0.908565,658244
381,234.988,0.908565,662291
382,234.988,0.908565,659248
383,234.902,0.908565,653203
384,234.747,0.907407,664765
385,234.52,0.907986,663761
386,234.52,0.907986,667249
387,234.121,0.908565,673317
388,233.978,0.91088,666748
389,233.978,0.91088,661879
390,233.978,0.91088,661228
391,233.654,0.911458,679292
392,233.618,0.909144,660258
393,233.157,0.91088,660253
394,233.157,0.91088,670760
395,233.157,0.91088,664260
396,233.157,0.91088,663252
397,233.157,0.91088,664742
398,232.412,0.91088,661254
399,231.93,0.910301,652199
400,231.93,0.910301,672267
401,231.875,0.910301,665243
402,231.875,0.910301,662735
403,231.847,0.909144,660729
404,231.6,0.911458,662279
405,231.379,0.907986,671261
406,231.379,0.907986,671263
407,231.379,0.907986,663737
408,230.684,0.911458,657741
409,229.414,0.911458,664240
410,229.414,0.911458,661731
411,229.169,0.911458,667263
412,229.169,0.911458,664240
413,229.169,0.911458,657718
414,229.169,0.911458,661731
415,228.879,0.91088,670261
416,228.641,0.911458,652700
417,228.641,0.911458,669256
418,228.52,0.912037,658220
419,228.264,0.912616,656336
420,228.241,0.913194,671288
421,228.066,0.912037,662233
422,227.84,0.913773,659725
423,227.75,0.914352,665270
424,227.75,0.914352,662734
425,227.75,0.914352,665747
426,227.151,0.913773,669759
427,227.151,0.913773,657218
428,227.151,0.913773,652730
429,226.891,0.913194,672769
430,226.891,0.913194,656715
431,226.891,0.913194,661733
432,226.891,0.913194,658219
433,226.493,0.914352,655211
434,226.493,0.914352,655209
435,225.976,0.913773,667249
436,225.894,0.913194,662233
437,225.872,0.914931,653705
438,225.766,0.914352,652200
439,225.662,0.914352,660730
440,225.662,0.914352,663737
441,225.662,0.914352,668254
442,225.558,0.913194,653704
443,225.558,0.913194,664239
444,225.558,0.913194,654184
445,225.558,0.913194,657268
446,225.433,0.913194,662734
447,225.433,0.913194,671768
448,225.433,0.913194,653705
449,225.387,0.912616,661730
450,225.111,0.912616,657719
451,224.545,0.913194,653200
452,224.545,0.913194,652824
453,224.545,0.913194,661231
454,224.327,0.913194,659750
455,224.305,0.914352,658221
456,223.953,0.914352,651198
457,223.625,0.913194,659222
458,223.625,0.913194,657719
459,223.454,0.912037,657251
460,223.233,0.912616,661245
461,223.233,0.912616,654707
462,222.946,0.911458,651766
463,222.836,0.913194,670257
464,222.47,0.913773,670261
465,222.175,0.913773,653745
466,222.175,0.913773,652058
467,222.175,0.913773,654728
468,222.171,0.913773,663236
469,221.779,0.912616,653202
470,220.212,0.913773,663736
471,220.212,0.913773,675780
472,220.212,0.913773,662734
473,220.212,0.913773,677786
474,220.212,0.913773,673269
475,220.18,0.912616,687821
476,220.18,0.912616,661543
477,220.18,0.912616,654204
478,220.099,0.914931,661731
479,220.04,0.915509,663738
480,220.04,0.915509,660728
481,220.04,0.915509,656954
482,219.967,0.913194,674776
483,219.922,0.913194,667753
484,219.564,0.913773,682333
485,219.564,0.913773,663236
486,219.564,0.913773,654206
487,219.548,0.912616,654709
488,219.548,0.912616,660728
489,219.47,0.914352,657217
490,219.331,0.914352,657216
491,218.963,0.915509,656715
492,218.787,0.916088,665846
493,218.575,0.914352,655591
494,218.556,0.914931,656215
495,218.556,0.914931,656797
496,218.036,0.914352,667031
497,218.036,0.914352,670260
498,217.838,0.914352,669756
499,217.642,0.914931,657216
500,217.593,0.913194,670261
501,217.559,0.912616,666245
502,217.559,0.912616,670761
503,217.394,0.913773,658220
504,217.394,0.913773,662260
505,217.274,0.914931,651196
506,217.212,0.913194,653931
507,217.212,0.913194,664826
508,217.212,0.913194,666248
509,217.051,0.914931,666748
510,217.051,0.914931,657216
511,217.051,0.914931,660727
512,216.674,0.914352,662230
513,216.669,0.914931,662263
514,216.656,0.914352,666250
515,216.577,0.915509,656211
516,216.577,0.915509,656715
517,216.577,0.915509,658220
518,216.359,0.914931,670131
519,216.359,0.914931,660728
520,216.359,0.914931,655211
521,216.256,0.917824,668778
522,215.596,0.916667,655730
523,215.596,0.916667,661230
524,215.596,0.916667,667752
525,215.191,0.917824,658832
526,214.982,0.917245,659224
527,214.944,0.917824,660844
528,214.924,0.917824,655760
529,214.733,0.916667,667751
530,214.597,0.916667,660226
531,214.597,0.916667,675293
532,214.222,0.916667,657216
533,214.222,0.916667,677282
534,214.2,0.917824,666247
535,214.2,0.917824,657218
536,213.659,0.918403,660728
537,213.65,0.917824,668755
538,213.65,0.917824,656735
539,213.65,0.917824,663738
540,213.59,0.914931,681369
541,213.347,0.917824,657216
542,213.347,0.917824,669257
543,213.213,0.918403,658220
544,213.213,0.918403,668294
545,212.897,0.917245,678311
546,212.647,0.917824,660760
547,212.647,0.917824,680842
548,212.597,0.917245,662733
549,212.476,0.917245,663738
550,212.476,0.917245,663738
551,212.408,0.917245,663236
552,212.133,0.917824,656714
553,212.133,0.917824,658721
554,212.133,0.917824,662733
555,211.962,0.917824,653724
556,211.728,0.918981,654825
557,211.703,0.920139,654734
558,211.308,0.918403,665744
559,211.289,0.917824,659725
560,211.242,0.91956,673270
561,210.825,0.918981,674274
562,210.825,0.918981,668281
563,210.711,0.91956,664743
564,210.711,0.91956,657244
565,210.547,0.918981,657716
566,210.472,0.91956,653202
567,210.434,0.918981,665243
568,210.249,0.91956,658220
569,209.829,0.918981,659723
570,209.829,0.918981,660813
571,209.423,0.918981,656713
572,209.399,0.918981,669259
573,209.393,0.920139,679290
574,209.391,0.920718,659724
575,209.371,0.920139,672267
576,209.027,0.920139,664743
577,209.027,0.920139,664923
578,209.027,0.920139,658296
579,208.851,0.920139,668754
580,208.754,0.920139,659222
581,208.754,0.920139,657743
582,208.754,0.920139,666797
583,208.754,0.920139,656762
584,208.75,0.921875,663238
585,208.63,0.921875,666587
586,208.63,0.921875,659223
587,208.63,0.921875,673805
588,208.372,0.920718,651196
589,208.372,0.920718,678790
590,208.372,0.920718,688321
591,208.361,0.920139,658368
592,208.361,0.920139,663256
593,208.038,0.921296,657742
594,207.598,0.920718,669257
595,207.406,0.920139,658743
596,206.879,0.921296,658723
597,206.879,0.921296,654205
598,206.553,0.921296,657750
599,206.538,0.921875,661252
600,206.538,0.921875,664240
601,206.538,0.921875,661232
602,206.479,0.921296,662301
603,206.479,0.921296,663740
604,206.03,0.921296,664740
605,206.03,0.921296,662235
606,206.03,0.921296,672290
607,206.03,0.921296,658723
608,205.86,0.921296,670762
609,205.77,0.922454,667751
610,205.77,0.922454,667270
611,205.67,0.922454,652734
612,205.661,0.922454,657239
613,205.352,0.922454,674797
614,205.238,0.923032,666869
615,205.229,0.923032,664242
616,205.191,0.920139,665747
617,204.973,0.920718,663294
618,204.82,0.923032,663235
619,204.82,0.923032,656236
620,204.333,0.923032,654710
621,204.333,0.923032,656284
622,204.333,0.923032,658220
623,204.333,0.923032,666774
624,204.025,0.92419,663763
625,203.588,0.923611,654254
626,203.588,0.923611,674878
627,203.588,0.923611,666926
628,203.588,0.923611,661778
629,203.503,0.923611,664741
630,203.503,0.923611,660226
631,203.503,0.923611,653704
632,203.007,0.925347,657779
633,203.007,0.925347,663260
634,203.007,0.925347,658723
635,203.007,0.925347,665792
636,203.007,0.925347,667775
637,203.007,0.925347,658840
638,202.513,0.923611,663234
639,202.269,0.924769,665776
640,202.269,0.924769,661231
641,201.929,0.92419,669259
642,201.929,0.92419,657213
643,201.715,0.923611,664266
644,201.659,0.923611,656265
645,201.518,0.92419,651696
646,201.356,0.92419,657719
647,201.356,0.92419,660518
648,201.356,0.92419,669756
649,201.272,0.923611,660727
650,201.143,0.92419,657218
651,201.143,0.92419,656786
652,201.068,0.92419,664742
653,200.567,0.925347,659724
654,200.317,0.925926,655212
655,200.317,0.925926,655209
656,200.284,0.923611,657719
657,199.926,0.92419,659293
658,199.926,0.92419,664767
659,199.25,0.925347,655713
660,199.243,0.923032,650801
661,199.243,0.923032,660750
662,199.243,0.923032,669256
663,199.054,0.923611,657717
664,199.054,0.923611,667751
665,198.971,0.92419,655977
666,198.526,0.92419,656213
667,198.526,0.92419,654229
668,198.526,0.92419,657217
669,198.203,0.925347,664741
670,198.203,0.925347,661732
671,198.203,0.925347,674273
672,198.197,0.925347,660225
673,198.197,0.925347,666246
674,198.197,0.925347,665743
675,198.197,0.925347,657219
676,197.904,0.925347,660730
677,197.904,0.925347,670760
678,197.714,0.924769,656256
679,197.704,0.924769,655711
680,196.988,0.926505,655256
681,196.988,0.926505,658721
682,196.988,0.926505,660228
683,196.988,0.926505,659608
684,196.988,0.926505,662031
685,196.988,0.926505,657717
686,196.988,0.926505,663738
687,196.982,0.925926,676087
688,196.823,0.925347,673349
689,196.791,0.926505,660760
690,196.791,0.926505,665263
691,196.785,0.925926,693341
692,196.778,0.925926,687316
693,196.595,0.927083,667776
694,196.595,0.927083,679356
695,196.474,0.927662,658723
696,196.474,0.927662,659224
697,196.474,0.927662,660779
698,196.474,0.927662,690350
699,196.257,0.927083,669760
700,196.235,0.927083,693073
701,196.148,0.925347,662478
702,196.148,0.925347,668757
703,196.148,0.925347,667848
704,195.913,0.927083,661230
705,195.913,0.927083,661757
706,195.898,0.927083,660228
707,195.558,0.925926,682299
708,195.329,0.925347,664741
709,195.329,0.925347,660729
710,195.329,0.925347,705380
711,194.325,0.925926,676894
712,194.325,0.925926,683806
713,194.325,0.925926,675775
714,194.325,0.925926,675298
715,194.101,0.926505,694343
716,194.101,0.926505,709921
717,193.816,0.928241,682360
718,193.816,0.928241,730989
719,193.52,0.928819,679790
720,192.817,0.929398,658721
721,192.261,0.927662,703874
722,192.261,0.927662,698396
723,192.261,0.927662,662002
724,192.059,0.928819,664742
725,191.556,0.929398,666274
726,191.556,0.929398,654230
727,191.556,0.929398,670260
728,191.556,0.929398,660188
729,191.556,0.929398,663740
730,191.556,0.929398,664742
731,190.739,0.931134,656237
732,190.6,0.932292,670259
733,190.6,0.932292,661579
734,190.6,0.932292,656211
735,189.901,0.930556,670313
736,189.901,0.930556,667752
737,189.901,0.930556,670261
738,189.901,0.930556,667252
739,189.86,0.931134,654234
740,189.271,0.931134,665268
741,189.271,0.931134,658747
742,188.829,0.929398,669759
743,188.563,0.930556,662234
744,188.563,0.930556,667249
745,188.238,0.931134,668757
746,188.238,0.931134,667355
747,188.238,0.931134,666280
748,188.216,0.928819,653732
749,187.758,0.929398,677392
750,187.463,0.929398,667777
751,186.784,0.932292,672081
752,186.716,0.931134,669759
753,186.716,0.931134,667920
754,186.716,0.931134,675305
755,186.532,0.932292,662735
756,186.374,0.933449,656263
757,185.819,0.934606,671304
758,185.642,0.935764,677335
759,185.642,0.935764,663324
760,185.642,0.935764,664779
761,185.289,0.934606,661755
762,185.289,0.934606,674777
763,185.289,0.934606,672790
764,185.043,0.935764,684330
765,184.751,0.935764,671765
766,184.751,0.935764,661230
767,184.751,0.935764,651221
768,184.751,0.935764,677810
769,184.191,0.933449,661732
770,184.191,0.933449,657256
771,184.037,0.934028,666307
772,183.019,0.935185,661230
773,183.019,0.935185,664303
774,183.019,0.935185,668782
775,183.019,0.935185,658818
776,182.966,0.934606,674776
777,182.877,0.934606,660748
778,182.74,0.934606,663739
779,182.74,0.934606,663236
780,182.402,0.935185,657216
781,182.402,0.935185,680295
782,182.39,0.935764,663778
783,182.02,0.935764,666749
784,182.02,0.935764,676816
785,181.753,0.935185,659301
786,181.7,0.934606,657237
787,181.7,0.934606,659726
788,181.7,0.934606,655840
789,181.679,0.935764,682804
790,181.679,0.935764,668907
791,181.645,0.935185,670762
792,181.544,0.935764,660534
793,181.544,0.935764,673270
794,181.211,0.935764,653205
795,181.021,0.936343,666246
796,181.021,0.936343,677786
797,180.76,0.935764,667253
798,180.76,0.935764,661228
799,180.334,0.936343,670762
800,180.193,0.936343,669760
801,180.16,0.935185,671767
802,180.022,0.936343,676281
803,180.022,0.936343,689828
804,180.022,0.936343,672265
805,179.718,0.935764,662275
806,179.629,0.935185,653702
807,179.424,0.935185,659223
808,179.266,0.935764,658219
809,179.235,0.936921,671483
810,178.336,0.935185,683306
811,177.792,0.936343,661229
812,177.489,0.938657,664743
813,177.489,0.938657,668252
814,177.489,0.938657,672767
815,177.289,0.938079,670262
816,177.107,0.938079,673269
817,177.107,0.938079,659224
818,176.746,0.935764,665747
819,176.746,0.935764,677923
820,176.498,0.936921,683302
821,176.365,0.936921,681372
822,176.365,0.936921,662959
823,176.365,0.936921,661732
824,175.688,0.938079,664742
825,175.688,0.938079,662287
826,175.688,0.938079,668756
827,175.508,0.938079,655226
828,175.508,0.938079,658277
829,175.508,0.938079,659250
830,175.508,0.938079,659223
831,175.508,0.938079,667882
832,175.448,0.938079,675778
833,175.016,0.938657,666245
834,175.016,0.938657,709530
835,174.612,0.938079,702909
836,174.612,0.938079,674773
837,174.612,0.938079,659725
838,174.612,0.938079,665747
839,174.455,0.939815,690829
840,174.455,0.939815,662736
841,174.455,0.939815,672380
842,174.319,0.939815,660249
843,174.319,0.939815,659366
844,174.242,0.9375,672269
845,174.242,0.9375,663235
846,174.242,0.9375,650237
847,174.139,0.9375,670262
848,174.139,0.9375,654256
849,174.124,0.939815,667818
850,174.124,0.939815,655797
851,173.9,0.940394,666735
852,173.868,0.939236,658244
853,173.868,0.939236,660726
854,173.868,0.939236,666247
855,173.864,0.940394,663237
856,173.855,0.939815,661732
857,173.798,0.940394,656214
858,173.798,0.940394,660729
859,173.714,0.940394,681297
860,173.606,0.940394,664742
861,173.353,0.940972,655712
862,173.353,0.940972,673298
863,173.227,0.940394,689826
864,173.14,0.940394,668076
865,173.14,0.940394,672768
866,173.14,0.940394,696348
867,172.521,0.941551,664839
868,172.521,0.941551,662739
869,172.108,0.94213,659225
870,171.728,0.94213,660006
871,171.376,0.941551,658220
872,170.855,0.94213,655210
873,170.855,0.94213,660758
874,170.855,0.94213,672767
875,170.803,0.943866,655710
876,170.719,0.943866,660251
877,170.381,0.942708,655209
878,170.381,0.942708,652701
879,170.046,0.942708,662735
880,170.046,0.942708,660815
881,169.989,0.944444,657937
882,169.9,0.943287,664268
883,169.9,0.943287,665280
884,169.836,0.942708,658220
885,169.807,0.943287,658721
886,169.65,0.945023,657217
887,169.251,0.945023,661230
888,169.243,0.943866,656787
889,169.16,0.943287,651697
890,169.16,0.943287,667250
891,169.16,0.943287,657719
892,169.16,0.943287,654206
893,169.032,0.945602,657688
894,168.495,0.944444,658738
895,168.495,0.944444,662288
896,168.495,0.944444,668254
897,168.477,0.945023,655209
898,168.147,0.943866,664794
899,168.147,0.943866,666747
900,168.015,0.943866,666247
901,167.87,0.945602,656240
902,167.704,0.945602,671767
903,167.647,0.945602,660225
904,167.647,0.945602,657219
905,167.491,0.947338,658720
906,167.474,0.945602,657216
907,167.408,0.946181,657216
908,167.408,0.946181,653204
909,167.408,0.946181,653224
910,167.408,0.946181,651698
911,167.408,0.946181,657741
912,167.369,0.946181,658219
913,167.352,0.946759,654708
914,167.352,0.946759,656213
915,167.352,0.946759,662734
916,167.263,0.946181,655741
917,167.231,0.946181,658219
918,167.231,0.946181,656713
919,167.231,0.946181,668252
920,167.231,0.946181,662735
921,167.21,0.946181,659725
922,166.832,0.946181,656237
923,166.815,0.946181,655208
924,166.815,0.946181,667252
925,166.815,0.946181,663236
926,166.815,0.946181,660768
927,166.815,0.946181,651195
928,166.815,0.946181,662235
929,166.651,0.946181,658773
930,166.47,0.945602,661734
931,166.409,0.945602,656713
932,166.409,0.945602,654230
933,166.409,0.945602,658753
934,166.329,0.945602,656215
935,166.329,0.945602,654731
936,166.329,0.945602,660753
937,166.232,0.945602,656779
938,166.155,0.946181,664239
939,166.155,0.946181,655800
940,166.116,0.945602,656716
941,166.093,0.945602,670285
942,166.093,0.945602,656211
943,166.093,0.945602,665242
944,166.061,0.945602,683305
945,166.061,0.945602,657238
946,166.053,0.945602,652700
947,166.037,0.945602,656212
948,165.856,0.945602,657719
949,165.714,0.946759,655712
950,165.556,0.946181,661756
951,165.556,0.946181,673271
952,165.556,0.946181,665478
953,165.441,0.946181,660226
954,165.441,0.946181,684340
955,165.385,0.946181,655210
956,165.333,0.945602,650694
957,165.258,0.946181,647182
958,165.164,0.946181,649189
959,165.164,0.946181,654206
960,165.164,0.946181,653705
961,165.077,0.946181,651197
962,164.888,0.945602,654707
963,164.849,0.945602,653705
964,164.849,0.945602,653736
965,164.677,0.945602,652700
966,164.677,0.945602,656233
967,164.677,0.945602,653203
968,164.677,0.945602,653203
969,164.677,0.945602,655711
970,164.625,0.945602,657767
971,164.41,0.946181,653226
972,164.348,0.946181,657718
973,164.307,0.946181,666247
974,164.307,0.946181,661230
975,164.225,0.946181,670762
976,164.225,0.946181,657718
977,164.225,0.946181,650696
978,164.219,0.946181,652200
979,164.219,0.946181,653703
980,164.193,0.946181,654710
981,164.193,0.946181,651698
982,164.193,0.946181,662735
983,164.193,0.946181,654708
984,164.187,0.946181,656214
985,164.187,0.946181,655209
986,164.112,0.946181,649818
987,164.112,0.946181,649190
988,164.086,0.946181,654706
989,163.994,0.946759,657718
990,163.994,0.946759,662734
991,163.994,0.946759,653240
992,163.91,0.945602,655207
993,163.91,0.945602,649692
994,163.88,0.945602,648937
995,163.88,0.945602,651195
996,163.839,0.946181,648710
997,163.729,0.946181,648746
998,163.729,0.946181,656717
999,163.729,0.946181,658718
Done! Press enter to close the program.
