Normalizing data...
Randomizing order of the data...
Creating Neural Network (21, 13, 4)
Current weights set to:
0.0382427, 0.0445235, 0.0746147, -0.0461348, -0.0414228, 0.0638173, -0.0503037, -0.0917295, 0.0208838, -0.0929991, -0.0900998, 0.0181005, -0.0592395, -0.0628773, 0.0365276, 0.0282327, 0.0172948, -0.0440962, -0.0723563, 0.0347758, -0.00885952, -0.0456648, 0.0712821, 0.0905881, 0.0530686, 0.0121677, -0.0279336, -0.0498215, 0.0341166, 0.0523728, -0.0872799, -0.0895749, -0.0913388, 0.0570177, -0.0684805, 0.00310984, 0.0415876, 0.0506882, 0.096997, 0.095764, -0.0891232, 0.0577258, 0.0612049, -0.0431013, -0.0631581, -0.0604297, -0.02725, 0.0420087, -0.0507675, -0.0815851, -0.0692129, 0.056444, -0.0765252, 0.0934324, 0.0613392, 0.0515549, -0.0826472, -0.0441694, -0.00292062, -0.0897641, 0.0392682, 0.00904263, 0.0419355, -0.0217444, -0.0205786, -0.0998779, 0.00166326, 0.0974181, -0.0648732, -0.0311441, -0.0382916, -0.00298166, 0.0615345, 0.0206153, -0.00641804, 0.0997559, 0.0789666, 0.0292886, 0.0709891, 0.0982788, -0.0318461, -0.0233985, -0.0230201, -0.041258, -0.0153722, -0.066039, 0.0833918, -0.0924436, -0.0765191, -0.00686361, -0.016245, 0.0575793, 0.0657826, -0.047972, 0.0610096, 0.0300027, -0.0621265, -0.0382183, -0.028782, 0.0282266, -0.0851741, 0.041435, -0.0754509, -0.0801019, -0.000735496, 0.0664296, -0.0552293, -0.0165685, 0.00682089, -0.0628162, -0.0114963, 0.0752068, 0.0895444, -0.0659658, -0.0944884, 0.0737541, 0.0283547, -0.0353374, -0.0787347, -0.042906, 0.0259804, -0.0895444, 0.0229591, -0.0304056, 0.0314737, -0.0221229, -0.0696524, 0.0344707, -0.0723746, 0.0611927, 0.0326334, 0.0682608, 0.0125828, 0.0227577, -0.0275124, -0.0464827, -0.0932676, 0.0971618, 0.0587695, 0.0259438, -0.083636, -0.0745781, -0.0111667, 0.0322184, -0.0148717, 0.0255226, 0.0619678, 0.0147984, 0.0646657, 0.00550249, -0.0349345, 0.0798883, 0.0356487, -0.0745842, -0.0881893, -0.0950743, 0.0104099, -0.0856441, 0.0166112, -0.0582995, -0.0514634, 0.0487777, 0.0845698, -0.0285318, 0.0165197, -0.00158391, 0.0987365, -0.0317606, 0.0228553, 0.0460738, -0.0141758, -0.0734306, -0.0402142, -0.0125889, -0.0582568, 0.00999481, -0.0171178, -0.0828669, 0.0981323, 0.0764641, 0.0598254, 0.00769982, 0.0111179, -0.0630665, 0.0195166, 0.0869076, -0.0463179, 0.00346995, 0.0329264, -0.0794916, 0.0926878, 0.0830073, 0.0567003, 0.00623493, -0.0680288, -0.0269509, 0.0710257, -0.0147374, -0.0972594, 0.0156713, 0.0428022, 0.0776605, 0.0824213, 0.0658193, 0.0455367, 0.0478072, -0.0767327, 0.0304544, 0.0670461, -0.0938292, -0.0279336, 0.0345805, -0.0636708, 0.0537217, 0.0620167, -0.0295389, -0.099115, 0.0750359, -0.0418073, 0.0863704, 0.0855892, 0.0866207, -0.0622791, -0.0290872, -0.0355266, 0.0465072, 0.0860225, -0.0105319, 0.0767266, -0.0686087, -0.00976287, -0.0713309, -0.0820185, -0.0123264, 0.0113132, -0.0945433, 0.038316, -0.037492, 0.0156774, 0.0967711, 0.0780816, -0.0787835, -0.0519211, -0.0537767, -0.0270486, -0.0427046, -0.0734062, 0.00396435, 0.0593005, 0.00118717, 0.0412152, 0.0560106, -0.0887875, 0.0342143, -0.0628651, 0.0992431, 0.0404584, -0.0862239, -0.0358623, 0.018424, 0.090521, -0.0838496, -0.0268288, -0.0786493, 0.0560717, 0.00312204, -0.0585192, -0.0114902, -0.0409406, -0.0813166, -0.0925047, -0.00663167, -0.0872738, -0.0779229, -0.00327464, -0.0502731, 0.0047029, 0.06339, 0.0199438, 0.0421735, -0.0694632, 0.0079928, 0.0248573, 0.0960387, 0.00888394, -0.0839228, 0.0825617, -0.056975, -0.0904904, -0.0165136, 0.0900204, -0.0611255, -0.0744682, -0.0498703, 0.0697684, -0.0109165, -0.0790277, -0.0177465, -0.0518113, -0.0607654, -0.0150182, 0.0347453, 0.0935118, 0.0859249, -0.076043, 0.0998169, -0.00517899, 0.0646779, 0.0228309, 0.0482223, -0.0366008, 0.0710807, 0.00664998, 0.0693228, 0.037492, 0.0713431, 0.0339152, 0.016245, -0.0280923, -0.0414228, 0.052739, 0.062328, 0.0935911, -0.0889828, -0.0488449, -0.0248146, -0.0955199, -0.0915342, 0.0328654, 0.0145665, 0.0129185, 0.0631642, 0.0495163, -0.0396588, 0.0747307, -0.0786493, -0.0789911, 0.0767449, -0.0745903, -0.00810877, -0.0251442, -0.0807367, -0.0154515, 0.057915, 0.0359233, -0.00968963, -0.0862545, -0.0719291, -0.00212104, -0.0500046, 0.0093173, -0.0165624, 0.00748619, -0.0117588, -0.0889767, -0.0236732, 0.0930235, 0.0644032, -0.0919736, 0.037376, -0.0318461, 0.0208228, 0.0234107,


Starting training using PSO on Car Evaluation Set
Press enter to start the training.

0,849.118,0.646991,652215
1,793.794,0.700231,683380
2,765.109,0.708333,670314
3,735.338,0.71875,669312
4,735.338,0.71875,661230
5,735.338,0.71875,679821
6,735.338,0.71875,653315
7,717.554,0.722801,653206
8,694.249,0.712963,654231
9,694.249,0.712963,657293
10,688.635,0.707176,679338
11,688.635,0.707176,656784
12,675.935,0.721644,654706
13,675.935,0.721644,664243
14,675.935,0.721644,654747
15,675.935,0.721644,665771
16,651.505,0.742477,655712
17,645.35,0.739005,670790
18,645.35,0.739005,660227
19,645.35,0.739005,672836
20,643.371,0.74537,666751
21,636.586,0.737847,711901
22,628.388,0.733796,705881
23,628.388,0.733796,719926
24,628.388,0.733796,768637
25,628.388,0.733796,765582
26,628.388,0.733796,732471
27,628.388,0.733796,747522
28,606.599,0.734375,711927
29,606.599,0.734375,669759
30,599.053,0.749421,687321
31,599.053,0.749421,687370
32,599.053,0.749421,670259
33,592.913,0.741319,672267
34,583.474,0.771412,668758
35,561.502,0.775463,657766
36,561.502,0.775463,667754
37,561.502,0.775463,661229
38,554.847,0.787616,664264
39,554.847,0.787616,659751
40,554.847,0.787616,665769
41,538.69,0.795718,656215
42,538.69,0.795718,658748
43,538.69,0.795718,663239
44,538.69,0.795718,673773
45,515.682,0.792824,660730
46,515.682,0.792824,652749
47,515.682,0.792824,683836
48,515.682,0.792824,707457
49,515.682,0.792824,667773
50,515.516,0.795718,655243
51,512.214,0.799769,654822
52,512.214,0.799769,664262
53,507.154,0.791667,654208
54,507.154,0.791667,655736
55,507.154,0.791667,659740
56,507.154,0.791667,654987
57,500.105,0.798611,656717
58,500.105,0.798611,660751
59,500.105,0.798611,653251
60,500.105,0.798611,657218
61,487.254,0.813079,654708
62,487.254,0.813079,653707
63,481.011,0.814815,660227
64,481.011,0.814815,656236
65,474.109,0.814815,658220
66,458.411,0.824074,653203
67,451.144,0.825231,659244
68,447.365,0.829861,652701
69,447.365,0.829861,664270
70,440.943,0.834491,669259
71,429.356,0.845486,660729
72,423.015,0.84838,658012
73,418.515,0.847222,663238
74,418.515,0.847222,676282
75,418.515,0.847222,656713
76,418.515,0.847222,673271
77,418.515,0.847222,660729
78,417.261,0.845486,671604
79,417.261,0.845486,657262
80,417.166,0.84838,659310
81,411.999,0.851273,653332
82,411.999,0.851273,662736
83,411.999,0.851273,656713
84,405.203,0.847222,662733
85,405.203,0.847222,655741
86,405.203,0.847222,661255
87,405.203,0.847222,656715
88,405.203,0.847222,655209
89,402.797,0.850116,671264
90,402.797,0.850116,662783
91,402.797,0.850116,664743
92,400.906,0.853588,661757
93,400.906,0.853588,666748
94,400.602,0.851273,664818
95,400.602,0.851273,658219
96,396.025,0.853009,659223
97,396.025,0.853009,671765
98,396.025,0.853009,675301
99,396.025,0.853009,666746
100,396.025,0.853009,674276
101,394.712,0.852431,655210
102,394.712,0.852431,653202
103,393.03,0.85706,653703
104,379.729,0.869792,659726
105,379.729,0.869792,667251
106,379.387,0.872685,661729
107,375.672,0.872685,653703
108,375.672,0.872685,651718
109,375.087,0.869213,662735
110,374.601,0.868634,660347
111,374.601,0.868634,660755
112,374.601,0.868634,663792
113,374.601,0.868634,664282
114,374.318,0.867477,657272
115,373.958,0.867477,659223
116,366.46,0.87037,654207
117,366.46,0.87037,656716
118,366.46,0.87037,659725
119,366.46,0.87037,653203
120,366.46,0.87037,664241
121,366.46,0.87037,656212
122,366.46,0.87037,661230
123,366.46,0.87037,652721
124,365.656,0.874421,661270
125,362.885,0.878472,662734
126,360.464,0.878472,653204
127,360.464,0.878472,659827
128,360.464,0.878472,665745
129,360.464,0.878472,657249
130,360.464,0.878472,655267
131,360.464,0.878472,665245
132,360.464,0.878472,664741
133,360.369,0.877315,660730
134,358.95,0.877315,662734
135,358.932,0.876736,672819
136,357.922,0.876157,652702
137,355.678,0.876736,651882
138,355.678,0.876736,652228
139,354.757,0.879051,660729
140,354.086,0.880787,665301
141,352.363,0.881366,653752
142,351.467,0.879051,656764
143,351.467,0.879051,661732
144,351.467,0.879051,652881
145,351.467,0.879051,658721
146,351.467,0.879051,652702
147,350.931,0.881944,661763
148,350.766,0.882523,664741
149,350.263,0.884259,671765
150,350.244,0.883681,665244
151,349.45,0.883102,668756
152,349.45,0.883102,667250
153,348.23,0.878472,665745
154,348.23,0.878472,663739
155,347.344,0.881366,663259
156,347.344,0.881366,655782
157,338.789,0.879051,659725
158,338.789,0.879051,657716
159,338.072,0.877894,663737
160,338.072,0.877894,655710
161,338.072,0.877894,658743
162,338.072,0.877894,677284
163,334.384,0.87963,664744
164,334.384,0.87963,660229
165,334.384,0.87963,665335
166,334.384,0.87963,655236
167,334.384,0.87963,659828
168,332.033,0.884259,669256
169,332.033,0.884259,659371
170,326.497,0.894097,665794
171,326.497,0.894097,675781
172,324.972,0.892361,654708
173,324.972,0.892361,668755
174,322.455,0.902199,658394
175,322.455,0.902199,663771
176,322.455,0.902199,654207
177,322.455,0.902199,661732
178,322.455,0.902199,656213
179,321.299,0.905093,659724
180,321.299,0.905093,654208
181,321.173,0.903356,656074
182,321.173,0.903356,661230
183,321.173,0.903356,664742
184,319.881,0.903935,652702
185,318.125,0.906829,677284
186,318.112,0.905093,656237
187,318.112,0.905093,655712
188,318.112,0.905093,665745
189,317.724,0.90625,665747
190,317.724,0.90625,658723
191,317.724,0.90625,669259
192,317.724,0.90625,680315
193,317.36,0.90162,659724
194,316.491,0.908565,654707
195,316.491,0.908565,654845
196,316.491,0.908565,652199
197,316.491,0.908565,652199
198,315.553,0.905671,665244
199,315.089,0.909144,664266
200,314.433,0.904514,668253
201,314.433,0.904514,675779
202,314.433,0.904514,667250
203,313.975,0.909144,653203
204,313.975,0.909144,674775
205,313.975,0.909144,667250
206,313.975,0.909144,659759
207,313.527,0.908565,666246
208,313.527,0.908565,660754
209,313.198,0.909144,654784
210,312.739,0.909144,652699
211,311.682,0.911458,659223
212,311.286,0.91088,658242
213,310.838,0.906829,655710
214,310.838,0.906829,675804
215,309.841,0.909144,665799
216,308.833,0.910301,662233
217,308.306,0.912616,660267
218,308.306,0.912616,665768
219,308.306,0.912616,670377
220,308.031,0.907407,656237
221,308.031,0.907407,657718
222,305.66,0.910301,655210
223,305.66,0.910301,672803
224,305.025,0.908565,653736
225,304.712,0.912037,668757
226,304.712,0.912037,657274
227,304.712,0.912037,656717
228,304.712,0.912037,663236
229,304.548,0.911458,657717
230,304.372,0.907986,661733
231,304.372,0.907986,660754
232,303.57,0.909144,660227
233,303.57,0.909144,671262
234,301.964,0.911458,652199
235,301.964,0.911458,655344
236,301.964,0.911458,660251
237,300.566,0.912616,661269
238,300.566,0.912616,660729
239,300.566,0.912616,658744
240,300.566,0.912616,663291
241,300.566,0.912616,657600
242,300.566,0.912616,672291
243,300.566,0.912616,660226
244,300.388,0.910301,658220
245,299.025,0.911458,655712
246,299.025,0.911458,661733
247,299.025,0.911458,660224
248,299.025,0.911458,655209
249,299.025,0.911458,663335
250,297.857,0.909722,677788
251,297.857,0.909722,670261
252,296.898,0.909144,655775
253,296.502,0.912616,661732
254,296.502,0.912616,654709
255,295.807,0.911458,662761
256,295.666,0.909722,667752
257,295.484,0.913773,667774
258,295.428,0.910301,666748
259,295.428,0.910301,662233
260,295.428,0.910301,665243
261,295.428,0.910301,663260
262,295.428,0.910301,652727
263,295.428,0.910301,655235
264,295.325,0.913773,663236
265,295.325,0.913773,661730
266,295.325,0.913773,656714
267,294.377,0.912037,659437
268,294.377,0.912037,659221
269,294.377,0.912037,660728
270,294.377,0.912037,657216
271,294.25,0.911458,674803
272,294.25,0.911458,652702
273,294.25,0.911458,660241
274,294.25,0.911458,660728
275,294.109,0.911458,659726
276,294.076,0.913194,670260
277,294.076,0.913194,675780
278,294.076,0.913194,656985
279,294.015,0.913773,668847
280,294.015,0.913773,661230
281,293.765,0.913773,664741
282,293.665,0.914352,665746
283,293.467,0.916667,655740
284,293.005,0.913194,682826
285,293.005,0.913194,663739
286,293.005,0.913194,653249
287,292.477,0.915509,656945
288,292.477,0.915509,665747
289,292.477,0.915509,663235
290,292.477,0.915509,657237
291,292.477,0.915509,664240
292,292.477,0.915509,661734
293,292.477,0.915509,660227
294,292.058,0.914352,659347
295,292.058,0.914352,661861
296,292.058,0.914352,668754
297,292.058,0.914352,666749
298,291.338,0.917245,661878
299,290.974,0.918403,663740
300,290.702,0.916667,663738
301,290.295,0.918981,663279
302,289.665,0.917824,672267
303,288.873,0.91956,652199
304,288.576,0.917824,652243
305,288.199,0.918403,654706
306,288.149,0.91956,665747
307,288.026,0.91956,676321
308,287.658,0.917245,657717
309,286.076,0.916667,658332
310,285.993,0.916667,651724
311,284.456,0.920139,672767
312,284.456,0.920139,666274
313,284.016,0.918403,658743
314,284.016,0.918403,659247
315,284.016,0.918403,659225
316,283.668,0.917245,661229
317,283.668,0.917245,658720
318,282.547,0.916088,661232
319,282.547,0.916088,660730
320,282.547,0.916088,672771
321,281.773,0.918981,664765
322,281.773,0.918981,664241
323,281.773,0.918981,660228
324,281.158,0.918403,661752
325,281.158,0.918403,658723
326,280.696,0.921296,660258
327,280.598,0.917245,656716
328,279.913,0.918403,663738
329,279.913,0.918403,671796
330,279.913,0.918403,663239
331,278.658,0.920718,656718
332,278.658,0.920718,672767
333,278.658,0.920718,653705
334,278.658,0.920718,670261
335,278.658,0.920718,669783
336,278.236,0.91956,679367
337,277.986,0.92419,660270
338,276.886,0.923611,664285
339,276.886,0.923611,661732
340,276.886,0.923611,654515
341,276.886,0.923611,656738
342,276.404,0.92419,662735
343,276.404,0.92419,665770
344,276.106,0.926505,674276
345,275.895,0.921875,656739
346,275.895,0.921875,654206
347,275.895,0.921875,652728
348,275.442,0.922454,656713
349,275.442,0.922454,654710
350,274.568,0.927083,668752
351,274.568,0.927083,668254
352,274.568,0.927083,653704
353,274.568,0.927083,658220
354,274.344,0.925926,655210
355,273.951,0.92419,658243
356,273.593,0.925347,652727
357,273.593,0.925347,665746
358,273.593,0.925347,666295
359,273.593,0.925347,654708
360,273.021,0.926505,652701
361,273.021,0.926505,654207
362,272.886,0.924769,661730
363,272.886,0.924769,665744
364,272.886,0.924769,678443
365,272.012,0.923611,665270
366,271.772,0.923611,660228
367,271.399,0.923611,669849
368,271.399,0.923611,657216
369,271.391,0.925926,652748
370,271.391,0.925926,657717
371,271.391,0.925926,662735
372,271.182,0.92419,657714
373,271.182,0.92419,664714
374,271.076,0.923611,670260
375,271.076,0.923611,669256
376,271.076,0.923611,658221
377,269.635,0.926505,659247
378,269.458,0.924769,669312
379,269.36,0.926505,658245
380,269.252,0.922454,664242
381,269.252,0.922454,654731
382,269.252,0.922454,669759
383,269.239,0.92419,669758
384,269.239,0.92419,667799
385,269.159,0.92419,676847
386,269.159,0.92419,661376
387,268.965,0.924769,652699
388,268.965,0.924769,656215
389,268.965,0.924769,672801
390,268.408,0.927083,674802
391,267.996,0.925347,668250
392,267.639,0.928241,656233
393,267.47,0.927083,671278
394,267.47,0.927083,674773
395,267.47,0.927083,668276
396,267.322,0.926505,676781
397,267.111,0.92419,658721
398,267.111,0.92419,659223
399,266.563,0.928819,665244
400,266.414,0.925926,668253
401,266.271,0.925347,664286
402,266.271,0.925347,665244
403,266.271,0.925347,666249
404,266.231,0.925926,657718
405,266.231,0.925926,666771
406,265.756,0.927662,666749
407,265.756,0.927662,662233
408,265.714,0.926505,656727
409,265.163,0.925926,652200
410,265.003,0.92419,654708
411,264.657,0.929398,655209
412,264.438,0.928819,658220
413,264.438,0.928819,655711
414,264.284,0.928241,661732
415,263.646,0.925926,656714
416,262.571,0.926505,665368
417,262.571,0.926505,660249
418,262.571,0.926505,667250
419,261.773,0.925926,659222
420,261.773,0.925926,652728
421,261.773,0.925926,653704
422,261.255,0.925347,671264
423,261.255,0.925347,659223
424,261.255,0.925347,653203
425,260.695,0.927083,661258
426,260.514,0.928241,652700
427,260.115,0.923032,653203
428,259.389,0.925926,665244
429,259.184,0.924769,673269
430,258.369,0.92419,662733
431,258.369,0.92419,653704
432,258.265,0.924769,666246
433,258.047,0.922454,652700
434,256.611,0.924769,664743
435,256.457,0.924769,665744
436,256.457,0.924769,656714
437,256.238,0.926505,657216
438,256.238,0.926505,658219
439,256.238,0.926505,653202
440,255.832,0.926505,670258
441,255.832,0.926505,662110
442,255.266,0.928241,655764
443,254.206,0.928241,662233
444,254.206,0.928241,657217
445,253.685,0.927662,670260
446,253.543,0.927662,652199
447,253.543,0.927662,657217
448,253.51,0.927083,655711
449,253.51,0.927083,651320
450,252.696,0.929977,662233
451,252.516,0.929398,654231
452,251.68,0.932292,653204
453,251.68,0.932292,664743
454,251.68,0.932292,660225
455,251.356,0.927083,654205
456,251.356,0.927083,656247
457,251.356,0.927083,653219
458,251.356,0.927083,662231
459,251.123,0.929398,657286
460,251.123,0.929398,666315
461,251.123,0.929398,657218
462,249.769,0.929398,655748
463,249.769,0.929398,653564
464,249.769,0.929398,657236
465,249.483,0.928819,662233
466,249.483,0.928819,661230
467,249.248,0.930556,661729
468,249.248,0.930556,686818
469,249.248,0.930556,683825
470,249.248,0.930556,660226
471,248.978,0.928819,666746
472,246.086,0.929977,691331
473,246.086,0.929977,691644
474,243.921,0.927083,655711
475,243.921,0.927083,653704
476,243.731,0.928819,663236
477,243.049,0.929398,669257
478,243.049,0.929398,676520
479,243.049,0.929398,672769
480,242.833,0.931713,690831
481,241.903,0.930556,687817
482,241.903,0.930556,678287
483,241.311,0.930556,665745
484,241.311,0.930556,666751
485,239.605,0.930556,671264
486,239.605,0.930556,669256
487,239.266,0.929977,655712
488,239.266,0.929977,669758
489,239.266,0.929977,664180
490,239.162,0.928241,675819
491,239.038,0.930556,668255
492,238.185,0.928241,657060
493,238.185,0.928241,663258
494,238.185,0.928241,661230
495,237.777,0.931713,660226
496,237.777,0.931713,661731
497,237.468,0.930556,663738
498,237.261,0.929398,661229
499,236.962,0.93287,660227
500,236.962,0.93287,666246
501,236.962,0.93287,659249
502,236.962,0.93287,671264
503,236.904,0.931713,662961
504,236.531,0.930556,665267
505,236.531,0.930556,655210
506,236.418,0.929398,662736
507,236.296,0.930556,660729
508,236.224,0.929977,660728
509,236.164,0.928819,659223
510,235.378,0.928241,655709
511,235.378,0.928241,659725
512,235.378,0.928241,661733
513,235.091,0.928819,653702
514,235.091,0.928819,663237
515,235.091,0.928819,679292
516,235.091,0.928819,658220
517,235.091,0.928819,663738
518,234.88,0.928819,653746
519,234.88,0.928819,662733
520,234.619,0.93287,672769
521,234.431,0.933449,676281
522,233.715,0.934606,665745
523,233.715,0.934606,664239
524,233.715,0.934606,655827
525,233.658,0.934606,664793
526,233.332,0.933449,658721
527,233.286,0.933449,655209
528,233.286,0.933449,652718
529,233.286,0.933449,667247
530,233.275,0.934028,675779
531,233.275,0.934028,665745
532,233.176,0.935764,663740
533,233.176,0.935764,666748
534,233.176,0.935764,660246
535,232.736,0.934028,660226
536,232.569,0.936921,659224
537,232.202,0.934028,668780
538,231.845,0.934606,662231
539,231.651,0.935185,662734
540,231.024,0.935185,658721
541,230.494,0.934606,696891
542,230.38,0.935185,709916
543,229.385,0.935764,662768
544,229.385,0.935764,652747
545,229.385,0.935764,667249
546,229.385,0.935764,661230
547,229.385,0.935764,675781
548,229.275,0.938079,668752
549,229.214,0.938079,663236
550,229.214,0.938079,659726
551,229.214,0.938079,666245
552,228.88,0.936343,660748
553,228.88,0.936343,663378
554,228.583,0.936343,659223
555,227.769,0.935764,668253
556,227.769,0.935764,674277
557,227.581,0.936343,664740
558,227.581,0.936343,655231
559,227.505,0.935764,659751
560,227.415,0.936343,665744
561,227.415,0.936343,670784
562,227.415,0.936343,665743
563,227.249,0.936921,666246
564,227.249,0.936921,653705
565,227.236,0.935764,667250
566,227.156,0.936921,671265
567,227.111,0.936343,652763
568,227.023,0.936343,658720
569,227.023,0.936343,654208
570,226.767,0.9375,652700
571,226.756,0.936343,652701
572,226.705,0.936343,662234
573,226.705,0.936343,662253
574,226.705,0.936343,662917
575,226.705,0.936343,659299
576,226.705,0.936343,670762
577,226.457,0.936343,659750
578,226.37,0.935764,670760
579,226.37,0.935764,658770
580,225.902,0.935764,654755
581,225.871,0.935764,672267
582,225.871,0.935764,658562
583,225.619,0.936343,660727
584,225.619,0.936343,664273
585,225.619,0.936343,668756
586,225.514,0.938079,666245
587,225.276,0.936343,666749
588,225.228,0.936343,657385
589,225.228,0.936343,665744
590,225.184,0.936343,667276
591,224.916,0.936343,666247
592,224.916,0.936343,665769
593,224.605,0.935764,670260
594,224.124,0.936921,669256
595,223.994,0.938079,673827
596,223.986,0.938079,665241
597,223.986,0.938079,668253
598,223.802,0.935764,673840
599,223.782,0.935185,658720
600,223.782,0.935185,661229
601,223.782,0.935185,659725
602,223.439,0.936343,664265
603,223.439,0.936343,670759
604,222.821,0.934028,663238
605,222.566,0.936921,660727
606,222.566,0.936921,654708
607,221.779,0.936921,656244
608,221.402,0.938079,662253
609,221.402,0.938079,658719
610,221.337,0.9375,659745
611,221.156,0.9375,659846
612,221.12,0.938079,655712
613,220.931,0.936343,674833
614,220.366,0.935185,659248
615,220.366,0.935185,662735
616,220.366,0.935185,660750
617,220.238,0.936343,659297
618,220.238,0.936343,663235
619,219.883,0.9375,655209
620,219.883,0.9375,656738
621,219.883,0.9375,664310
622,219.883,0.9375,662234
623,219.883,0.9375,662836
624,219.883,0.9375,660404
625,219.883,0.9375,657263
626,219.49,0.9375,655711
627,219.49,0.9375,666247
628,218.831,0.936343,672769
629,218.831,0.936343,661790
630,218.831,0.936343,666268
631,218.802,0.936921,663786
632,218.783,0.938657,668293
633,218.783,0.938657,662850
634,218.783,0.938657,656713
635,218.783,0.938657,662733
636,218.633,0.938657,660757
637,218.58,0.938079,658219
638,218.58,0.938079,659723
639,218.49,0.936921,668777
640,218.477,0.936921,660252
641,218.477,0.936921,657770
642,218.323,0.936921,668253
643,218.323,0.936921,653204
644,218.323,0.936921,662524
645,218.157,0.938079,681296
646,217.834,0.938079,653201
647,217.58,0.938657,653727
648,216.965,0.936921,662785
649,216.965,0.936921,662231
650,216.965,0.936921,666747
651,216.338,0.938657,657720
652,216.338,0.938657,669760
653,216.338,0.938657,657216
654,216.171,0.941551,651290
655,216.171,0.941551,663237
656,216.171,0.939236,669259
657,216.171,0.939236,659353
658,214.547,0.935185,670258
659,214.547,0.935185,675778
660,214.037,0.935764,663740
661,213.659,0.936921,665743
662,213.267,0.936343,663503
663,213.267,0.936343,660224
664,213.267,0.936343,653727
665,213.267,0.936343,659725
666,213.267,0.936343,667251
667,213.267,0.936343,662733
668,213.267,0.936343,660227
669,213.267,0.936343,676280
670,212.705,0.941551,661732
671,212.705,0.941551,660727
672,212.382,0.940972,663238
673,211.402,0.939815,656714
674,211.233,0.939236,657216
675,210.971,0.940394,658264
676,210.371,0.940394,658768
677,210.208,0.940972,668252
678,209.321,0.941551,661732
679,209.321,0.941551,658533
680,209.22,0.941551,665113
681,209.22,0.941551,660727
682,209.22,0.941551,663736
683,209.22,0.941551,661732
684,209.22,0.941551,681187
685,209.092,0.940972,661229
686,208.199,0.939236,662767
687,208.199,0.939236,656737
688,208.199,0.939236,690326
689,208.123,0.940394,671264
690,208.123,0.940394,672359
691,208.123,0.940394,680316
692,207.869,0.938079,657697
693,207.854,0.938079,652702
694,207.854,0.938079,682880
695,207.854,0.938079,667751
696,207.849,0.938657,693339
697,207.759,0.939236,681280
698,207.759,0.938657,680795
699,207.585,0.941551,692335
700,207.585,0.941551,682827
701,207.152,0.94213,659227
702,207.152,0.94213,663764
703,207.152,0.94213,667252
704,207.152,0.94213,653707
705,206.804,0.941551,667249
706,206.804,0.941551,701366
707,206.804,0.941551,706970
708,206.776,0.941551,680821
709,206.706,0.941551,674776
710,206.595,0.940972,660728
711,206.521,0.940394,663760
712,206.515,0.941551,684334
713,206.515,0.941551,677344
714,206.515,0.941551,670285
715,206.492,0.940394,726954
716,206.492,0.940394,686816
717,206.492,0.940394,678789
718,206.478,0.940394,748024
719,206.065,0.94213,664782
720,206.065,0.94213,660998
721,206.045,0.941551,673271
722,205.814,0.942708,661257
723,205.814,0.942708,668779
724,205.814,0.942708,666247
725,205.814,0.942708,669720
726,205.814,0.942708,670262
727,205.814,0.942708,661733
728,205.814,0.942708,677308
729,205.644,0.941551,676129
730,205.644,0.941551,665746
731,205.644,0.941551,662286
732,205.528,0.940394,670762
733,205.528,0.940394,670261
734,205.528,0.940394,666249
735,205.3,0.94213,664268
736,205.3,0.94213,666274
737,205.151,0.940394,689828
738,205.101,0.940394,668778
739,205.101,0.940394,668754
740,205.101,0.940394,670261
741,205.101,0.940394,664741
742,205.101,0.940394,658743
743,204.985,0.939815,658840
744,204.714,0.940394,662764
745,204.606,0.939815,680295
746,204.606,0.939815,663345
747,204.482,0.939815,654047
748,204.482,0.939815,667752
749,203.72,0.941551,678959
750,203.72,0.941551,664772
751,203.508,0.940394,659724
752,203.119,0.940394,676831
753,202.561,0.94213,662779
754,202.267,0.941551,654234
755,202.234,0.940394,653772
756,202.234,0.940394,658764
757,202.234,0.940394,669316
758,201.785,0.94213,673775
759,201.782,0.94213,665265
760,201.782,0.94213,658744
761,201.654,0.942708,676281
762,201.599,0.942708,676280
763,201.49,0.94213,678813
764,201.011,0.940394,666246
765,200.801,0.94213,670788
766,200.791,0.94213,662252
767,199.757,0.942708,657741
768,199.757,0.942708,659282
769,199.757,0.942708,678350
770,199.757,0.942708,686816
771,199.757,0.942708,664339
772,199.268,0.943287,679793
773,199.268,0.943287,689346
774,199.268,0.943287,668755
775,199.268,0.943287,661734
776,199.268,0.943287,662232
777,199.268,0.943287,665243
778,199.201,0.943866,665746
779,199.201,0.943866,667291
780,199.201,0.943866,678822
781,199.079,0.943287,662235
782,198.976,0.943866,665263
783,198.976,0.943866,659725
784,198.65,0.944444,669260
785,198.364,0.944444,684935
786,198.364,0.944444,678940
787,198.364,0.944444,668254
788,198.058,0.943866,654709
789,198.04,0.945023,655515
790,197.994,0.943866,670261
791,197.994,0.943866,668254
792,197.916,0.943866,654709
793,197.79,0.945602,674778
794,197.79,0.945602,663736
795,197.79,0.945602,674777
796,197.566,0.945023,653200
797,197.566,0.945023,656213
798,197.473,0.943287,685312
799,197.473,0.943287,707886
800,197.471,0.944444,678790
801,197.371,0.945023,664743
802,197.371,0.945023,660269
803,196.57,0.946181,665743
804,196.57,0.946181,659726
805,196.57,0.946181,665968
806,196.57,0.946181,654708
807,196.57,0.946181,661733
808,196.57,0.946181,662232
809,195.814,0.946181,666247
810,195.814,0.946181,660224
811,195.814,0.946181,663237
812,195.686,0.946759,671764
813,195.667,0.945602,690830
814,195.529,0.945023,664740
815,195.353,0.944444,659862
816,195.353,0.944444,654708
817,194.885,0.946181,655211
818,194.885,0.946181,656753
819,194.694,0.945023,653902
820,194.694,0.945023,652199
821,194.694,0.945023,658750
822,194.694,0.945023,655237
823,194.566,0.944444,659727
824,194.566,0.944444,659298
825,194.532,0.945023,671261
826,194.532,0.945023,655737
827,194.153,0.945602,655712
828,194.153,0.945602,652828
829,194.038,0.945023,659225
830,193.892,0.945023,663358
831,193.892,0.945023,661776
832,193.547,0.944444,732969
833,193.3,0.944444,670261
834,193.3,0.944444,665745
835,193.097,0.945602,671317
836,192.885,0.946759,655713
837,192.885,0.946759,665824
838,192.885,0.946759,666810
839,192.711,0.945602,653705
840,192.567,0.945023,669903
841,192.567,0.945023,657717
842,192.567,0.945023,655709
843,192.567,0.945023,660772
844,192.567,0.945023,670813
845,192.547,0.945602,668755
846,192.547,0.945602,673838
847,192.547,0.945602,658808
848,192.487,0.945023,653214
849,192.487,0.945023,660226
850,192.254,0.946759,654707
851,192.254,0.946759,669259
852,192.203,0.945602,658219
853,191.897,0.945602,657716
854,191.897,0.945602,663237
855,191.799,0.946181,661230
856,191.278,0.946181,662234
857,191.054,0.946759,653704
858,191.054,0.946759,665743
859,191.054,0.946759,680319
860,191.054,0.946759,698882
861,190.996,0.947338,677106
862,190.996,0.947338,655709
863,190.996,0.947338,661230
864,190.961,0.946759,671353
865,190.676,0.946759,672769
866,190.379,0.946759,660731
867,190.329,0.946181,662013
868,190.084,0.946181,668755
869,190.051,0.946759,664770
870,190.051,0.946759,668282
871,190.051,0.946759,652200
872,190.051,0.946759,666748
873,189.918,0.947338,658244
874,189.703,0.946181,658722
875,189.703,0.946181,658220
876,189.703,0.946181,660728
877,189.703,0.946181,667867
878,189.479,0.946759,655928
879,189.479,0.946759,658723
880,189.479,0.946759,659761
881,188.943,0.946759,657720
882,188.928,0.945602,652201
883,188.928,0.945602,653703
884,188.782,0.946181,655210
885,188.782,0.946181,659296
886,188.433,0.945023,652700
887,188.257,0.945602,656211
888,188.257,0.945602,654710
889,188.046,0.945602,653203
890,188.046,0.945602,661705
891,188.046,0.945602,659796
892,188.046,0.945602,661228
893,187.765,0.946759,656213
894,187.671,0.945602,667250
895,187.671,0.945602,651747
896,187.627,0.945023,656715
897,187.336,0.945602,655210
898,187.336,0.945602,664767
899,187.299,0.946181,657720
900,187.113,0.946181,666244
901,186.847,0.946181,681799
902,186.847,0.946181,664241
903,186.847,0.946181,652199
904,186.779,0.945602,652702
905,186.779,0.945602,662737
906,186.684,0.945602,658243
907,186.684,0.945602,660226
908,186.14,0.946759,658743
909,186.085,0.946181,660228
910,186.085,0.946181,660729
911,185.767,0.945023,653201
912,185.767,0.945023,660224
913,185.767,0.945023,658775
914,185.713,0.946181,666247
915,185.713,0.946181,666249
916,185.713,0.946181,671765
917,185.694,0.944444,660727
918,185.546,0.945023,651697
919,185.546,0.945023,660751
920,185.546,0.945023,653704
921,185.361,0.945023,665745
922,185.361,0.945023,661228
923,185.361,0.945023,664739
924,185.361,0.945023,664242
925,185.361,0.945023,652197
926,185.354,0.944444,655310
927,185.354,0.944444,654708
928,185.354,0.944444,657718
929,185.339,0.945023,662290
930,185.339,0.945023,661731
931,185.282,0.945023,659248
932,185.164,0.945023,671765
933,184.923,0.945602,652224
934,184.923,0.945602,659789
935,184.923,0.945602,659287
936,184.904,0.943866,662759
937,184.904,0.943866,654710
938,184.904,0.943866,684333
939,184.904,0.943866,673774
940,184.904,0.943866,686814
941,184.825,0.945023,660729
942,184.825,0.945023,659244
943,184.521,0.944444,657718
944,184.521,0.944444,660227
945,184.521,0.944444,660728
946,184.065,0.944444,661229
947,183.837,0.945023,657242
948,183.681,0.943866,672793
949,183.661,0.943866,657958
950,183.456,0.943866,711901
951,183.078,0.943866,659788
952,183.078,0.943866,655713
953,183.078,0.943866,658720
954,182.495,0.943866,661732
955,182.495,0.943866,669758
956,182.318,0.942708,670260
957,182.318,0.942708,651196
958,182.318,0.942708,651197
959,182.305,0.942708,654206
960,182.184,0.942708,649189
961,182.023,0.94213,649221
962,182.023,0.94213,651196
963,182.023,0.94213,650212
964,182.023,0.94213,652701
965,181.905,0.942708,665244
966,181.905,0.942708,652225
967,181.594,0.942708,650761
968,181.594,0.942708,656211
969,181.36,0.943287,658722
970,181.36,0.943287,649189
971,181.313,0.94213,652701
972,181.313,0.94213,650694
973,181.313,0.94213,650194
974,181.28,0.943287,650694
975,181.28,0.943287,650193
976,181.215,0.944444,653702
977,181.215,0.944444,654208
978,181.215,0.944444,651696
979,181.204,0.945023,651700
980,181.204,0.945023,650192
981,181.204,0.945023,653204
982,180.928,0.944444,660268
983,180.928,0.944444,661249
984,180.433,0.943287,650192
985,180.316,0.943287,649691
986,180.316,0.943287,652701
987,180.316,0.943287,654728
988,180.201,0.942708,651698
989,180.201,0.942708,662233
990,180.201,0.942708,648413
991,180.173,0.943287,650217
992,179.907,0.942708,650215
993,179.907,0.942708,653203
994,179.858,0.943287,654266
995,179.858,0.943287,651698
996,179.858,0.943287,649693
997,179.858,0.943287,656212
998,179.638,0.944444,655210
999,179.602,0.944444,671264
Done! Press enter to close the program.
