Normalizing data...
Randomizing order of the data...
Creating Neural Network (21, 13, 4)
Current weights set to:
0.0382244, -0.0210852, -0.0344218, 0.00699789, 0.0956236, 0.039848, -0.0693045, -0.0738639, -0.0799005, -0.0554735, -0.0892026, 0.017832, 0.00563677, 0.036137, -0.0989257, -0.0775933, 0.0536119, 0.0434492, -0.0835261, 0.0911924, -0.0785394, 0.059856, -0.020365, 0.0477706, -0.0360637, -0.0553331, 0.0420087, 0.04962, -0.0268777, -0.0720511, 0.094409, -0.0185827, 0.0236305, -0.0999634, 0.023307, 0.0111972, 0.0290384, -0.0328227, 0.0690481, 0.0406659, -0.0840632, -0.0456282, 0.0422895, 0.080932, 0.0218299, 0.0367412, -0.0451277, -0.0151708, 0.0230445, -0.0193396, 0.021427, 0.0671865, -0.000930815, -0.0240761, 0.0878964, 0.0441694, -0.0606433, -0.0598254, 0.0432844, 0.0230689, 0.0990783, 0.0767998, 0.0708548, -0.0262612, -0.0901852, -0.0323344, 0.0950316, 0.0128574, 0.0517197, -0.0181738, 0.0802362, -0.0676321, -0.00686972, 0.0814936, -0.0620289, -0.0966369, 0.00414136, 0.00655232, 0.0983215, -0.0134922, -0.0498886, -0.0812067, -0.097882, -0.0195898, 0.0716178, 0.0872494, 0.0701895, 0.0391522, 0.0569079, 0.0956481, 0.00566118, -0.00983612, 0.0132542, -0.0464339, -0.0142003, -0.016245, 0.0433088, -0.00780358, -0.000454726, 0.00557573, 0.0328349, -0.0737968, 0.0869686, 0.0831416, -0.0439802, -0.0371563, -0.0630238, -0.0821955, -0.0954222, -0.0604419, -0.000570696, -0.0266152, -0.053032, -0.0286111, 0.0679739, -0.0474044, 0.0239174, -0.0106357, -0.0101474, 0.0927427, -0.0134617, 0.0511826, 0.0588794, 0.0116855, -0.0167272, 0.00537431, -0.0521043, -0.0644581, -0.098114, -0.00971404, -0.063097, 0.0392193, 0.0728446, -0.0509934, 0.0932066, -0.0688894, -0.0597949, 0.0416425, -0.0403424, 0.0131748, -0.0936033, -0.0639943, 0.00747398, -0.0523484, 0.057036, 0.0582018, 0.00967132, -0.0382794, -0.0279519, -0.0159154, -0.00853603, 0.021189, -0.0705191, 0.0531114, -0.0860775, 0.00467849, -0.0919858, -0.0144078, -0.0529771, -0.0905881, 0.0945921, -0.0151646, 0.0884152, 0.0198828, -0.0965758, -0.0948363, -0.0158544, 0.0706656, 0.012534, -0.0326518, -0.0923765, -0.0653798, 0.0241005, 0.00240181, -0.047026, 0.0677725, 0.0549547, -0.0947325, -0.000875881, 0.0420148, 0.0633229, 0.0794733, -0.0991516, -0.00299997, 0.0182104, -0.0459822, 0.063036, -0.0575671, -0.0823969, -0.0461592, 0.0543382, -0.0580554, -0.0382977, 0.00498978, 0.0166112, -0.0900815, 0.087524, -0.0441389, -0.073748, 0.0524339, -0.0289102, -0.00432447, 0.0637501, 0.0835749, -0.0965697, 0.0514695, -0.0523057, 0.0484298, 0.0466353, 0.0448653, 0.0895199, 0.0839534, 0.0762932, -0.0101718, 0.0251015, -0.0510544, -0.0835627, 0.0127537, -0.020304, 0.054503, -0.0265725, 0.075988, 0.0222266, 0.0259682, -0.025248, 0.0861507, 0.0653066, -0.0720634, 0.0193213, -0.0314798, -0.0327799, -0.0166906, -0.0547655, -0.0114109, 0.0921323, -0.0823115, 0.0213965, -0.0977844, -0.0153417, -0.0394269, 0.0692495, 0.0155065, -0.0847346, 0.0342631, 0.0207801, -0.0642933, -0.0474654, -0.0379681, 0.0191443, 0.0944029, -0.0813654, 0.0266579, 0.0681021, 0.0241432, 0.0843257, -0.089465, -0.0634754, 0.0699759, -0.0404645, -0.051207, -0.0757378, -0.0831782, 0.0360149, -0.0735832, -0.00444655, 0.0142979, 0.038139, -0.0491012, 0.0862484, 0.0798822, -0.0618763, 0.0314066, 0.0911985, -0.038023, 0.092053, 0.0959288, -0.0621509, 0.0439253, -0.047264, 0.0775201, 0.0525376, 0.0702933, -0.0841487, 0.000949126, 0.0255043, -0.0233131, -0.0444685, -0.0990112, -0.0189428, 0.00434889, 0.00560625, -0.0964232, 0.0590442, 0.0807123, -0.0571642, -0.0988464, -0.0861141, -0.0527329, -0.07163, -0.0466475, 0.0374859, 0.0159642, -0.0363872, 0.0443709, 0.0121311, 0.0353069, 0.0167943, -0.0718253, 0.099823, -0.0524766, -0.0234657, 0.0929136, 0.074102, 0.0180212, -0.011417, -0.0243263, -0.099237, 0.0182409, 0.0319987, 0.0588916, -0.026371, -0.05656, 0.0910642, -0.0203467, -0.0884091, 0.0463607, -0.0208655, 0.0831477, 0.0233497, 0.068218, -0.0292947, -0.0485214, 0.0458663, 0.048204, 0.0978942, -0.0608386, 0.0629688, -0.00724204, 0.0676687, 0.0464827, 0.0102451, -0.0141758, 0.0560167, -0.038023, 0.0725455, 0.0214209, -0.0647023, 0.00536821, -0.0197363, -0.0603381, -0.00890225, 0.0020661, -0.0892331, -0.0523606, 0.0847102, 0.0206275, 0.00110172, -0.0938047, -0.0823786, 0.00428175, -0.0217261, 0.064098, -0.0457564,


Starting training using PSO on Car Evaluation Set
Press enter to start the training.

0,871.597,0.695602,655713
1,871.597,0.695602,658835
2,871.597,0.695602,653230
3,787.045,0.729745,654232
4,741.478,0.731481,655267
5,741.478,0.731481,652267
6,741.478,0.731481,652741
7,700.437,0.733796,653732
8,700.437,0.733796,657217
9,700.437,0.733796,658745
10,700.437,0.733796,660744
11,668.308,0.741319,665268
12,640.283,0.747685,657219
13,640.283,0.747685,688851
14,640.283,0.747685,653706
15,640.283,0.747685,653227
16,640.283,0.747685,667753
17,640.283,0.747685,736485
18,640.283,0.747685,718424
19,640.283,0.747685,744557
20,623.048,0.752894,837324
21,623.048,0.752894,761569
22,621.635,0.751157,725949
23,621.635,0.751157,727480
24,613.822,0.757523,673273
25,611.636,0.761574,676784
26,608.696,0.775463,679846
27,591.589,0.780093,671264
28,591.589,0.780093,678286
29,591.589,0.780093,688321
30,587.153,0.782407,658721
31,587.153,0.782407,665794
32,585.898,0.772569,659222
33,585.898,0.772569,665244
34,561.993,0.787616,672312
35,561.993,0.787616,656739
36,561.993,0.787616,661734
37,553.6,0.793981,676781
38,540.385,0.796296,659750
39,540.385,0.796296,663739
40,539.114,0.811921,661231
41,534.725,0.806713,658746
42,534.725,0.806713,685340
43,534.725,0.806713,709392
44,534.725,0.806713,673345
45,524.272,0.809606,659222
46,522.187,0.820602,654240
47,521.242,0.806134,650304
48,521.242,0.806134,658741
49,511.96,0.816551,658747
50,511.96,0.816551,656213
51,511.96,0.816551,670560
52,511.96,0.816551,656713
53,511.96,0.816551,654733
54,496.264,0.814815,656261
55,496.264,0.814815,657216
56,494.372,0.81713,653202
57,494.372,0.81713,658221
58,494.372,0.81713,654708
59,494.372,0.81713,653252
60,494.372,0.81713,653706
61,494.372,0.81713,656713
62,494.372,0.81713,661732
63,494.372,0.81713,665766
64,492.03,0.815394,652200
65,492.03,0.815394,661258
66,492.03,0.815394,672267
67,488.754,0.811343,658012
68,488.754,0.811343,657718
69,488.731,0.815972,657216
70,484.641,0.824653,658221
71,484.641,0.824653,661731
72,484.641,0.824653,657218
73,484.641,0.824653,661568
74,484.641,0.824653,652201
75,484.641,0.824653,651744
76,484.641,0.824653,654397
77,478.784,0.814815,655738
78,476.232,0.820602,666245
79,476.232,0.820602,656213
80,476.232,0.820602,669287
81,476.232,0.820602,663765
82,476.232,0.820602,657216
83,474.206,0.828704,659224
84,474.206,0.828704,657217
85,469.661,0.826968,656715
86,469.661,0.826968,655259
87,469.661,0.826968,659749
88,469.661,0.826968,660227
89,465.91,0.824074,655233
90,465.087,0.829282,655262
91,464.168,0.829282,673274
92,463.531,0.828125,658220
93,463.531,0.828125,658722
94,462.938,0.828704,659749
95,460.947,0.83044,658720
96,456.817,0.822917,661232
97,456.771,0.828704,658245
98,456.583,0.829861,655211
99,442.363,0.835648,674775
100,442.363,0.835648,657216
101,442.363,0.835648,662737
102,442.363,0.835648,659725
103,442.363,0.835648,659725
104,442.363,0.835648,657237
105,439.508,0.841435,655298
106,439.508,0.841435,651225
107,439.508,0.841435,653228
108,435.095,0.836227,662815
109,434.497,0.833333,657737
110,430.538,0.837384,655767
111,430.538,0.837384,658219
112,430.538,0.837384,661230
113,430.538,0.837384,654208
114,426.823,0.837384,653702
115,426.823,0.837384,665745
116,426.823,0.837384,653705
117,426.823,0.837384,661731
118,426.823,0.837384,657218
119,424.913,0.838542,658783
120,424.913,0.838542,656215
121,424.913,0.838542,657717
122,424.913,0.838542,659225
123,419.589,0.83912,656814
124,419.589,0.83912,657719
125,419.589,0.83912,671356
126,419.589,0.83912,664238
127,419.589,0.83912,650695
128,418.036,0.83912,655711
129,417.295,0.842593,667752
130,414.503,0.84375,659754
131,414.503,0.84375,650215
132,414.503,0.84375,658723
133,413.959,0.844329,678000
134,413.959,0.844329,678287
135,409.903,0.842014,660260
136,409.76,0.841435,672288
137,409.76,0.841435,665342
138,409.76,0.841435,660729
139,409.257,0.840856,654709
140,407.923,0.839699,661391
141,407.642,0.84375,681297
142,407.642,0.84375,657218
143,406.125,0.84375,655742
144,406.125,0.84375,660227
145,405.219,0.84375,653704
146,405.151,0.844907,653707
147,403.515,0.844907,651698
148,403.515,0.844907,657718
149,402.025,0.84375,657217
150,399.578,0.849537,669760
151,399.578,0.849537,669781
152,399.56,0.844907,660636
153,397.626,0.843171,652703
154,397.626,0.843171,664739
155,396.736,0.844907,665745
156,396.282,0.84838,660728
157,396.225,0.851273,658720
158,396.011,0.850694,659225
159,396.011,0.850694,662232
160,394.259,0.854745,661786
161,392.272,0.850116,664278
162,388.505,0.852431,661253
163,388.505,0.852431,668975
164,387.298,0.855324,656740
165,387.298,0.855324,653327
166,387.298,0.855324,665291
167,387.298,0.855324,655712
168,384.957,0.855903,659225
169,384.043,0.859954,656737
170,381.014,0.857639,649869
171,381.014,0.857639,675276
172,380.777,0.858796,663236
173,380.339,0.858796,670261
174,380.339,0.858796,655711
175,380.18,0.857639,656716
176,377.687,0.859954,667113
177,376.505,0.864005,655710
178,376.505,0.864005,653203
179,376.011,0.860532,655212
180,376.011,0.860532,658720
181,376.011,0.860532,668781
182,375.159,0.859375,655709
183,375.159,0.859375,659748
184,374.17,0.860532,665743
185,373.271,0.859375,655713
186,373.271,0.859375,653202
187,372.055,0.868056,663238
188,366.71,0.867477,664260
189,366.71,0.867477,652701
190,365.901,0.864583,657720
191,363.888,0.862847,665880
192,363.888,0.862847,668254
193,363.888,0.862847,665244
194,363.888,0.862847,657718
195,359.413,0.863426,653726
196,359.181,0.87037,651197
197,359.181,0.87037,658220
198,358.69,0.866898,656715
199,358.69,0.866898,655208
200,356.698,0.865162,678789
201,356.698,0.865162,655211
202,356.698,0.865162,653236
203,356.698,0.865162,656716
204,356.698,0.865162,654230
205,356.306,0.86169,659801
206,356.306,0.86169,665242
207,356.306,0.86169,660226
208,356.306,0.86169,651218
209,355.113,0.860532,662232
210,355.113,0.860532,656236
211,354.662,0.861111,651252
212,354.662,0.861111,652199
213,354.662,0.861111,665282
214,353.342,0.862847,672793
215,353.342,0.862847,652318
216,353.342,0.862847,654730
217,353.342,0.862847,654707
218,353.342,0.862847,660752
219,351.884,0.866319,659256
220,347.261,0.867477,661760
221,347.261,0.867477,658724
222,347.261,0.867477,654765
223,347.261,0.867477,650194
224,347.261,0.867477,665243
225,346.236,0.869792,656714
226,346.236,0.869792,651196
227,346.236,0.869792,655235
228,346.236,0.869792,652197
229,346.236,0.869792,667753
230,346.023,0.871528,660228
231,344.387,0.870949,664376
232,344.387,0.870949,651220
233,343.616,0.875,653242
234,342.998,0.874421,661733
235,340.493,0.876157,657764
236,340.214,0.874421,650796
237,337.559,0.874421,652013
238,337.559,0.874421,658244
239,335.961,0.873843,655208
240,335.961,0.873843,657215
241,334.509,0.873264,681799
242,333.656,0.877315,663739
243,333.656,0.877315,664241
244,333.506,0.878472,665243
245,333.506,0.878472,656309
246,332.979,0.876736,666747
247,330.042,0.876736,661229
248,329.357,0.876157,656780
249,329.357,0.876157,658220
250,329.183,0.877315,659725
251,329.183,0.877315,658746
252,328.834,0.878472,661232
253,327.21,0.880787,654704
254,327.172,0.878472,676279
255,326.603,0.877894,669759
256,326.047,0.87963,676783
257,326.047,0.87963,659246
258,326.047,0.87963,656741
259,325.859,0.878472,665768
260,324.128,0.880787,659726
261,323.27,0.877315,654710
262,323.27,0.877315,654706
263,321.959,0.881944,664454
264,321.843,0.882523,650694
265,321.626,0.878472,658722
266,318.537,0.883102,651698
267,316.902,0.883102,675303
268,316.902,0.883102,673774
269,315.852,0.883681,664256
270,313.826,0.883102,655711
271,313.826,0.883102,657216
272,312.958,0.883681,649691
273,312.958,0.883681,652703
274,312.958,0.883681,657989
275,312.958,0.883681,657332
276,312.958,0.883681,660228
277,311.732,0.883681,658720
278,311.732,0.883681,658721
279,311.732,0.883681,663767
280,309.361,0.885995,685835
281,309.361,0.885995,663740
282,309.361,0.885995,674348
283,308.369,0.885995,671472
284,307.731,0.883681,662737
285,307.198,0.884838,650193
286,307.198,0.884838,653201
287,307.198,0.884838,652199
288,306.243,0.885417,658722
289,306.243,0.885417,656213
290,304.894,0.887731,650316
291,304.174,0.88831,671389
292,302.355,0.890046,672267
293,300.462,0.891204,666748
294,300.462,0.891204,655857
295,299.904,0.890046,660228
296,299.904,0.890046,654708
297,299.904,0.890046,656257
298,299.904,0.890046,657718
299,298.994,0.885995,660728
300,298.994,0.885995,655755
301,298.543,0.886574,656713
302,298.543,0.886574,654709
303,297.99,0.890625,656253
304,297.99,0.890625,660224
305,297.99,0.890625,649783
306,297.976,0.884838,655737
307,297.976,0.884838,657738
308,297.976,0.884838,661757
309,297.591,0.888889,658743
310,297.591,0.888889,661757
311,297.505,0.888889,658723
312,297.482,0.890046,654708
313,297.482,0.890046,664241
314,297.439,0.890046,657217
315,297.439,0.890046,658722
316,297.439,0.890046,663738
317,296.733,0.890625,676304
318,296.733,0.890625,663737
319,296.733,0.890625,659724
320,296.566,0.888889,650714
321,296.566,0.888889,650696
322,296.566,0.888889,653736
323,292.319,0.88831,658722
324,292.319,0.88831,657718
325,292.319,0.88831,662267
326,292.319,0.88831,651697
327,292.319,0.88831,658723
328,292.319,0.88831,652702
329,292.216,0.887731,658216
330,292.06,0.884838,657718
331,292.06,0.884838,659248
332,292.052,0.88831,651698
333,292.052,0.88831,662735
334,291.897,0.887731,659265
335,291.897,0.887731,655753
336,291.897,0.887731,652509
337,291.396,0.888889,661255
338,291.396,0.888889,662233
339,291.396,0.888889,661231
340,291.371,0.891204,663740
341,291.371,0.891204,657241
342,290.755,0.892361,656736
343,289.053,0.88831,657244
344,289.053,0.88831,662733
345,289.053,0.88831,659224
346,288.18,0.885417,664743
347,288.18,0.885417,657717
348,287.9,0.890046,664740
349,287.9,0.890046,660224
350,287.9,0.890046,658220
351,285.612,0.891782,669784
352,285.612,0.891782,667752
353,285.611,0.891782,672291
354,285.611,0.891782,660226
355,285.611,0.891782,665290
356,284.707,0.89294,658721
357,284.707,0.89294,666748
358,284.707,0.89294,671262
359,284.707,0.89294,658721
360,284.191,0.89294,653839
361,284.191,0.89294,668781
362,283.97,0.891204,664238
363,283.97,0.891204,659292
364,283.97,0.891204,657736
365,283.68,0.890046,666271
366,283.68,0.890046,662232
367,283.483,0.886574,665244
368,283.072,0.89294,660224
369,282.489,0.887153,658692
370,282.489,0.887153,657712
371,282.489,0.887153,661731
372,282.182,0.889468,661229
373,281.818,0.887153,673273
374,281.818,0.887153,662340
375,281.818,0.887153,658747
376,281.818,0.887153,659726
377,281.818,0.887153,662233
378,281.818,0.887153,676324
379,281.75,0.889468,665242
380,281.75,0.889468,678837
381,281.538,0.88831,669256
382,281.538,0.88831,661796
383,281.538,0.88831,660777
384,280.89,0.889468,671767
385,280.89,0.889468,663773
386,280.89,0.889468,665245
387,279.923,0.890046,654706
388,279.923,0.890046,659746
389,279.63,0.891204,660743
390,279.63,0.891204,666245
391,279.63,0.891204,657218
392,278.721,0.891782,672791
393,278.721,0.891782,659724
394,278.721,0.891782,655209
395,278.721,0.891782,663236
396,278.721,0.891782,668253
397,278.014,0.890046,668280
398,278.014,0.890046,653222
399,277.919,0.895833,657718
400,277.919,0.895833,665745
401,277.919,0.895833,658723
402,277.919,0.895833,654228
403,277.024,0.89294,659224
404,275.7,0.895255,679306
405,274.727,0.895255,657716
406,274.727,0.895255,656212
407,274.727,0.895255,658219
408,274.727,0.895255,669258
409,274.727,0.895255,654706
410,274.727,0.895255,655709
411,272.813,0.895833,672268
412,272.813,0.895833,658268
413,272.678,0.894676,654755
414,272.678,0.894676,660751
415,272.206,0.896991,656714
416,271.982,0.898148,657743
417,271.982,0.898148,666748
418,271.982,0.898148,663739
419,270.838,0.893519,658221
420,270.838,0.893519,659221
421,270.838,0.893519,669761
422,269.315,0.895255,659754
423,268.141,0.903356,656213
424,268.141,0.903356,679793
425,267.118,0.90162,658721
426,266.483,0.903935,652201
427,266.483,0.903935,673772
428,266.373,0.902199,661230
429,264,0.899884,655710
430,264,0.899884,667753
431,264,0.899884,673771
432,264,0.899884,659727
433,263.256,0.902778,652701
434,263.256,0.902778,660728
435,262.67,0.900463,657217
436,262.67,0.900463,665742
437,260.962,0.902199,659225
438,259.983,0.906829,657217
439,259.983,0.906829,664767
440,258.571,0.907407,654708
441,258.344,0.907986,669256
442,258.037,0.909144,656213
443,258.037,0.909144,665244
444,256.726,0.906829,656209
445,256.12,0.913773,659822
446,255.666,0.910301,654732
447,255.666,0.910301,664770
448,255.666,0.910301,658720
449,254.766,0.906829,657718
450,252.942,0.907407,658219
451,252.942,0.907407,659224
452,252.942,0.907407,662233
453,252.942,0.907407,669292
454,252.732,0.91088,654223
455,252.732,0.91088,656282
456,252.203,0.906829,650761
457,250.785,0.910301,653707
458,250.473,0.914352,652610
459,250.473,0.914352,666239
460,250.023,0.913773,663760
461,248.481,0.917824,656715
462,248.481,0.917824,668749
463,248.481,0.917824,652697
464,248.481,0.917824,692837
465,248.165,0.914931,665765
466,248.165,0.914931,657718
467,245.779,0.913773,673273
468,245.779,0.913773,704903
469,244.744,0.909144,663236
470,244.744,0.909144,656024
471,244.744,0.909144,661732
472,244.744,0.909144,679291
473,244.516,0.911458,653704
474,243.542,0.913773,656954
475,243.542,0.913773,671264
476,243.349,0.913194,720931
477,243.349,0.913194,657748
478,243.071,0.914931,677284
479,243.071,0.914931,660728
480,242.264,0.913773,660729
481,242.264,0.913773,661726
482,241.942,0.912616,666246
483,241.942,0.912616,662231
484,241.562,0.916667,663237
485,241.562,0.916667,653753
486,240.981,0.916088,653084
487,239.661,0.914931,660228
488,239.661,0.914931,654792
489,239.661,0.914931,667026
490,239.661,0.914931,656715
491,239.12,0.913194,651194
492,239.12,0.913194,651698
493,238.984,0.913194,660224
494,238.701,0.914352,658219
495,238.151,0.914352,658219
496,238.151,0.914352,653202
497,237.93,0.915509,663263
498,237.008,0.916667,664239
499,237.008,0.916667,657443
500,237.008,0.916667,653287
501,236.666,0.915509,657716
502,236.666,0.915509,658221
503,235.44,0.914931,667750
504,235.44,0.914931,662231
505,235.44,0.914931,660227
506,234.897,0.916667,678822
507,234.454,0.922454,652702
508,234.454,0.922454,657719
509,234.246,0.920139,662736
510,234.246,0.920139,662227
511,234.246,0.920139,659092
512,233.869,0.918403,660226
513,233.869,0.918403,651695
514,233.712,0.918403,660750
515,233.458,0.918981,665767
516,232.185,0.917824,663738
517,231.824,0.920139,661733
518,231.824,0.920139,663349
519,231.508,0.91956,663239
520,230.936,0.920139,661345
521,230.579,0.917824,660750
522,230.543,0.920718,658219
523,230.543,0.920718,660729
524,230.038,0.91956,667752
525,230.038,0.91956,676297
526,229.647,0.918981,658218
527,229.647,0.918981,652199
528,229.629,0.920139,652702
529,229.62,0.918981,669754
530,229.62,0.918981,656714
531,228.719,0.920139,653223
532,228.719,0.920139,655711
533,228.719,0.920139,672340
534,228.719,0.920139,663236
535,228.615,0.91956,651698
536,228.299,0.920139,660227
537,227.821,0.921875,665282
538,227.821,0.921875,667748
539,227.821,0.921875,686838
540,227.732,0.921296,677360
541,227.559,0.922454,681297
542,227.559,0.922454,652701
543,227.559,0.922454,655711
544,227.312,0.921296,652198
545,226.864,0.921296,664239
546,226.718,0.92419,660730
547,226.633,0.923032,657216
548,226.633,0.923032,659244
549,226.633,0.923032,654206
550,226.633,0.923032,650332
551,226.437,0.921875,651696
552,226.437,0.921875,671264
553,226.437,0.921875,674274
554,226.239,0.921296,672770
555,225.591,0.920718,661252
556,225.158,0.921296,665772
557,225.158,0.921296,656712
558,225.158,0.921296,662761
559,225.158,0.921296,652703
560,224.999,0.920718,657714
561,224.997,0.91956,657218
562,224.829,0.921296,662733
563,224.792,0.920718,661757
564,224.792,0.920718,657777
565,224.376,0.920718,656214
566,224.026,0.921296,657716
567,223.881,0.920139,669257
568,223.545,0.924769,670260
569,223.341,0.92419,657720
570,223.341,0.92419,672950
571,222.758,0.927083,655734
572,222.758,0.927083,672842
573,221.351,0.927083,657720
574,221.351,0.927083,655233
575,220.377,0.925347,658221
576,220.201,0.929398,665819
577,220.132,0.928241,663235
578,220.132,0.928241,656714
579,219.507,0.925926,656053
580,219.253,0.929398,653234
581,219.253,0.929398,671765
582,219.253,0.929398,659224
583,219.253,0.929398,660727
584,219.253,0.929398,657785
585,218.928,0.925347,655308
586,218.823,0.925926,657217
587,218.719,0.925926,654731
588,216.495,0.929977,656714
589,216.495,0.929977,669781
590,216.495,0.929977,662733
591,216.495,0.929977,664741
592,216.495,0.929977,665297
593,216.495,0.929977,671766
594,216.495,0.929977,655710
595,216.495,0.929977,669324
596,214.93,0.929398,662233
597,214.93,0.929398,660226
598,213.347,0.928819,659224
599,213.347,0.928819,660251
600,213.347,0.928819,676784
601,213.347,0.928819,650696
602,213.347,0.928819,660227
603,213.347,0.928819,657737
604,212.811,0.927662,655744
605,212.71,0.928819,670785
606,212.643,0.927662,662233
607,212.643,0.927662,656304
608,212.643,0.927662,659247
609,212.602,0.929398,658219
610,212.399,0.930556,651252
611,211.71,0.928819,652722
612,211.561,0.931134,656739
613,211.367,0.931134,651692
614,211.367,0.931134,649764
615,211.367,0.931134,661732
616,209.784,0.929977,655706
617,209.784,0.929977,670784
618,209.784,0.929977,678358
619,209.784,0.929977,660728
620,209.784,0.929977,661327
621,209.784,0.929977,650367
622,209.717,0.929977,660730
623,208.811,0.932292,658721
624,208.811,0.932292,651697
625,208.811,0.932292,651258
626,208.592,0.935185,652701
627,207.675,0.933449,670280
628,207.274,0.931134,660775
629,207.005,0.934028,663779
630,205.949,0.927083,654852
631,205.369,0.930556,657216
632,205.369,0.930556,650696
633,205.369,0.930556,650724
634,204.307,0.932292,651694
635,204.307,0.932292,656212
636,203.636,0.93287,662256
637,203.359,0.933449,656239
638,201.661,0.929977,657768
639,201.661,0.929977,674776
640,201.659,0.936921,655710
641,201.659,0.936921,669547
642,201.659,0.936921,661232
643,201.434,0.935185,652697
644,201.434,0.935185,669280
645,201.434,0.935185,655762
646,200.88,0.935185,656715
647,200.88,0.935185,667250
648,200.834,0.935185,661731
649,200.834,0.935185,653704
650,199.061,0.936921,666247
651,199.061,0.936921,659819
652,199.061,0.936921,650193
653,199.061,0.936921,657718
654,199.061,0.936921,653836
655,199.061,0.936921,656715
656,199.061,0.936921,659724
657,199.061,0.936921,654207
658,199.061,0.936921,654205
659,199.061,0.936921,653469
660,198.848,0.9375,657714
661,198.769,0.936921,655232
662,197.576,0.936921,670262
663,197.576,0.936921,660730
664,197.576,0.936921,656713
665,197.576,0.936921,660226
666,197.254,0.935764,651194
667,197.176,0.934606,659223
668,197.176,0.934606,654708
669,195.489,0.938079,653202
670,195.489,0.938079,660226
671,195.489,0.938079,655711
672,195.403,0.9375,658263
673,195.403,0.9375,658244
674,195.252,0.938079,655730
675,195.252,0.938079,657217
676,195.252,0.938079,662004
677,195.252,0.938079,656787
678,194.855,0.936343,665800
679,194.068,0.936921,651695
680,193.007,0.941551,686817
681,192.87,0.940972,672156
682,192.87,0.940972,667248
683,191.492,0.939236,665775
684,190.634,0.940972,653725
685,190.634,0.940972,702368
686,190.634,0.940972,674274
687,190.634,0.940972,680862
688,190.634,0.940972,667753
689,190.285,0.939815,663720
690,189.551,0.940394,663238
691,189.551,0.940394,669837
692,189.551,0.940394,678286
693,189.551,0.940394,672771
694,189.4,0.942708,732954
695,189.1,0.940394,678789
696,189.1,0.940394,662233
697,188.575,0.943287,665840
698,188.575,0.943287,651700
699,187.792,0.942708,656238
700,187.714,0.939236,658221
701,187.714,0.939236,652201
702,187.714,0.939236,653202
703,187.324,0.940394,706884
704,187.324,0.940394,681802
705,187.238,0.939236,672380
706,187.238,0.939236,691330
707,186.592,0.943866,651697
708,185.859,0.94213,666766
709,185.859,0.94213,657720
710,185.852,0.945023,691393
711,185.831,0.949074,681847
712,185.472,0.945023,762067
713,185.365,0.943866,681799
714,185.365,0.943866,665745
715,185.365,0.943866,717922
716,185.365,0.943866,672809
717,185.365,0.943866,665011
718,184.152,0.945023,656213
719,183.852,0.944444,659250
720,183.424,0.942708,659747
721,183.424,0.942708,653203
722,183.424,0.942708,654670
723,183.424,0.942708,658222
724,183.424,0.942708,669758
725,183.196,0.943866,674298
726,183.196,0.943866,653499
727,183.196,0.943866,659777
728,183.036,0.946181,653202
729,183.036,0.946181,666299
730,183.036,0.946181,660728
731,182.245,0.943866,666750
732,182.245,0.943866,661231
733,181.704,0.946181,652226
734,181.694,0.948495,676303
735,181.694,0.948495,665267
736,181.297,0.946181,658723
737,181.269,0.945602,650693
738,181.117,0.946759,665241
739,181.117,0.946759,670764
740,180.327,0.950231,656853
741,180.327,0.950231,674304
742,180.308,0.947917,660728
743,180.308,0.947917,651304
744,180.013,0.949074,667777
745,180.013,0.949074,671079
746,180.013,0.949074,668253
747,179.951,0.949653,668422
748,179.951,0.949653,673299
749,179.292,0.949653,681800
750,178.728,0.947338,680847
751,178.268,0.946759,664278
752,178.268,0.946759,662759
753,178.268,0.946759,668841
754,178.268,0.946759,676838
755,178.213,0.948495,667752
756,178.143,0.947917,682303
757,178.143,0.947917,679839
758,177.895,0.950231,667752
759,177.895,0.950231,658220
760,177.895,0.950231,668255
761,177.895,0.950231,658243
762,177.44,0.951389,670789
763,177.44,0.951389,667268
764,177.031,0.951389,667274
765,177.031,0.951389,666305
766,176.81,0.951968,668254
767,176.81,0.951968,675298
768,176.3,0.949074,680320
769,176.043,0.947338,674869
770,176.043,0.947338,686816
771,176.043,0.947338,658743
772,175.869,0.949074,659226
773,175.729,0.950231,666746
774,175.295,0.953125,654206
775,175.295,0.953125,654208
776,175.288,0.950231,652239
777,174.612,0.950231,656214
778,174.612,0.950231,652735
779,174.612,0.950231,657294
780,174.34,0.95081,651697
781,174.34,0.95081,656214
782,174.292,0.95081,660854
783,174.043,0.951389,669259
784,173.98,0.951389,662884
785,173.98,0.951389,657718
786,173.686,0.953125,661538
787,173.122,0.953125,666749
788,172.394,0.954282,664239
789,172.394,0.954282,659724
790,172.29,0.95544,661732
791,172.29,0.95544,676782
792,171.775,0.957755,671766
793,171.457,0.956597,660728
794,171.019,0.954282,657216
795,170.445,0.958333,666244
796,170.445,0.958333,671263
797,170.184,0.960648,678290
798,170.184,0.960648,665244
799,170.181,0.95544,659266
800,170.181,0.95544,658216
801,169.921,0.958912,666750
802,169.088,0.958333,665242
803,169.088,0.958333,677504
804,168.967,0.957176,663740
805,168.967,0.957176,663236
806,168.967,0.957176,662736
807,168.967,0.957176,659723
808,168.73,0.958333,676780
809,168.635,0.959491,666249
810,168.503,0.961806,659225
811,168.459,0.959491,692334
812,168.459,0.959491,657720
813,168.459,0.959491,660364
814,167.984,0.958333,673771
815,167.513,0.958333,673345
816,167.358,0.957755,657941
817,167.358,0.957755,658720
818,167.149,0.958912,660728
819,167.149,0.958912,665297
820,167.149,0.958912,657719
821,167.149,0.958912,651214
822,167.149,0.958912,666806
823,167.149,0.958912,658748
824,167.149,0.958912,651698
825,167.149,0.958912,668885
826,167.149,0.958912,675277
827,166.671,0.95544,663234
828,165.867,0.954861,678926
829,165.867,0.954861,659264
830,165.789,0.956597,718421
831,165.789,0.956597,662234
832,165.74,0.959491,674275
833,165.74,0.959491,675329
834,165.74,0.959491,675779
835,165.74,0.959491,665356
836,165.697,0.961227,657741
837,165.697,0.961227,661372
838,165.46,0.960648,664743
839,165.46,0.960648,656213
840,165.46,0.960648,670800
841,165.418,0.959491,662733
842,165.418,0.959491,652752
843,165.314,0.960648,659289
844,165.314,0.960648,653290
845,164.791,0.958333,659210
846,164.791,0.958333,655231
847,164.571,0.960069,661231
848,164.282,0.958912,668755
849,164.166,0.960648,660229
850,164.166,0.960648,654709
851,164.166,0.960648,653201
852,164.166,0.960648,657718
853,164.144,0.962384,670762
854,163.761,0.96412,659725
855,163.548,0.963542,656713
856,163.488,0.962963,667250
857,162.794,0.964699,700359
858,162.794,0.964699,676806
859,162.794,0.964699,662233
860,162.794,0.964699,677784
861,162.614,0.965856,666777
862,162.614,0.965856,654297
863,162.157,0.965278,662230
864,162.157,0.965278,660007
865,162.045,0.966435,655711
866,161.775,0.965856,674776
867,161.447,0.965278,657748
868,161.447,0.965278,669284
869,161.447,0.965278,664243
870,161.352,0.96412,667776
871,160.841,0.964699,653703
872,160.841,0.964699,657217
873,160.841,0.964699,651196
874,160.841,0.964699,649754
875,160.841,0.964699,659444
876,160.841,0.964699,651744
877,160.841,0.964699,662272
878,160.841,0.964699,665244
879,160.841,0.964699,657216
880,160.706,0.962963,654207
881,160.706,0.962963,656213
882,160.618,0.963542,652272
883,160.591,0.965278,656712
884,160.591,0.965278,661731
885,160.553,0.966435,662733
886,160.44,0.966435,663238
887,160.44,0.966435,660165
888,159.883,0.964699,668806
889,159.883,0.964699,662288
890,159.511,0.96412,656713
891,159.247,0.965856,660226
892,158.974,0.965856,659252
893,158.974,0.965856,662757
894,158.964,0.967014,655711
895,158.964,0.967014,661257
896,158.85,0.966435,665744
897,158.375,0.962384,659725
898,158.375,0.962384,651196
899,158.215,0.962384,660226
900,158.215,0.962384,657718
901,157.915,0.96412,671264
902,157.915,0.96412,660227
903,157.453,0.965856,659247
904,157.404,0.966435,655707
905,157.404,0.966435,655212
906,157.352,0.964699,658743
907,157.251,0.96412,685309
908,157.179,0.96412,661231
909,157.069,0.965278,660224
910,156.487,0.962963,665745
911,156.343,0.964699,659779
912,156.343,0.964699,669759
913,156.228,0.968171,668253
914,156.228,0.968171,661229
915,156.164,0.96875,653203
916,156.059,0.966435,659225
917,156.011,0.962384,664238
918,156.011,0.962384,659726
919,156.011,0.962384,657213
920,156.011,0.962384,654241
921,155.879,0.964699,663237
922,155.879,0.964699,662235
923,155.879,0.964699,650696
924,155.805,0.969907,650291
925,155.805,0.969907,665743
926,155.794,0.970486,650720
927,155.762,0.967593,656244
928,155.709,0.965278,661231
929,155.709,0.965278,661253
930,155.709,0.965278,657242
931,155.679,0.967014,676281
932,155.679,0.967014,655774
933,155.679,0.967014,651285
934,155.674,0.963542,657216
935,155.674,0.963542,678815
936,155.674,0.963542,664240
937,155.674,0.963542,677282
938,155.461,0.968171,662735
939,155.461,0.968171,655230
940,154.873,0.964699,690329
941,154.651,0.964699,669255
942,154.41,0.965278,665244
943,154.41,0.965278,664241
944,154.41,0.965278,657216
945,154.41,0.965278,680796
946,154.41,0.965278,660965
947,154.333,0.967593,678789
948,154.333,0.967593,689859
949,154.256,0.967593,681299
950,154.256,0.967593,650694
951,154.108,0.96875,648687
952,153.885,0.96412,649691
953,153.858,0.965278,653705
954,153.791,0.965278,650193
955,153.484,0.965856,669259
956,153.484,0.965856,651196
957,153.484,0.965856,653701
958,153.484,0.965856,685343
959,153.484,0.965856,678789
960,153.484,0.965856,653721
961,153.222,0.967593,652201
962,153.032,0.96875,655208
963,152.608,0.967014,651697
964,152.608,0.967014,652797
965,152.066,0.969329,652701
966,151.753,0.968171,649189
967,151.753,0.968171,648687
968,151.753,0.968171,648687
969,150.671,0.969329,652701
970,150.671,0.969329,650193
971,149.893,0.970486,676784
972,149.893,0.970486,648184
973,149.395,0.969329,655208
974,149.395,0.969329,653204
975,149.312,0.971065,669757
976,149.151,0.972222,664741
977,148.899,0.969907,653704
978,148.899,0.969907,652702
979,148.899,0.969907,651697
980,148.899,0.969907,649819
981,148.144,0.970486,651196
982,147.694,0.969329,655710
983,147.694,0.969329,656214
984,147.232,0.970486,650694
985,146.592,0.971644,649225
986,146.438,0.971065,650692
987,146.042,0.972222,652201
988,145.624,0.970486,665494
989,145.624,0.970486,656210
990,144.772,0.969907,650216
991,144.772,0.969907,647742
992,144.706,0.972222,649190
993,144.706,0.972222,669256
994,144.579,0.96875,682800
995,144.579,0.96875,658220
996,144.579,0.96875,652199
997,144.421,0.97338,651698
998,144.421,0.97338,682301
999,143.88,0.969329,653706
Done! Press enter to close the program.
