Normalizing data...
Randomizing order of the data...
Creating Neural Network (21, 13, 4)
Current weights set to:
0.0381634, -0.017893, 0.0384808, -0.0336161, -0.0932493, -0.0320536, 0.0737114, -0.0202612, 0.0177648, 0.0571032, -0.0864925, 0.0170263, 0.000265511, -0.0668386, 0.0947264, 0.00494095, -0.0374432, -0.0939329, 0.0829585, 0.0604419, -0.0875607, -0.0236122, -0.095294, -0.0806757, 0.0965514, -0.0578234, 0.0518357, -0.0520615, -0.00985443, -0.0453108, 0.0394574, -0.00560625, -0.0314554, 0.0291055, 0.0986572, 0.0354472, -0.00860317, -0.0833308, -0.0147984, 0.0753777, -0.0688772, 0.0443281, -0.0144749, 0.0530259, 0.0767815, -0.0717582, -0.0987732, 0.0132969, 0.0444868, -0.032609, 0.0933348, 0.099414, 0.02584, 0.023423, -0.0324381, 0.0220069, 0.00537431, 0.0932005, -0.0181066, -0.038432, 0.0785028, 0.0800714, -0.0423933, -0.0398053, -0.098999, -0.0297159, -0.0248817, -0.0408246, 0.00148015, 0.020719, 0.0358135, -0.0615711, -0.0120762, 0.0641285, -0.0288491, -0.0857967, -0.0203284, -0.0616688, -0.0196936, 0.051207, 0.0959899, -0.0546251, 0.0775384, 0.0454207, -0.0674368, -0.0529099, 0.0305948, 0.0339335, 0.0571825, 0.00317698, 0.0713919, -0.0120945, 0.0556627, -0.0418317, -0.0398236, 0.0450179, -0.0404035, 0.0834346, 0.0845149, -0.0623707, -0.0131443, -0.01948, -0.0257851, -0.027134, 0.0263039, 0.0520981, -0.0864071, -0.0790582, -0.00213935, -0.0533311, 0.0322062, 0.0679189, -0.0807428, 0.0834407, -0.0446577, -0.0108615, 0.0106113, 0.0634571, -0.00439161, 0.0996826, 0.0682241, 0.0733451, -0.0333537, -0.0620533, 0.0386761, 0.0878719, 0.000521867, 0.0387555, 0.0246559, -0.0224219, 0.049736, -0.0478988, 0.0536302, -0.0722221, 0.0553514, 0.0638844, 0.0406354, 0.0750847, 0.062328, -0.0251503, 0.076513, -0.0322428, 0.0634144, 0.0939634, 0.072747, -0.0437666, 0.0527818, 0.00249947, 0.0942015, -0.080163, 0.0706595, 0.0450789, 0.011008, 0.0361675, -0.0797296, -0.0960753, 0.000820948, -0.000711081, -0.0617237, 0.0125462, -0.0672536, -0.00699789, 0.0999512, -0.0348613, -0.0358501, 0.025425, 0.0403912, -0.0220618, -0.0184423, -0.0688284, 0.0730522, -0.0412214, 0.0170446, 0.0473617, -0.0133213, 0.0410993, 0.0711539, 0.0696768, -0.0978942, -0.0613392, 0.0738151, 0.0947996, -0.0299539, -0.0227882, 0.0142918, -0.0446333, -0.00890835, -0.040672, -0.0283547, 0.0538194, -0.0606983, -0.0812128, 0.0767083, 0.00124821, 0.0705374, -0.079461, -0.0629749, 0.0676565, -0.00322581, -0.0372723, -0.0440352, -0.0502792, 0.00773644, -0.0631581, 0.0771172, 0.0624683, 0.0209937, -0.0976501, -0.0145787, 0.060918, 0.0418744, 0.0320658, 0.096173, -0.00185247, -0.0856563, 0.0844111, -0.036906, 0.0259194, 0.0442, -0.0411054, 0.0369488, 0.0440718, 0.0757256, -0.00888394, 0.00558794, 0.00508744, 0.00315867, -0.0566393, 0.0471114, 0.0799005, 0.0981811, -0.0527818, 0.0269814, -0.00867641, -0.0654103, -0.0455977, -0.0293558, -0.0786615, 0.0916074, -0.0480148, 0.0427534, 0.0983642, 0.0168371, 0.0983825, -0.0357463, 0.0709586, 0.0303446, 0.0362468, 0.0986755, -0.0259682, -0.0490768, -0.0613941, -0.0612476, -0.00607013, -0.074102, -0.0555712, 0.0247291, -0.0614429, -0.0542833, -0.0601062, 0.0255043, -0.0811579, 0.0245399, -0.058385, 0.0139988, 0.0478256, -0.0719169, 0.0380779, 0.0678091, -0.0365276, 0.0300027, -0.0544847, 0.0265908, 0.0816828, -0.0219764, -0.0654775, -0.0627064, -0.0144627, -0.0488876, -0.0164464, 0.01854, 0.0571886, -0.0111423, -0.0843013, 0.0753716, -0.0414777, -0.025547, -0.0251259, -0.00431227, 0.0669424, -0.0476363, -0.00230415, 0.0595691, 0.0724479, -0.037962, 0.0373638, 0.092645, 0.04232, 0.0689261, -0.00428175, -0.00498978, -0.0403851, -0.0260659, -0.0802911, 0.076635, 0.0417707, 0.0827265, -0.0813288, -0.0692312, 0.0454512, 0.015952, -0.0415815, 0.0764458, 0.0641041, 0.04185, 0.0886715, -0.0986816, 0.0242286, 0.0122654, -0.0401715, -0.0637013, -0.0132237, 0.0834956, -0.0144505, -0.00710776, 0.0598804, 0.00310373, 0.0071749, -0.0051912, 0.0291482, 0.044084, 0.0164403, 0.0349162, -0.0882199, -0.0326029, -0.00740684, 0.0888363, -0.059209, 0.0944456, 0.0102512, -0.0835871, -0.014481, 0.0704154, 0.0741691, -0.0176, -0.0852535, -2.74667e-005, 0.0372417, -0.0725883, -0.0913388, -0.0635609, 0.0579516, 0.0206336, 0.02584, 0.00575274, -0.0464827, -0.0746574, 0.0315958, -0.0535813, -0.0950011, 0.00862758, -0.00608234, -0.0532456,


Starting training using PSO on Car Evaluation Set
Press enter to start the training.

0,1000.88,0.688657,658762
1,930.622,0.708912,656214
2,926.134,0.699653,686817
3,855.118,0.720486,669786
4,855.118,0.720486,657217
5,855.118,0.720486,656785
6,855.118,0.720486,662232
7,855.118,0.720486,684309
8,821.952,0.719907,705884
9,761.875,0.722222,728960
10,761.875,0.722222,759106
11,761.875,0.722222,792172
12,761.875,0.722222,752038
13,749.718,0.720486,734478
14,741.131,0.738426,710924
15,741.131,0.738426,671766
16,741.131,0.738426,686818
17,737.812,0.73206,668807
18,737.812,0.73206,659223
19,706.585,0.750579,669760
20,706.585,0.750579,660730
21,706.585,0.750579,655235
22,706.585,0.750579,664266
23,706.585,0.750579,655208
24,706.585,0.750579,671286
25,706.585,0.750579,667775
26,706.585,0.750579,655233
27,706.585,0.750579,657217
28,706.585,0.750579,677310
29,706.585,0.750579,680794
30,703.345,0.765046,663738
31,703.345,0.765046,657219
32,678.81,0.752315,652250
33,678.81,0.752315,662764
34,678.81,0.752315,728533
35,662.176,0.764468,652717
36,662.176,0.764468,661230
37,662.176,0.764468,657287
38,662.176,0.764468,655235
39,660.846,0.760995,662234
40,645.771,0.762731,664264
41,645.771,0.762731,658237
42,645.771,0.762731,653984
43,645.771,0.762731,664240
44,645.771,0.762731,651220
45,622.029,0.779514,657265
46,599.393,0.773727,655712
47,576.311,0.787616,657217
48,576.311,0.787616,664745
49,576.311,0.787616,658721
50,576.311,0.787616,654756
51,576.311,0.787616,664742
52,576.311,0.787616,656716
53,576.311,0.787616,660249
54,570.333,0.787037,661732
55,570.333,0.787037,659755
56,570.333,0.787037,655713
57,570.333,0.787037,663237
58,570.333,0.787037,667542
59,570.333,0.787037,664240
60,570.333,0.787037,658720
61,567.809,0.792824,669256
62,564.343,0.789931,664741
63,564.343,0.789931,666247
64,564.343,0.789931,656552
65,555.052,0.784722,660274
66,555.052,0.784722,660315
67,555.052,0.784722,657850
68,555.052,0.784722,651199
69,555.052,0.784722,667248
70,555.052,0.784722,666750
71,555.052,0.784722,659252
72,540.631,0.805556,661255
73,540.631,0.805556,675277
74,539.559,0.799769,667752
75,539.559,0.799769,665745
76,539.559,0.799769,656763
77,539.559,0.799769,659225
78,539.157,0.79919,663764
79,539.157,0.79919,657717
80,529.85,0.806134,657794
81,524.181,0.793403,670762
82,524.181,0.793403,659726
83,524.181,0.793403,671264
84,524.181,0.793403,657239
85,519.612,0.802083,658721
86,515.119,0.803819,658222
87,515.119,0.803819,662233
88,515.119,0.803819,660752
89,515.119,0.803819,659723
90,515.119,0.803819,655212
91,515.119,0.803819,668755
92,515.119,0.803819,668252
93,515.119,0.803819,655208
94,515.119,0.803819,659745
95,515.119,0.803819,657216
96,515.119,0.803819,663860
97,515.119,0.803819,657241
98,514.841,0.8125,660729
99,514.341,0.803819,662277
100,514.341,0.803819,651253
101,514.341,0.803819,670762
102,514.04,0.813079,664741
103,510.455,0.811921,663237
104,510.455,0.811921,672267
105,510.455,0.811921,660227
106,506.478,0.811343,659223
107,506.478,0.811343,674274
108,506.478,0.811343,657718
109,502.334,0.8125,659746
110,502.334,0.8125,664280
111,496.886,0.814236,659723
112,496.886,0.814236,663737
113,492.268,0.815394,657320
114,489.834,0.811921,665241
115,489.834,0.811921,663772
116,480.349,0.813657,656774
117,480.349,0.813657,665245
118,474.525,0.828125,664742
119,474.525,0.828125,666750
120,469.556,0.826389,660224
121,469.556,0.826389,659775
122,465.054,0.824653,668255
123,465.054,0.824653,663420
124,465.054,0.824653,667780
125,464.48,0.824653,668253
126,462.789,0.828704,665803
127,457.117,0.82581,668323
128,455.43,0.820602,655710
129,455.43,0.820602,663237
130,454.701,0.829282,667932
131,438.159,0.82581,657216
132,431.548,0.836806,672267
133,431.548,0.836806,650725
134,431.548,0.836806,666750
135,431.548,0.836806,670259
136,431.548,0.836806,660227
137,431.548,0.836806,666247
138,431.548,0.836806,657718
139,431.548,0.836806,655712
140,431.504,0.842593,658220
141,431.504,0.842593,656736
142,430.006,0.842014,676189
143,426.977,0.840856,666247
144,426.977,0.840856,662733
145,426.977,0.840856,664241
146,426.977,0.840856,664238
147,426.232,0.842014,670281
148,425.755,0.842014,673270
149,425.642,0.840856,658723
150,425.642,0.840856,657719
151,425.642,0.840856,666307
152,424.151,0.842593,662259
153,423.095,0.840856,665466
154,423.095,0.840856,655712
155,421.972,0.842014,662382
156,416.8,0.842014,662783
157,416.8,0.842014,658720
158,416.112,0.83912,663238
159,415.384,0.843171,659223
160,415.384,0.843171,655920
161,415.384,0.843171,660224
162,413.841,0.844329,658721
163,413.841,0.844329,655711
164,413.841,0.844329,670261
165,413.841,0.844329,650695
166,413.25,0.844329,662735
167,406.659,0.849537,665030
168,406.659,0.849537,658220
169,406.659,0.849537,665747
170,404.754,0.847801,665241
171,402.629,0.844907,658245
172,400.951,0.846644,712401
173,397.434,0.846644,655734
174,397.434,0.846644,660225
175,393.109,0.851852,659225
176,393.109,0.851852,657214
177,393.109,0.851852,665745
178,389.862,0.854745,658744
179,389.862,0.854745,659223
180,388.683,0.854167,658722
181,388.522,0.857639,668389
182,388.522,0.857639,657216
183,388.522,0.857639,656212
184,388.522,0.857639,665245
185,387.09,0.855903,655232
186,387.09,0.855903,661733
187,387.09,0.855903,656211
188,387.09,0.855903,657216
189,387.09,0.855903,653703
190,386.232,0.855903,659723
191,386.121,0.859375,669258
192,384.152,0.86169,667785
193,384.152,0.86169,661730
194,382.418,0.858796,659752
195,382.418,0.858796,657293
196,380.87,0.857639,664742
197,379.317,0.860532,673772
198,379.242,0.859375,668274
199,377.883,0.86169,670258
200,377.765,0.864583,676303
201,377.285,0.862269,664798
202,377.285,0.862269,662235
203,376.567,0.860532,661768
204,374.416,0.862269,660251
205,374.352,0.862847,663355
206,373.674,0.866898,665769
207,371.086,0.864583,666748
208,371.086,0.864583,659247
209,370.107,0.864005,659257
210,370.107,0.864005,663265
211,368.368,0.863426,657718
212,368.368,0.863426,655771
213,367.696,0.864583,670262
214,367.454,0.866319,664240
215,365.77,0.868634,657217
216,365.561,0.870949,663238
217,365.561,0.870949,658745
218,365.561,0.870949,655209
219,363.85,0.871528,652701
220,363.85,0.871528,657719
221,363.85,0.871528,665380
222,363.559,0.87037,658243
223,363.428,0.868056,657757
224,363.428,0.868056,660729
225,363.059,0.868056,669805
226,363.059,0.868056,652825
227,360.759,0.870949,661992
228,360.671,0.873264,662259
229,360.594,0.872106,653203
230,360.501,0.87037,671265
231,360.501,0.87037,671766
232,360.501,0.87037,661230
233,359.135,0.869213,659223
234,359.135,0.869213,658219
235,354.894,0.869792,668304
236,354.894,0.869792,652199
237,354.894,0.869792,660728
238,354.894,0.869792,651262
239,354.894,0.869792,668253
240,354.894,0.869792,658220
241,354.894,0.869792,659248
242,354.894,0.869792,661254
243,354.651,0.871528,657215
244,354.651,0.871528,657216
245,354.187,0.871528,659223
246,350.575,0.868634,657718
247,350.575,0.868634,654731
248,350.575,0.868634,664265
249,350.575,0.868634,656235
250,350.575,0.868634,664241
251,350.575,0.868634,666246
252,348.572,0.87037,662732
253,348.468,0.869792,652915
254,348.468,0.869792,656714
255,348.468,0.869792,650694
256,348.468,0.869792,667250
257,348.468,0.869792,658746
258,347.954,0.869792,655710
259,347.42,0.871528,665258
260,345.175,0.873843,669257
261,345.175,0.873843,653704
262,345.175,0.873843,654708
263,345.175,0.873843,655711
264,345.175,0.873843,668522
265,345.175,0.873843,666413
266,342.256,0.87037,655709
267,342.256,0.87037,671765
268,341.642,0.870949,666750
269,341.558,0.873264,667782
270,341.171,0.874421,677309
271,340.298,0.872685,667251
272,340.241,0.872685,657292
273,340.241,0.872685,659407
274,340.187,0.873843,676282
275,340.187,0.873843,665266
276,339.619,0.875,663738
277,339.619,0.875,657717
278,339.619,0.875,655713
279,339.078,0.876157,664740
280,338.946,0.877315,654329
281,338.946,0.877315,657342
282,338.946,0.877315,654707
283,338.329,0.876736,656213
284,338.329,0.876736,661378
285,337.939,0.876157,667253
286,337.939,0.876157,662734
287,337.939,0.876157,651742
288,337.939,0.876157,659725
289,337.939,0.876157,660728
290,337.268,0.874421,651740
291,337.268,0.874421,656211
292,337.268,0.874421,654709
293,337.212,0.873264,670299
294,336.417,0.877315,671765
295,336.417,0.877315,670875
296,336.048,0.877315,656258
297,335.885,0.875579,660727
298,335.885,0.875579,670285
299,334.598,0.876736,666269
300,334.598,0.876736,654229
301,334.598,0.876736,668756
302,334.587,0.876157,657718
303,334.587,0.876157,659723
304,334.502,0.875,657718
305,334.179,0.875,658722
306,334.145,0.875579,666751
307,333.695,0.876157,656714
308,333.518,0.879051,656715
309,333.518,0.879051,657716
310,333.359,0.879051,662254
311,333.359,0.879051,654208
312,333.359,0.879051,658251
313,333.348,0.878472,653706
314,333.348,0.878472,663236
315,333.348,0.878472,662265
316,333.132,0.876157,657720
317,333.132,0.876157,661735
318,333.132,0.876157,659223
319,331.564,0.876157,660728
320,331.564,0.876157,661732
321,331.564,0.876157,658246
322,331.564,0.876157,675853
323,331.432,0.877315,672269
324,329.752,0.876157,665286
325,329.358,0.877315,663739
326,328.997,0.87963,665551
327,328.997,0.87963,662258
328,328.216,0.87963,673770
329,327.272,0.87963,669282
330,326.803,0.876736,658721
331,326.803,0.876736,669276
332,326.803,0.876736,666748
333,326.56,0.879051,660254
334,326.504,0.878472,668252
335,326.385,0.881366,658220
336,325.703,0.881366,676782
337,325.703,0.881366,653203
338,325.703,0.881366,653201
339,325.703,0.881366,665243
340,325.703,0.881366,655711
341,325.304,0.87963,665769
342,325.304,0.87963,660252
343,324.717,0.878472,662233
344,324.717,0.878472,668299
345,324.711,0.881944,653704
346,322.952,0.87963,663738
347,322.869,0.881944,669760
348,322.869,0.881944,671765
349,321.358,0.884259,664742
350,321.358,0.884259,674931
351,321.358,0.884259,672796
352,320.218,0.884838,658721
353,319.616,0.881366,654796
354,319.068,0.884838,674774
355,318.569,0.884259,667775
356,318.569,0.884259,669759
357,317.814,0.885417,671764
358,317.814,0.885417,662233
359,317.814,0.885417,658191
360,317.814,0.885417,675279
361,317.732,0.884259,672264
362,317.211,0.885995,670262
363,316.419,0.887153,664288
364,316.072,0.886574,675863
365,314.687,0.885417,665243
366,314.591,0.884838,662235
367,314.591,0.884838,664283
368,313.879,0.885995,660729
369,310.801,0.890046,666246
370,310.801,0.890046,658265
371,310.801,0.890046,667815
372,310.218,0.888889,663383
373,308.574,0.88831,668254
374,308.055,0.888889,663737
375,308.055,0.888889,671298
376,307.582,0.890625,661755
377,307.582,0.890625,669257
378,307.405,0.889468,664762
379,307.135,0.890625,661243
380,306.839,0.891782,660728
381,305.205,0.891782,659748
382,305.205,0.891782,666748
383,305.205,0.891782,671264
384,305.205,0.891782,666748
385,305.205,0.891782,672768
386,305.205,0.891782,659750
387,304.651,0.894097,663255
388,304.651,0.894097,654707
389,304.651,0.894097,662736
390,304.651,0.894097,652197
391,302.626,0.894097,657238
392,301.97,0.892361,655210
393,301.97,0.892361,662232
394,301.97,0.892361,661243
395,301.97,0.892361,653704
396,301.962,0.892361,654205
397,301.177,0.890046,657719
398,301.177,0.890046,658721
399,301.03,0.891782,656715
400,300.075,0.890046,665747
401,300.075,0.890046,661231
402,300.075,0.890046,650817
403,299.235,0.891204,663763
404,299.235,0.891204,659727
405,299.027,0.891204,663737
406,299.027,0.891204,656741
407,299.002,0.890625,671261
408,299.002,0.890625,676784
409,299.002,0.890625,663236
410,298.689,0.891782,663238
411,298.689,0.891782,656242
412,298.689,0.891782,660229
413,298.579,0.891782,659724
414,298.579,0.891782,653204
415,298.251,0.891204,660227
416,298.251,0.891204,656214
417,298.251,0.891204,655713
418,297.974,0.887731,667751
419,297.768,0.889468,655711
420,296.765,0.893519,658218
421,296.765,0.893519,657720
422,296.372,0.89294,672767
423,295.396,0.890046,660728
424,295.21,0.889468,659727
425,295.21,0.889468,655710
426,295.21,0.889468,655210
427,294.2,0.892361,658198
428,294.2,0.892361,654256
429,294.102,0.892361,670261
430,294.086,0.890046,669256
431,294.086,0.890046,655211
432,293.617,0.890625,661229
433,293.617,0.890625,668756
434,293.445,0.892361,661730
435,292.423,0.894097,656336
436,292.423,0.894097,657718
437,292.2,0.894097,655237
438,292.2,0.894097,657721
439,292.2,0.894097,664740
440,291.843,0.895255,656713
441,291.841,0.896412,655713
442,291.841,0.896412,653736
443,291.003,0.896412,657234
444,291.003,0.896412,663740
445,291.003,0.896412,654848
446,290.882,0.896991,666248
447,290.882,0.896991,659585
448,290.882,0.896991,666928
449,290.882,0.896991,667612
450,290.882,0.896991,663257
451,290.844,0.898727,668757
452,290.753,0.897569,661729
453,290.592,0.899306,653706
454,290.592,0.899306,689344
455,290.592,0.899306,667752
456,290.172,0.898727,670260
457,290.172,0.898727,672795
458,290.01,0.898727,681799
459,289.939,0.895833,659036
460,289.621,0.897569,656213
461,289.621,0.897569,659223
462,289.136,0.898148,668254
463,289.107,0.898727,663737
464,288.743,0.899884,653947
465,288.743,0.899884,671261
466,288.447,0.896991,679824
467,288.447,0.896991,671766
468,288.447,0.896991,672767
469,288.447,0.896991,665745
470,288.281,0.899306,666245
471,287.697,0.901042,669257
472,287.086,0.901042,657216
473,287.011,0.902199,655711
474,286.496,0.902778,655210
475,286.222,0.903356,652141
476,286.222,0.903356,653745
477,285.961,0.903935,656715
478,285.961,0.903935,655554
479,285.729,0.904514,664261
480,285.364,0.904514,687316
481,285.364,0.904514,665243
482,285.364,0.904514,653203
483,285.364,0.904514,661732
484,284.913,0.905093,658220
485,284.913,0.905093,659725
486,284.794,0.903935,659725
487,284.628,0.905671,661254
488,284.033,0.904514,657716
489,284.033,0.904514,666473
490,284.033,0.904514,658745
491,284.033,0.904514,657719
492,284.033,0.904514,666751
493,284.033,0.904514,671766
494,284.033,0.904514,663236
495,283.908,0.903935,670260
496,283.712,0.90162,657215
497,282.145,0.90162,653704
498,282.145,0.90162,658722
499,282.145,0.90162,663738
500,282.145,0.90162,662104
501,282.04,0.903356,668255
502,281.83,0.904514,668254
503,281.83,0.904514,670262
504,281.83,0.904514,662274
505,281.702,0.904514,662232
506,281.155,0.902778,664741
507,281.155,0.902778,662845
508,281.155,0.902778,662736
509,281.155,0.902778,670261
510,281.066,0.903935,665861
511,280.897,0.903935,652249
512,280.637,0.904514,672768
513,280.637,0.904514,674776
514,280.276,0.903356,672785
515,280.07,0.904514,661228
516,279.9,0.904514,662735
517,279.756,0.903935,669757
518,279.702,0.902199,670261
519,279.629,0.903935,670258
520,279.554,0.905671,663258
521,279.503,0.903935,663233
522,279.147,0.904514,662281
523,279.147,0.904514,662258
524,279.147,0.904514,668755
525,278.966,0.904514,669256
526,278.966,0.904514,669758
527,278.74,0.90625,703913
528,278.667,0.905671,676806
529,278.667,0.905671,668785
530,278.667,0.905671,667293
531,278.647,0.903356,670261
532,278.647,0.903356,667250
533,278.476,0.904514,679291
534,278.187,0.905093,656213
535,277.872,0.905093,660728
536,277.872,0.905093,659725
537,277.707,0.905671,659223
538,277.321,0.905671,665763
539,277.321,0.905671,667894
540,277.321,0.905671,659723
541,277.196,0.90625,658219
542,277.196,0.90625,672267
543,277.196,0.90625,658219
544,277.196,0.90625,669782
545,277.077,0.907407,659251
546,277.077,0.907407,657717
547,276.963,0.905093,663263
548,276.963,0.905093,659223
549,276.531,0.905671,664742
550,276.066,0.905093,660728
551,275.918,0.90625,662231
552,275.61,0.903935,670787
553,275.61,0.903935,666307
554,275.573,0.904514,664240
555,275.441,0.905093,666748
556,275.352,0.903356,668757
557,275.146,0.90625,678285
558,275.146,0.90625,667250
559,275.104,0.903935,654225
560,275.104,0.903935,669941
561,274.795,0.903356,662809
562,274.724,0.903935,669257
563,274.724,0.903935,657745
564,274.624,0.90162,664744
565,274.624,0.90162,659773
566,274.624,0.90162,658768
567,273.108,0.905093,653704
568,273.108,0.905093,658058
569,273.108,0.905093,654742
570,273.108,0.905093,667751
571,272.711,0.905671,673270
572,272.711,0.905671,651194
573,272.711,0.905671,660227
574,272.708,0.906829,663402
575,271.643,0.907407,658721
576,271.643,0.907407,657241
577,271.643,0.907407,658220
578,271.191,0.907986,659248
579,271.191,0.907986,664240
580,271.191,0.907986,669253
581,271.191,0.907986,669311
582,271.191,0.907986,672769
583,271.191,0.907986,670260
584,269.99,0.907986,655278
585,269.99,0.907986,664240
586,269.99,0.907986,664238
587,269.99,0.907986,662735
588,269.627,0.909722,656740
589,268.435,0.907407,669757
590,268.435,0.907407,658721
591,268.435,0.907407,661230
592,268.435,0.907407,659243
593,268.346,0.909144,663769
594,268.346,0.909144,659248
595,268.326,0.90625,658722
596,268.326,0.90625,652742
597,268.052,0.907986,658824
598,268.052,0.907986,654205
599,268.052,0.907986,660786
600,268.052,0.907986,658245
601,268.052,0.907986,658724
602,267.747,0.90625,666266
603,267.747,0.90625,668830
604,267.291,0.907407,664741
605,266.655,0.908565,657718
606,266.655,0.908565,658744
607,266.655,0.908565,658289
608,266.32,0.908565,659727
609,265.802,0.907407,670864
610,265.6,0.907986,655389
611,265.156,0.907986,662756
612,265.009,0.907986,662735
613,265.009,0.907986,662735
614,264.943,0.909722,661733
615,264.763,0.909722,662231
616,264.763,0.909722,667272
617,264.679,0.909722,660775
618,264.679,0.909722,673311
619,264.679,0.909722,654854
620,264.603,0.910301,662735
621,264.603,0.910301,671263
622,264.368,0.907986,660758
623,264.368,0.907986,665744
624,264.368,0.907986,672265
625,264.047,0.909722,654731
626,264.047,0.909722,654232
627,263.854,0.910301,663789
628,263.854,0.910301,663738
629,263.854,0.910301,665744
630,263.854,0.910301,669549
631,263.854,0.910301,660730
632,263.854,0.910301,661229
633,263.854,0.910301,662256
634,263.801,0.907986,658270
635,263.692,0.908565,664239
636,263.692,0.908565,658721
637,263.574,0.909144,657718
638,263.485,0.909722,658721
639,263.46,0.909144,670260
640,263.316,0.91088,664335
641,263.21,0.910301,655711
642,263.188,0.911458,667753
643,262.789,0.909722,657345
644,262.789,0.909722,660727
645,262.789,0.909722,658721
646,262.664,0.909722,659223
647,262.664,0.909722,683305
648,262.664,0.909722,667011
649,262.664,0.909722,661733
650,262.568,0.909144,662254
651,262.509,0.909722,656213
652,262.509,0.909722,661232
653,262.509,0.909722,658722
654,262.432,0.907407,657718
655,262.432,0.907407,655210
656,262.432,0.907407,654207
657,262.205,0.909144,657217
658,262.205,0.909144,652701
659,262.205,0.909144,661731
660,262.205,0.909144,667250
661,262.205,0.909144,654249
662,262.205,0.909144,651744
663,262.205,0.909144,664238
664,262.005,0.908565,652701
665,262.005,0.908565,656024
666,262.005,0.908565,660599
667,262.005,0.908565,664241
668,261.917,0.911458,665242
669,261.757,0.910301,669258
670,261.757,0.910301,684197
671,261.48,0.91088,661731
672,261.398,0.907407,659255
673,261.398,0.907407,663260
674,261.398,0.907407,682805
675,261.398,0.907407,696850
676,261.398,0.907407,661322
677,261.398,0.907407,680818
678,261.296,0.910301,668754
679,261.296,0.910301,655712
680,261.132,0.91088,695424
681,260.959,0.910301,700362
682,260.959,0.910301,718924
683,260.959,0.910301,670744
684,260.959,0.910301,656213
685,260.757,0.91088,696947
686,260.757,0.91088,669257
687,260.757,0.91088,662235
688,260.354,0.911458,653229
689,260.354,0.911458,652701
690,260.127,0.912037,663740
691,260.127,0.912037,664741
692,260.127,0.912037,701367
693,260.085,0.911458,686401
694,260.085,0.911458,673796
695,260.085,0.911458,669758
696,259.614,0.910301,653204
697,259.614,0.910301,665766
698,259.614,0.910301,688850
699,259.614,0.910301,684367
700,259.614,0.910301,658245
701,259.59,0.910301,760065
702,259.563,0.909722,669759
703,259.563,0.909722,655711
704,259.475,0.909722,763075
705,259.475,0.909722,677284
706,259.475,0.909722,671031
707,259.409,0.910301,661230
708,259.225,0.91088,671290
709,259.223,0.910301,665745
710,259.119,0.909722,655711
711,259.119,0.909722,679755
712,259.042,0.910301,662735
713,258.979,0.91088,664242
714,258.979,0.91088,657742
715,258.783,0.91088,666095
716,258.783,0.91088,663235
717,258.697,0.91088,669311
718,258.527,0.91088,681799
719,258.522,0.91088,670762
720,258.522,0.91088,675278
721,258.398,0.91088,668280
722,258.28,0.911458,680822
723,258.17,0.911458,655209
724,258.17,0.911458,655733
725,257.968,0.912037,661733
726,257.92,0.912037,659724
727,257.92,0.912037,663737
728,257.746,0.912616,661755
729,257.746,0.912616,656832
730,257.517,0.912037,660758
731,257.453,0.912616,679290
732,257.453,0.912616,671372
733,257.453,0.912616,664081
734,257.408,0.912037,665744
735,257.321,0.912037,662903
736,256.62,0.912616,674805
737,255.68,0.912037,666247
738,255.561,0.911458,662782
739,255.549,0.912037,661274
740,255.404,0.911458,660753
741,255.404,0.911458,664809
742,255.299,0.911458,656256
743,255.144,0.911458,677846
744,254.981,0.913194,667754
745,254.981,0.913194,675299
746,254.981,0.913194,667774
747,254.981,0.913194,670764
748,254.981,0.913194,679291
749,254.981,0.913194,663763
750,254.981,0.913194,670259
751,254.981,0.913194,695873
752,254.981,0.913194,660746
753,254.925,0.912037,670260
754,254.925,0.912037,661288
755,254.925,0.912037,666811
756,254.923,0.912037,663738
757,254.923,0.912037,663335
758,254.923,0.912037,668254
759,254.923,0.912037,653225
760,254.84,0.912616,668251
761,254.825,0.912037,662737
762,254.649,0.912037,666747
763,254.649,0.912037,676281
764,254.649,0.912037,669761
765,254.649,0.912037,668795
766,254.649,0.912037,665278
767,254.649,0.912037,661732
768,254.649,0.912037,659323
769,254.578,0.911458,665240
770,254.578,0.911458,662736
771,254.578,0.911458,661858
772,254.449,0.911458,665286
773,254.449,0.911458,670872
774,254.449,0.911458,670763
775,254.449,0.911458,672575
776,254.301,0.911458,660226
777,254.301,0.911458,654206
778,254.275,0.911458,656712
779,254.275,0.911458,660226
780,254.211,0.913194,658719
781,254.211,0.913194,661231
782,254.211,0.913194,666245
783,254.211,0.913194,659222
784,254.166,0.912037,678288
785,254.166,0.912037,691834
786,254.166,0.912037,669761
787,254.166,0.912037,673773
788,254.099,0.913194,667290
789,254.099,0.913194,658720
790,254.099,0.913194,658221
791,254.099,0.913194,663959
792,254.08,0.912616,677783
793,254.066,0.912616,661732
794,254.066,0.912616,666249
795,254.066,0.912616,666748
796,254.051,0.913194,664236
797,254.037,0.913194,673772
798,254.037,0.913194,665244
799,254.037,0.913194,654710
800,254.032,0.913194,661732
801,254.027,0.912616,675918
802,254.019,0.913194,666247
803,254.019,0.913194,666244
804,253.891,0.912037,662336
805,253.891,0.912037,656411
806,253.826,0.911458,666247
807,253.826,0.911458,658750
808,253.786,0.912037,671291
809,253.708,0.911458,660227
810,253.708,0.911458,656787
811,253.708,0.911458,659724
812,253.698,0.91088,659752
813,253.535,0.91088,668254
814,253.513,0.91088,662362
815,253.487,0.911458,660229
816,253.487,0.911458,671384
817,253.439,0.91088,663281
818,253.439,0.91088,724442
819,253.414,0.911458,673271
820,253.402,0.912037,652200
821,253.349,0.912037,656768
822,253.349,0.912037,668757
823,253.347,0.912037,670764
824,253.22,0.912037,661793
825,253.22,0.912037,675278
826,253.168,0.912037,659868
827,253.168,0.912037,663737
828,253.144,0.912616,665744
829,253.144,0.912616,666287
830,253.144,0.912616,663287
831,253.092,0.912616,676783
832,253.092,0.912616,668254
833,253.021,0.911458,656301
834,252.876,0.913194,657726
835,252.78,0.912037,652200
836,252.78,0.912037,660227
837,252.78,0.912037,675780
838,252.778,0.912037,660729
839,252.73,0.913194,660727
840,252.709,0.913194,661230
841,252.64,0.913773,656213
842,252.596,0.912616,662234
843,252.596,0.912616,674272
844,252.559,0.913773,669258
845,252.476,0.912037,668277
846,252.476,0.912037,666271
847,252.374,0.914352,668579
848,252.374,0.914352,666245
849,252.374,0.914352,663238
850,252.374,0.914352,657809
851,252.32,0.913194,666748
852,252.26,0.912616,664241
853,252.26,0.912616,676059
854,252.26,0.912616,653203
855,252.213,0.912616,668783
856,252.213,0.912616,659251
857,252.213,0.912616,656715
858,252.213,0.912616,669257
859,252.213,0.912616,662758
860,252.202,0.913773,666246
861,252.195,0.913773,658721
862,252.195,0.913773,655711
863,252.13,0.914352,650809
864,252.055,0.914352,654926
865,252.055,0.914352,669757
866,252.055,0.914352,664781
867,252.055,0.914352,660730
868,251.825,0.913194,667752
869,251.799,0.914352,657215
870,251.695,0.913773,666748
871,251.681,0.913773,664312
872,251.681,0.913773,666247
873,251.681,0.913773,661731
874,251.455,0.914931,662737
875,251.402,0.913773,655711
876,251.402,0.913773,653175
877,251.35,0.913773,660799
878,251.35,0.913773,665743
879,251.247,0.914352,659223
880,251.247,0.914352,666249
881,251.247,0.914352,656763
882,251.139,0.913773,651697
883,250.858,0.912616,664742
884,250.754,0.912616,658747
885,250.754,0.912616,654710
886,250.43,0.913773,662734
887,250.43,0.913773,671765
888,250.361,0.913194,664742
889,250.293,0.913773,661731
890,250.293,0.913773,667751
891,250.255,0.914352,656738
892,250.129,0.912616,658723
893,250.035,0.912616,664739
894,250.035,0.912616,655231
895,250.006,0.912616,661232
896,249.917,0.912616,670762
897,249.526,0.912616,659221
898,249.526,0.912616,663739
899,249.526,0.912616,661283
900,249.44,0.914352,661229
901,249.036,0.913194,665743
902,248.88,0.913773,654709
903,248.88,0.913773,665245
904,248.88,0.913773,664240
905,248.837,0.913194,654230
906,248.654,0.912616,669258
907,247.982,0.912616,661731
908,247.28,0.912616,654746
909,247.179,0.912037,675278
910,247.179,0.912037,659726
911,246.925,0.911458,658218
912,246.802,0.911458,655809
913,246.802,0.911458,661229
914,246.081,0.912037,663262
915,246.081,0.912037,657248
916,245.952,0.911458,651193
917,245.902,0.911458,652223
918,245.657,0.911458,659725
919,245.356,0.91088,657242
920,245.356,0.91088,656779
921,245.356,0.91088,657809
922,245.136,0.911458,664740
923,245.136,0.911458,666272
924,245.029,0.909722,658724
925,245.029,0.909722,660726
926,245.029,0.909722,674274
927,245.015,0.912616,665245
928,245.015,0.912616,672269
929,244.89,0.911458,659225
930,244.628,0.910301,664241
931,244.628,0.910301,653203
932,244.431,0.911458,667750
933,244.213,0.911458,651723
934,244.213,0.911458,675300
935,244.1,0.913194,653443
936,243.516,0.912616,706384
937,243.516,0.912616,652263
938,243.516,0.912616,663237
939,243.516,0.912616,663235
940,243.516,0.912616,661731
941,243.239,0.912037,657718
942,243.12,0.912616,663236
943,243.069,0.912616,661731
944,243.069,0.912616,658221
945,243.069,0.912616,649692
946,243.019,0.912037,656213
947,243.019,0.912037,651699
948,242.891,0.913773,651197
949,242.704,0.912616,649690
950,242.704,0.912616,651195
951,242.61,0.913194,651700
952,242.558,0.913194,657746
953,242.558,0.913194,653771
954,242.558,0.913194,649190
955,242.507,0.912616,653704
956,242.507,0.912616,652199
957,242.446,0.912616,652701
958,242.435,0.914352,656213
959,242.38,0.913773,654708
960,242.249,0.914352,650694
961,242.249,0.914352,663740
962,242.087,0.913773,657716
963,242.087,0.913773,651198
964,242.087,0.913773,648184
965,242.006,0.914352,651699
966,241.762,0.915509,658220
967,241.706,0.915509,651196
968,241.706,0.915509,650821
969,241.581,0.913773,651195
970,241.581,0.913773,652701
971,241.559,0.914352,652199
972,241.511,0.912616,654207
973,241.435,0.914352,648224
974,241.435,0.914352,653704
975,241.369,0.913194,652702
976,241.201,0.913773,652928
977,241.181,0.914931,655736
978,241.181,0.914931,651219
979,241.181,0.914931,653202
980,241.173,0.914352,658217
981,241.033,0.913773,652701
982,241.033,0.913773,655713
983,241.033,0.913773,652699
984,240.995,0.913194,650694
985,240.995,0.913194,657216
986,240.619,0.912616,658721
987,240.619,0.912616,651698
988,240.537,0.911458,659726
989,240.521,0.913194,653203
990,240.495,0.912616,651196
991,240.137,0.914352,653263
992,240.015,0.912037,653411
993,239.748,0.913194,651698
994,239.748,0.913194,655208
995,239.748,0.913194,650695
996,239.469,0.914352,650193
997,239.469,0.914352,649728
998,239.199,0.914931,653292
999,238.664,0.916088,651512
Done! Press enter to close the program.
