Normalizing data...
Randomizing order of the data...
Creating Neural Network (21, 13, 4)
Current weights set to:
0.0330302, 0.0444563, -0.0840083, 0.0240333, -0.0884518, -0.0246498, 0.0211646, 0.0231788, -0.0544359, 0.0527451, 0.0291787, -0.0569994, -0.0388836, 0.0611072, 0.0988403, 0.0705008, -0.0929258, 0.0242103, 0.0475814, -0.0129429, 0.0381939, 0.0810541, 0.0487594, -0.0983947, 0.0406842, -0.0660024, 0.0121555, -0.0658864, -0.0933164, 0.050499, -0.0960753, -0.0192419, 0.0637745, 0.0994873, -0.0377667, 0.0919919, -0.0342082, 0.00389721, 0.064861, -0.00530107, 0.0512864, 0.0903867, 0.00502029, 0.0898251, 0.0757561, -0.082458, -0.068395, -0.0434431, -0.0760308, 0.0639637, -0.0898434, 0.09447, -0.091345, 0.0572008, 0.0607837, -0.0652455, 0.0617054, -0.0748589, 0.029252, 0.0519089, 0.0242286, -0.0492416, 0.0475997, 0.00694296, 0.0417341, -0.0882931, -0.0596179, -0.0463485, 0.0705679, -0.0140843, -0.0670888, 0.0388592, -0.0980285, 0.00442213, 0.0176733, -0.0718436, -0.0900266, 0.0327921, -0.0647816, 0.0882626, -0.07069, -0.0377972, -0.0742302, -0.0427778, 0.0697317, 0.0916318, -0.0922727, 0.0338359, -0.0271584, -0.0177404, 0.039433, 0.0173925, -0.0821772, -0.0345744, -0.0796503, 0.0290994, 0.0821833, -0.014713, -0.0119968, 0.0463729, -0.0361858, -0.0424177, -0.0332255, -0.0187109, 0.0707389, -0.0744194, -0.0750053, -0.0655751, 0.0845515, -0.00541093, -0.0035432, 0.0553148, 0.00400708, -0.0737907, -0.0774041, -0.0591968, 0.0749626, -0.0263527, 0.0716849, 0.00259713, 0.0128147, 0.0391949, 0.0911863, -0.0648915, -0.0761406, -0.0646535, 0.0495773, -0.0849666, 0.0316568, 0.0306131, 0.0238868, 0.0637501, 0.0147313, 0.0613392, -0.0108493, 0.0038789, 0.061919, -0.00918912, -0.0338908, 0.0412946, 0.0514634, 0.0969298, 0.0833369, 0.00365307, -0.0397931, -0.0304788, -0.0899472, 0.0669424, -0.0908383, -0.00119327, -0.0840266, 0.00104678, -0.0483993, 0.0360271, 0.014243, -0.0341472, 0.00996429, 0.0076632, 0.0439192, 0.0888363, 0.0679434, -0.0356609, -0.051915, -0.0443648, 0.0237526, -0.054149, -0.0960021, 0.0447676, -0.0888913, -0.0566698, -0.0386334, 0.0376751, 0.0939756, -0.0599536, 0.0451094, 0.03549, -0.0586718, -0.08811, 0.0788202, 0.0136021, -0.0115818, -0.0310892, 0.0851802, -0.0545457, 0.0904172, -0.0809015, 0.019602, -0.073339, -0.0249916, 0.035728, -0.00673544, -0.0691885, -0.099939, -0.0906308, 0.0418989, -0.071868, 0.0225623, -0.0339335, 0.096527, -0.00167547, -0.014835, -0.067394, -0.0876156, -0.0312601, -0.0734245, 0.0304605, 0.0123081, 0.00926237, 0.0220313, -0.0206336, 0.000808741, -0.0849666, -0.0399701, -0.00797449, -0.0948668, -0.0916746, 0.0617298, 0.0410077, 0.0994934, 0.0908383, 0.0491256, -0.0208411, 0.0687613, -0.0224464, -0.0316813, -0.00514847, -0.0321329, 0.043614, 0.0741142, -0.0168432, 0.0331828, -0.0848079, -0.017832, -0.0856563, 0.00201727, -0.0641041, 0.0950438, -0.0191137, -0.00330515, -0.060332, 0.00821863, 0.0042085, 0.0292093, -0.0382977, -0.0974425, 0.082458, -0.0170873, -0.081579, 0.0292642, -0.0394269, 0.0274026, -0.0121006, 0.0936827, -0.0961669, -0.0772088, -0.0781365, 0.0442305, -0.0438154, -0.0302042, 0.020658, 0.0725822, -0.0354411, 0.0616688, 0.00226753, -0.0685293, 0.0505173, -0.00561235, 0.09682, -0.0236488, -0.0896603, 0.0912961, -0.00234077, 0.0370525, 0.0249428, 0.0984375, 0.000338755, -0.0741752, -0.0392499, 0.00685141, -0.0392499, 0.0879879, 0.0428938, -0.0419416, 0.00365307, 0.00131535, -0.0181249, 0.0890194, 0.0128269, 0.0305826, -0.0649831, 0.0727409, 0.0341288, -0.0565905, -0.0160497, 0.010947, 0.0226661, -0.00632649, -0.0906796, 0.034843, 0.0654225, -0.0212256, 0.0440596, 0.0703665, -0.0895749, -0.0230689, 0.0863521, -0.0758354, -0.0660817, -0.0291055, 0.0537278, -0.0534776, -0.0234291, 0.0641285, 0.0593127, 0.0274636, -0.0198584, 0.0958983, 0.091644, -0.0176855, 0.0557665, -0.0385907, 0.0792596, 0.082989, -0.084875, 0.0432966, 0.0212683, -0.00877407, 0.0957884, 0.0606189, 0.0652394, 0.0500046, -0.0881405, -0.0582018, -0.0864742, -0.0105747, -0.0385784, 0.0275307, 0.0394574, 0.00331736, -0.0783258, 0.0100803, 0.0944334, 0.0527696, 0.0633961, -0.0848567, -0.0126011, -0.0471541, 0.0156468, -0.067449, 0.0177587, 0.0988342, 0.0122471, 0.00199896, -0.0569567, -0.0119053, -0.0489914, -0.0398358, -0.0373089, -0.00605182, 0.0972533, -0.0446028, 0.0989746, -0.0522752,


Starting training using PSO on Car Evaluation Set
Press enter to start the training.

0,911.924,0.700231,655211
1,887.658,0.696759,659686
2,887.658,0.696759,666017
3,874.286,0.692708,667317
4,860.91,0.70081,700087
5,819.054,0.695602,666321
6,819.054,0.695602,660245
7,785.793,0.689815,658724
8,785.793,0.689815,671264
9,785.793,0.689815,656213
10,763.793,0.701389,668757
11,738.741,0.699074,655711
12,738.741,0.699074,657218
13,738.741,0.699074,657217
14,734.142,0.690972,654210
15,734.142,0.690972,670765
16,725.435,0.701968,661229
17,725.435,0.701968,660228
18,725.435,0.701968,655713
19,725.435,0.701968,657215
20,673.119,0.743634,657719
21,673.119,0.743634,658241
22,673.119,0.743634,651750
23,673.119,0.743634,660226
24,656.287,0.748264,668726
25,656.287,0.748264,653203
26,603.829,0.761574,654208
27,603.829,0.761574,654208
28,603.829,0.761574,652201
29,603.829,0.761574,669758
30,603.829,0.761574,652202
31,603.829,0.761574,684307
32,581.497,0.771412,654207
33,581.497,0.771412,655713
34,581.497,0.771412,657719
35,581.497,0.771412,655211
36,577.859,0.771412,655712
37,566.388,0.777778,668783
38,529.585,0.792245,694869
39,529.585,0.792245,674300
40,529.585,0.792245,656213
41,529.585,0.792245,663235
42,529.585,0.792245,664744
43,529.585,0.792245,655208
44,529.585,0.792245,657217
45,529.585,0.792245,657851
46,525.122,0.796875,664763
47,521.185,0.795139,670261
48,503.218,0.814815,661229
49,503.218,0.814815,666247
50,503.218,0.814815,665807
51,503.218,0.814815,675330
52,503.218,0.814815,660226
53,503.218,0.814815,657720
54,503.218,0.814815,653729
55,503.218,0.814815,652704
56,503.218,0.814815,658219
57,486.81,0.820023,655237
58,486.81,0.820023,656716
59,486.81,0.820023,655210
60,486.81,0.820023,671265
61,486.81,0.820023,655710
62,486.81,0.820023,659225
63,485.878,0.82581,669859
64,485.878,0.82581,653706
65,485.878,0.82581,656214
66,485.878,0.82581,657721
67,484.013,0.833912,661734
68,484.013,0.833912,655711
69,484.013,0.833912,667279
70,482.366,0.832755,655712
71,482.366,0.832755,660731
72,482.366,0.832755,653703
73,476.818,0.822338,655213
74,476.818,0.822338,659726
75,476.556,0.833333,665748
76,476.556,0.833333,661229
77,476.556,0.833333,654708
78,461.166,0.825231,659608
79,461.166,0.825231,660225
80,461.166,0.825231,654778
81,461.166,0.825231,655210
82,461.166,0.825231,660729
83,461.166,0.825231,662236
84,453.745,0.850116,663243
85,453.745,0.850116,656714
86,453.745,0.850116,662736
87,453.745,0.850116,662235
88,449.806,0.842014,655712
89,449.806,0.842014,656216
90,449.806,0.842014,654207
91,449.806,0.842014,656213
92,449.806,0.842014,652701
93,449.806,0.842014,661229
94,449.806,0.842014,653707
95,449.806,0.842014,652200
96,449.806,0.842014,661263
97,444.924,0.846644,657794
98,444.924,0.846644,656715
99,440.679,0.84375,656716
100,440.035,0.842014,656215
101,435.707,0.846644,656213
102,435.707,0.846644,650213
103,435.707,0.846644,667250
104,434.384,0.844329,664267
105,434.384,0.844329,657718
106,421.515,0.854745,671766
107,421.515,0.854745,674776
108,416.696,0.860532,659222
109,416.696,0.860532,657719
110,416.696,0.860532,657239
111,416.696,0.860532,663758
112,410.528,0.863426,672769
113,405.978,0.867477,676280
114,405.978,0.867477,670262
115,397.604,0.870949,660728
116,397.604,0.870949,661230
117,393.996,0.865162,656216
118,393.996,0.865162,657719
119,392.79,0.864583,654225
120,392.79,0.864583,655710
121,392.79,0.864583,658723
122,389.786,0.873264,669759
123,386.604,0.866898,656715
124,381.01,0.869792,674774
125,381.01,0.869792,655711
126,373.93,0.873264,660228
127,373.93,0.873264,652700
128,370.636,0.868056,653705
129,370.44,0.871528,649211
130,370.44,0.871528,653600
131,370.44,0.871528,656715
132,370.44,0.871528,663738
133,367.721,0.874421,659725
134,367.721,0.874421,657216
135,367.464,0.870949,663237
136,366.526,0.870949,660228
137,366.526,0.870949,652199
138,366.526,0.870949,658722
139,365.331,0.869213,663741
140,364.031,0.872106,664274
141,361.66,0.880208,655240
142,359.816,0.876157,658770
143,359.816,0.876157,655738
144,359.816,0.876157,660227
145,359.816,0.876157,657719
146,359.816,0.876157,676280
147,359.816,0.876157,656715
148,359.816,0.876157,656213
149,359.464,0.884259,659224
150,358.448,0.883681,680796
151,358.109,0.880208,671916
152,358.109,0.880208,655211
153,354.584,0.881366,657717
154,353.476,0.880787,660228
155,353.476,0.880787,654204
156,353.048,0.880787,662233
157,352.773,0.881944,655209
158,352.773,0.881944,655712
159,352.773,0.881944,670762
160,352.094,0.877894,662736
161,352.094,0.877894,658267
162,351.953,0.880208,656717
163,351.445,0.881366,655713
164,351.445,0.881366,650693
165,351.445,0.881366,660730
166,350.997,0.879051,656213
167,350.997,0.879051,652699
168,350.997,0.879051,653707
169,349.456,0.881944,648969
170,349.456,0.881944,652200
171,349.456,0.881944,650193
172,349.456,0.881944,671340
173,349.456,0.881944,671306
174,347.716,0.878472,664742
175,347.716,0.878472,668273
176,347.716,0.878472,656608
177,347.716,0.878472,665242
178,347.716,0.878472,673272
179,347.716,0.878472,657215
180,347.716,0.878472,654208
181,347.513,0.883102,652198
182,347.513,0.883102,670348
183,346.296,0.886574,675352
184,344.996,0.884259,653706
185,344.751,0.883102,657617
186,344.751,0.883102,664743
187,344.751,0.883102,660226
188,344.751,0.883102,662811
189,344.255,0.885417,674274
190,344.255,0.885417,689961
191,344.255,0.885417,673269
192,344.159,0.883102,659341
193,344.159,0.883102,691945
194,343.931,0.881944,679292
195,343.931,0.881944,659225
196,343.931,0.881944,662279
197,343.05,0.883681,671900
198,342.91,0.885417,668254
199,342.386,0.880787,688693
200,341.066,0.886574,669256
201,338.275,0.887731,675278
202,337.073,0.885417,656715
203,337.073,0.885417,680818
204,336.768,0.885417,686316
205,335.158,0.88831,705882
206,335.055,0.886574,682802
207,335.055,0.886574,670783
208,334.847,0.886574,655209
209,332.667,0.883681,652200
210,332.667,0.883681,652702
211,332.108,0.880208,651698
212,332.108,0.880208,670258
213,330.266,0.880787,721935
214,330.266,0.880787,691862
215,329.202,0.886574,672793
216,329.157,0.885995,653759
217,329.157,0.885995,655208
218,328.742,0.885417,671264
219,328.015,0.884838,660227
220,327.987,0.885995,656776
221,325.713,0.887153,677283
222,325.104,0.886574,662758
223,325.104,0.886574,680796
224,324.208,0.88831,717921
225,323.575,0.885995,721055
226,323.575,0.885995,664744
227,322.011,0.887153,674777
228,322.011,0.887153,673773
229,322.011,0.887153,662698
230,322.011,0.887153,690356
231,322.011,0.887153,670260
232,321.129,0.88831,678788
233,320.253,0.885995,654743
234,320.253,0.885995,659816
235,319.455,0.885417,672833
236,318.923,0.885995,664758
237,318.068,0.887153,692838
238,318.068,0.887153,671301
239,318.068,0.887153,670971
240,318.068,0.887153,651196
241,317.866,0.884259,653705
242,317.866,0.884259,666794
243,316.881,0.885417,661733
244,316.881,0.885417,659727
245,316.881,0.885417,677785
246,316.553,0.885417,671783
247,315.717,0.885995,653227
248,315.717,0.885995,662299
249,315.717,0.885995,654707
250,315.717,0.885995,655284
251,314.562,0.887153,659724
252,314.482,0.885417,654710
253,313.819,0.885417,652198
254,313.819,0.885417,653203
255,313.819,0.885417,650193
256,313.68,0.887153,661734
257,313.68,0.887153,667749
258,312.425,0.886574,653203
259,311.643,0.885995,653704
260,311.561,0.887153,659724
261,311.561,0.887153,656807
262,311.561,0.887153,656213
263,311.379,0.885995,661732
264,311.379,0.885995,655210
265,310.938,0.887153,657218
266,309.824,0.88831,674273
267,309.824,0.88831,654228
268,309.824,0.88831,666295
269,309.824,0.88831,654265
270,309.61,0.88831,655711
271,308.214,0.886574,682300
272,308.214,0.886574,656215
273,308.214,0.886574,659748
274,308.214,0.886574,678287
275,308.214,0.886574,653203
276,308.198,0.884259,657216
277,307.548,0.885417,661254
278,307.548,0.885417,656714
279,305.868,0.887731,653204
280,305.78,0.888889,667403
281,305.279,0.890046,662232
282,304.584,0.889468,655753
283,304.247,0.890046,724947
284,302.893,0.890046,657720
285,302.495,0.891204,661065
286,300.881,0.890625,657214
287,300.347,0.888889,664743
288,300.347,0.888889,718444
289,300.347,0.888889,686341
290,300.347,0.888889,684857
291,299.533,0.892361,721432
292,299.1,0.89294,699030
293,299.1,0.89294,659247
294,299.1,0.89294,704288
295,299.1,0.89294,675781
296,297.973,0.890046,726230
297,297.886,0.891782,666748
298,297.886,0.891782,677286
299,297.387,0.894097,668254
300,297.275,0.893519,675278
301,296.803,0.891782,663762
302,296.803,0.891782,670291
303,296.803,0.891782,662233
304,296.003,0.895255,658330
305,295.518,0.89294,663740
306,295.017,0.895833,690887
307,294.963,0.898148,663741
308,294.963,0.898148,666748
309,294.858,0.895255,682801
310,294.816,0.895255,670274
311,294.265,0.894097,670896
312,294.265,0.894097,653711
313,294.265,0.894097,662235
314,294.108,0.895833,662760
315,294.108,0.895833,682802
316,293.715,0.890046,664742
317,293.715,0.890046,662769
318,293.635,0.891204,659295
319,293.33,0.894676,667752
320,292.367,0.894676,657720
321,292.367,0.894676,662733
322,292.367,0.894676,657217
323,292.207,0.897569,676809
324,292.207,0.897569,664742
325,292.207,0.897569,661603
326,291.127,0.897569,656772
327,291.127,0.897569,679792
328,291.127,0.897569,680798
329,291.124,0.896412,694877
330,291.124,0.896412,713407
331,290.789,0.895255,657742
332,290.049,0.896412,715944
333,290.049,0.896412,685311
334,290.049,0.896412,661230
335,290.049,0.896412,662282
336,289.846,0.894676,721936
337,289.706,0.89294,695642
338,289.3,0.895255,687318
339,289.3,0.895255,656213
340,288.311,0.894676,653726
341,288.311,0.894676,655711
342,288.294,0.895255,669798
343,288.256,0.895255,659224
344,288.183,0.895255,661734
345,287.5,0.896412,676784
346,287.333,0.895255,668049
347,287.178,0.894097,673270
348,286.973,0.894097,660728
349,286.973,0.894097,665245
350,286.628,0.895833,663740
351,286.628,0.895833,667754
352,286.496,0.896412,657217
353,286.496,0.896412,657234
354,286.496,0.896412,660250
355,286.446,0.895833,678873
356,286.043,0.895833,667250
357,286.043,0.895833,656213
358,285.97,0.895255,656215
359,285.917,0.896991,657217
360,285.539,0.896991,665745
361,285.539,0.896991,675279
362,285.539,0.896991,667267
363,285.079,0.896991,674300
364,285.079,0.896991,657737
365,285.032,0.896991,659724
366,285.032,0.896991,676784
367,284.766,0.895255,663738
368,284.686,0.894676,659222
369,284.154,0.895833,661257
370,284.154,0.895833,658218
371,284.154,0.895833,657717
372,284.107,0.896412,680797
373,284.053,0.895833,663741
374,283.889,0.896412,668832
375,283.752,0.896412,661230
376,282.839,0.899306,661231
377,282.423,0.897569,663755
378,282.098,0.898727,673272
379,282.014,0.898727,656214
380,282.014,0.898727,662259
381,281.729,0.896991,653205
382,281.729,0.896991,661230
383,281.729,0.896991,669758
384,281.659,0.898148,695880
385,281.659,0.898148,661540
386,281.659,0.898148,658758
387,281.659,0.898148,678288
388,281.213,0.896991,667251
389,280.87,0.898148,679791
390,280.567,0.895255,661232
391,280.567,0.895255,655256
392,280.197,0.895255,660228
393,280.197,0.895255,656744
394,280.197,0.895255,657335
395,279.513,0.896412,660227
396,279.4,0.894097,662257
397,279.069,0.896412,680852
398,278.597,0.896991,679794
399,278.542,0.896991,666395
400,278.206,0.896991,663258
401,278.206,0.896991,680826
402,277.973,0.893519,665748
403,277.973,0.893519,657718
404,277.315,0.896991,675305
405,276.944,0.896412,652202
406,276.612,0.896991,661731
407,276.612,0.896991,662235
408,276.612,0.896991,664239
409,276.612,0.896991,657216
410,276.612,0.896991,667250
411,276.612,0.896991,668803
412,274.742,0.896991,665269
413,274.742,0.896991,657719
414,274.742,0.896991,655711
415,274.605,0.897569,666795
416,274.512,0.898727,660754
417,274.104,0.898727,663740
418,274.104,0.898727,663736
419,274.051,0.899306,669259
420,273.45,0.898148,660228
421,273.45,0.898148,659224
422,273.45,0.898148,658723
423,273.45,0.898148,659726
424,272.123,0.896991,655211
425,272.123,0.896991,665746
426,272.123,0.896991,655762
427,270.696,0.899884,656715
428,270.696,0.899884,655208
429,270.696,0.899884,669758
430,270.696,0.899884,673773
431,270.619,0.899306,655212
432,270.08,0.898148,658235
433,270.08,0.898148,653705
434,269.9,0.898148,675279
435,269.23,0.90162,657718
436,268.406,0.901042,655306
437,268.326,0.901042,670295
438,267.662,0.902199,657217
439,267.662,0.902199,654709
440,267.662,0.902199,654206
441,267.662,0.902199,660225
442,267.506,0.901042,673321
443,267.506,0.901042,657719
444,267.506,0.901042,665743
445,267.482,0.901042,654710
446,267.392,0.90162,655711
447,267.392,0.90162,662233
448,267.392,0.90162,662233
449,267.392,0.90162,665764
450,266.753,0.899884,664240
451,266.37,0.901042,669257
452,266.241,0.90162,670764
453,266.241,0.90162,653294
454,266.241,0.90162,654730
455,266.241,0.90162,658724
456,266.134,0.901042,658723
457,265.828,0.900463,657242
458,265.653,0.897569,657237
459,265.653,0.897569,665745
460,265.653,0.897569,667250
461,265.653,0.897569,684307
462,264.97,0.899884,679290
463,264.97,0.899884,662735
464,264.97,0.899884,683332
465,264.97,0.899884,679291
466,264.847,0.900463,675834
467,264.847,0.900463,662230
468,264.82,0.901042,659223
469,264.82,0.901042,659724
470,264.82,0.901042,656213
471,264.679,0.899306,658723
472,264.679,0.899306,674776
473,264.679,0.899306,653705
474,264.614,0.899884,659748
475,264.614,0.899884,653205
476,264.443,0.899306,695345
477,264.315,0.898727,656213
478,264.315,0.898727,655711
479,264.218,0.899884,675277
480,264.139,0.898727,662234
481,263.784,0.900463,656715
482,263.784,0.900463,654207
483,263.778,0.902199,659223
484,263.778,0.902199,656718
485,263.674,0.901042,662780
486,263.674,0.901042,652286
487,263.664,0.902199,665243
488,263.335,0.902778,661730
489,263.129,0.903356,662736
490,263.129,0.903356,665747
491,263.013,0.902778,658245
492,263.013,0.902778,672768
493,262.935,0.903935,661273
494,262.755,0.903935,659796
495,262.755,0.903935,672767
496,262.397,0.902199,664265
497,262.265,0.905093,666980
498,262.058,0.905093,669808
499,261.809,0.903935,657771
500,261.582,0.903356,673271
501,261.297,0.901042,669258
502,261.297,0.901042,655209
503,261.297,0.901042,668254
504,260.997,0.902778,657718
505,260.566,0.90162,667774
506,260.566,0.90162,657720
507,260.566,0.90162,656714
508,260.566,0.90162,663766
509,260.545,0.901042,663234
510,260.465,0.902778,665747
511,260.266,0.900463,655231
512,260.178,0.900463,660225
513,260.178,0.900463,657217
514,260.178,0.900463,671310
515,260.101,0.902199,659753
516,260.101,0.902199,660251
517,259.945,0.902778,655713
518,259.882,0.90162,655729
519,259.858,0.902778,656716
520,259.858,0.902778,659814
521,259.496,0.903356,654227
522,259.442,0.902778,678788
523,259.442,0.902778,667312
524,258.914,0.90162,666249
525,258.914,0.90162,659241
526,258.633,0.900463,657737
527,258.633,0.900463,663236
528,257.944,0.901042,664240
529,257.733,0.900463,671767
530,257.253,0.900463,683804
531,256.972,0.898148,652701
532,256.919,0.899884,655711
533,256.919,0.899884,659727
534,256.919,0.899884,667250
535,256.683,0.899884,655746
536,256.683,0.899884,654205
537,256.312,0.901042,663785
538,256.312,0.901042,659281
539,256.118,0.900463,663737
540,256.059,0.900463,661731
541,255.655,0.90162,656213
542,255.655,0.90162,655211
543,255.654,0.902199,653205
544,255.481,0.902199,664291
545,255.481,0.902199,653202
546,255.481,0.902199,671261
547,255.412,0.90162,659532
548,255.307,0.900463,668756
549,255.227,0.899884,663264
550,255.227,0.899884,655208
551,255.113,0.899306,661230
552,254.778,0.900463,662234
553,254.778,0.900463,658217
554,254.778,0.900463,661252
555,254.124,0.90162,659223
556,254.027,0.902778,670919
557,253.92,0.901042,660228
558,253.92,0.901042,669287
559,253.352,0.903935,663636
560,253.121,0.903935,684809
561,253.121,0.903935,654709
562,253.067,0.902778,660726
563,252.953,0.905671,662217
564,252.945,0.903356,671282
565,252.945,0.903356,664827
566,252.945,0.903356,657217
567,252.761,0.903935,667305
568,252.761,0.903935,656215
569,252.582,0.902199,657783
570,252.582,0.902199,664744
571,252.582,0.902199,663506
572,252.498,0.903935,675897
573,252.498,0.903935,675278
574,252.498,0.903935,656723
575,252.498,0.903935,694342
576,252.498,0.903935,678790
577,252.498,0.903935,676282
578,252.498,0.903935,698857
579,252.498,0.903935,669258
580,252.483,0.902778,699356
581,252.471,0.904514,660727
582,252.471,0.904514,684309
583,252.09,0.905093,687840
584,251.844,0.903935,686317
585,251.844,0.903935,668758
586,251.844,0.903935,658768
587,251.844,0.903935,660764
588,251.685,0.902199,677284
589,251.685,0.902199,671263
590,251.685,0.902199,676783
591,251.371,0.902199,691833
592,251.371,0.902199,684810
593,251.371,0.902199,680798
594,251.371,0.902199,693339
595,251.371,0.902199,690847
596,251.063,0.900463,686315
597,251.063,0.900463,657217
598,251.063,0.900463,656734
599,250.933,0.904514,690352
600,250.933,0.904514,705883
601,250.933,0.904514,669256
602,250.933,0.904514,687316
603,250.933,0.904514,662234
604,250.933,0.904514,656233
605,250.933,0.904514,655773
606,250.391,0.902778,651746
607,250.391,0.902778,655715
608,250.391,0.902778,654709
609,250.244,0.901042,662736
610,249.916,0.90162,658384
611,249.916,0.90162,668753
612,249.916,0.90162,653746
613,249.916,0.90162,666247
614,249.916,0.90162,655712
615,249.916,0.90162,659726
616,249.916,0.90162,664239
617,249.916,0.90162,664241
618,249.61,0.903356,660229
619,249.61,0.903356,656213
620,249.323,0.903935,658742
621,249.323,0.903935,651196
622,248.931,0.903356,687402
623,248.931,0.903356,660226
624,248.824,0.903935,661231
625,248.655,0.903935,673069
626,248.655,0.903935,652201
627,248.409,0.903935,652726
628,247.009,0.903356,654205
629,246.881,0.904514,654206
630,246.881,0.904514,662234
631,246.881,0.904514,655208
632,246.741,0.903935,680798
633,246.741,0.903935,694394
634,246.741,0.903935,661230
635,246.58,0.903935,652259
636,246.58,0.903935,656061
637,246.423,0.904514,664263
638,246.368,0.904514,666747
639,246.351,0.904514,680839
640,246.28,0.904514,662736
641,246.28,0.904514,659744
642,246.271,0.903935,665815
643,245.99,0.904514,663740
644,245.981,0.903935,669759
645,245.968,0.905671,677378
646,245.968,0.905671,665795
647,245.941,0.904514,673322
648,245.698,0.904514,655710
649,245.451,0.903935,652763
650,245.446,0.903356,653705
651,245.25,0.903935,655752
652,245.211,0.904514,657261
653,245.211,0.904514,662737
654,244.95,0.904514,654706
655,244.396,0.90625,655233
656,243.764,0.905671,656210
657,243.764,0.905671,657218
658,243.219,0.90625,659245
659,243.219,0.90625,669759
660,243.219,0.90625,662735
661,242.857,0.905671,666749
662,242.857,0.905671,661282
663,242.857,0.905671,663237
664,242.857,0.905671,654707
665,242.329,0.904514,657219
666,242.146,0.905093,657724
667,241.854,0.905093,663738
668,241.804,0.905093,661734
669,241.675,0.905093,658058
670,241.324,0.905093,657718
671,241.324,0.905093,661732
672,240.627,0.906829,665745
673,240.395,0.905671,662233
674,239.685,0.902778,660728
675,239.685,0.902778,657719
676,239.581,0.902778,671265
677,239.581,0.902778,663738
678,238.822,0.903935,678454
679,238.822,0.903935,659725
680,238.091,0.905093,668755
681,238.091,0.905093,660726
682,238.065,0.90625,661732
683,238.065,0.90625,660730
684,238.065,0.90625,670889
685,237.784,0.905093,673269
686,237.784,0.905093,661734
687,236.873,0.905093,664239
688,236.811,0.905093,663288
689,236.811,0.905093,660227
690,236.811,0.905093,654205
691,236.776,0.907407,653704
692,236.776,0.907407,653202
693,236.619,0.907407,652702
694,236.619,0.907407,657720
695,236.57,0.907407,666247
696,236.555,0.906829,652200
697,236.555,0.906829,651700
698,236.389,0.907407,659743
699,236.389,0.907407,664741
700,236.275,0.904514,653203
701,235.899,0.905093,658744
702,235.535,0.90625,655764
703,235.535,0.90625,655866
704,235.529,0.90625,652703
705,235.344,0.905671,651294
706,235.344,0.905671,652312
707,235.152,0.905671,662232
708,234.584,0.907407,662254
709,234.584,0.907407,660773
710,234.584,0.907407,668755
711,234.584,0.907407,653752
712,234.455,0.907407,669836
713,234.455,0.907407,658724
714,234.455,0.907407,659747
715,234.413,0.90625,664241
716,234.413,0.90625,681298
717,234.413,0.90625,685311
718,234.413,0.90625,660253
719,233.952,0.907407,657719
720,233.927,0.909144,655714
721,233.588,0.907986,659224
722,233.588,0.907986,678287
723,233.227,0.908565,663262
724,233.227,0.908565,667251
725,233.227,0.908565,658889
726,233.198,0.906829,698375
727,233.043,0.908565,668803
728,233.043,0.908565,655211
729,233.043,0.908565,661757
730,232.908,0.907986,665269
731,232.871,0.907986,683804
732,232.871,0.907986,657721
733,232.871,0.907986,670511
734,232.871,0.907986,669760
735,232.783,0.908565,658220
736,232.723,0.908565,655711
737,232.624,0.907986,654733
738,232.624,0.907986,662236
739,232.598,0.907407,657217
740,232.598,0.907407,689849
741,232.488,0.907986,688345
742,232.296,0.908565,686862
743,232.296,0.908565,657717
744,232.267,0.906829,652759
745,232.267,0.906829,655043
746,232.16,0.907407,660249
747,232.16,0.907407,685312
748,231.91,0.907986,656717
749,231.91,0.907986,655710
750,231.91,0.907986,655209
751,231.801,0.907986,657493
752,231.801,0.907986,656717
753,231.801,0.907986,655208
754,231.801,0.907986,656642
755,231.801,0.907986,653006
756,231.801,0.907986,655714
757,231.661,0.908565,656715
758,231.466,0.907407,660225
759,231.466,0.907407,657216
760,231.466,0.907407,653477
761,231.466,0.907407,656213
762,231.434,0.907407,650694
763,231.302,0.907407,652726
764,231.214,0.906829,651198
765,230.906,0.90625,652701
766,230.906,0.90625,660227
767,230.906,0.90625,658745
768,230.74,0.906829,661729
769,230.74,0.906829,664241
770,230.737,0.908565,663740
771,230.617,0.907986,654761
772,230.617,0.907986,651698
773,230.617,0.907986,661252
774,230.548,0.907407,662235
775,230.548,0.907407,654261
776,230.548,0.907407,654706
777,230.411,0.907407,681799
778,230.411,0.907407,676281
779,230.411,0.907407,655713
780,230.279,0.907986,658742
781,230.279,0.907986,657219
782,230.097,0.908565,660730
783,230.073,0.907407,664740
784,229.954,0.906829,656211
785,229.954,0.906829,666777
786,229.925,0.907986,653263
787,229.925,0.907986,659223
788,229.873,0.908565,666858
789,229.838,0.907986,662236
790,229.838,0.907986,654708
791,229.838,0.908565,654299
792,229.731,0.907986,654311
793,229.731,0.907986,651253
794,229.499,0.907407,655710
795,229.499,0.907407,655241
796,229.458,0.908565,677805
797,229.458,0.908565,678445
798,229.389,0.907986,656716
799,229.389,0.907986,670263
800,229.389,0.907986,652702
801,229.389,0.907986,658016
802,229.332,0.907407,659741
803,229.089,0.907407,653235
804,229.072,0.906829,653752
805,228.945,0.907407,662233
806,228.815,0.908565,658741
807,228.815,0.908565,656215
808,228.815,0.908565,655714
809,228.815,0.908565,653719
810,228.648,0.907986,658723
811,228.648,0.907986,663237
812,228.648,0.907986,679813
813,228.648,0.907986,655712
814,228.648,0.907986,654206
815,228.362,0.909144,652199
816,228.362,0.909144,662308
817,228.328,0.908565,671814
818,228.328,0.908565,665242
819,228.328,0.908565,664266
820,228.328,0.908565,671317
821,228.006,0.907407,653704
822,227.933,0.907986,656717
823,227.877,0.908565,658720
824,227.543,0.906829,655211
825,227.102,0.90625,660227
826,226.831,0.906829,656214
827,226.831,0.906829,651741
828,226.286,0.906829,651196
829,226.286,0.906829,655675
830,226.266,0.905093,655711
831,226.127,0.905093,654271
832,226.11,0.905671,666249
833,225.777,0.906829,668780
834,225.777,0.906829,655711
835,225.777,0.906829,664742
836,225.739,0.906829,654733
837,225.739,0.906829,654709
838,225.739,0.906829,656214
839,225.685,0.907407,652703
840,225.47,0.905093,652700
841,225.47,0.905093,652727
842,225.47,0.905093,652750
843,225.4,0.906829,652224
844,225.4,0.906829,651698
845,225.379,0.906829,653706
846,225.332,0.90625,668755
847,225.332,0.90625,673772
848,225.32,0.90625,657718
849,225.32,0.90625,658724
850,225.11,0.905671,659264
851,225.103,0.905671,706383
852,224.769,0.903935,698354
853,224.565,0.903935,697735
854,224.565,0.903935,672267
855,224.502,0.903935,679290
856,224.502,0.903935,663736
857,224.481,0.903935,658724
858,224.481,0.903935,655709
859,224.481,0.903935,671264
860,224.481,0.903935,677786
861,224.198,0.903935,682323
862,224.198,0.903935,703874
863,223.993,0.905671,713334
864,223.993,0.905671,700448
865,223.993,0.905671,693338
866,223.993,0.905671,673772
867,223.993,0.905671,676416
868,223.993,0.905671,680798
869,223.916,0.904514,653203
870,223.909,0.904514,659224
871,223.909,0.904514,654206
872,223.896,0.904514,653203
873,223.81,0.904514,665747
874,223.81,0.904514,661232
875,223.782,0.904514,673268
876,223.586,0.904514,673271
877,223.552,0.905093,657239
878,223.552,0.905093,656745
879,223.552,0.905093,659309
880,223.519,0.905093,687493
881,223.475,0.903935,671789
882,223.455,0.904514,656211
883,223.455,0.904514,678381
884,223.19,0.903356,667776
885,223.133,0.902778,660225
886,223.133,0.902778,704086
887,223.133,0.902778,659726
888,222.938,0.904514,653724
889,222.798,0.903935,660274
890,222.798,0.903935,673295
891,222.576,0.903356,664894
892,222.576,0.903356,656716
893,222.576,0.903356,668254
894,222.576,0.903356,680293
895,222.576,0.903356,655713
896,222.576,0.903356,650771
897,222.378,0.904514,650990
898,222.378,0.904514,662736
899,222.378,0.904514,650695
900,222.378,0.904514,661732
901,222.345,0.90625,655236
902,222.345,0.90625,656254
903,222.182,0.904514,675277
904,222.182,0.904514,667251
905,221.931,0.90625,657214
906,221.814,0.90625,656716
907,221.776,0.905093,685814
908,221.776,0.905093,660358
909,221.555,0.905093,656215
910,221.468,0.90625,655711
911,221.352,0.907407,658218
912,221.352,0.907407,667753
913,221.352,0.907407,671810
914,221.352,0.907407,656212
915,221.352,0.907407,684809
916,221.352,0.907407,687570
917,221.352,0.907407,666247
918,221.163,0.906829,676282
919,221.088,0.907407,656214
920,221.088,0.907407,658723
921,221.088,0.907407,651226
922,221.056,0.90625,671265
923,221.056,0.90625,658220
924,220.901,0.90625,654225
925,220.901,0.90625,650194
926,220.901,0.90625,650010
927,220.796,0.907407,649189
928,220.796,0.907407,649325
929,220.741,0.906829,655211
930,220.741,0.906829,668432
931,220.731,0.908565,659224
932,220.731,0.908565,659223
933,220.731,0.908565,654709
934,220.731,0.908565,655723
935,220.529,0.907986,655673
936,220.529,0.907986,651698
937,220.529,0.907986,655274
938,220.529,0.907986,690830
939,220.488,0.907986,694861
940,220.488,0.907986,666249
941,220.456,0.909144,655635
942,220.346,0.907986,656716
943,220.315,0.908565,654207
944,220.163,0.908565,651696
945,220.163,0.908565,659224
946,220.125,0.908565,656214
947,220.125,0.908565,659725
948,220.018,0.909144,659727
949,219.988,0.909144,654706
950,219.977,0.909144,656233
951,219.977,0.909144,683804
952,219.949,0.908565,660227
953,219.946,0.908565,653706
954,219.891,0.908565,648688
955,219.781,0.908565,655210
956,219.778,0.907407,648685
957,219.732,0.907407,673773
958,219.722,0.907986,659727
959,219.722,0.907986,651725
960,219.632,0.908565,657216
961,219.596,0.908565,667248
962,219.596,0.908565,660726
963,219.596,0.908565,677586
964,219.561,0.909144,659219
965,219.561,0.909144,664241
966,219.536,0.909144,671765
967,219.455,0.908565,656212
968,219.329,0.90625,689356
969,219.247,0.907986,666360
970,219.247,0.907986,700886
971,219.247,0.907986,661256
972,219.229,0.90625,668252
973,219.229,0.90625,720567
974,219.229,0.90625,676309
975,219.218,0.907407,698403
976,219.064,0.906829,659223
977,218.945,0.907407,662257
978,218.929,0.908565,652741
979,218.817,0.908565,656215
980,218.817,0.908565,657215
981,218.77,0.907986,667250
982,218.77,0.907986,656737
983,218.683,0.907407,661251
984,218.65,0.907986,651698
985,218.548,0.907407,649693
986,218.502,0.907986,653705
987,218.501,0.909144,658220
988,218.501,0.909144,656715
989,218.325,0.909144,650243
990,218.316,0.909144,651696
991,218.131,0.909144,659225
992,218.074,0.909144,664240
993,218.074,0.909144,659223
994,218.074,0.909144,658222
995,218.013,0.909144,655209
996,217.782,0.909722,652201
997,217.782,0.909722,651383
998,217.782,0.909722,650121
999,217.782,0.909722,651397
Done! Press enter to close the program.
